543
269
-785
-196
688
154
-618
83
2253
726
-3478
-1603
1762
488
-678
68
563
423
-585
-347
672
-76
-544
-279
498
349
-423
-99
366
-4
79
-48
-39
-15
-126
88
234
-230
-243
486
54
-651
-38
612
238
-476
-375
618
540
-554
-611
664
510
-617
-592
652
589
-542
-711
597
1487
-38
-778
65
-2041
-365
1517
83
-344
178
380
128
-629
328
242
-857
165
820
-461
-795
919
353
-889
28
747
-326
-533
517
293
-684
-111
827
-138
-688
299
706
-219
-719
246
878
-523
-591
541
593
-587
-454
880
126
-873
326
2538
-310
-3952
1154
1274
-1842
564
1052
318
-828
75
1248
-790
-622
820
298
-651
115
421
-555
50
569
-156
-509
359
449
-422
-506
569
-15
-598
121
388
-307
-252
608
130
-603
-23
699
-111
-720
294
581
-566
-526
881
246
-184
229
106
-522
-930
555
113
-371
343
359
-403
-54
419
-484
-287
273
213
-298
23
167
-113
232
177
-199
-112
289
179
-617
266
485
-412
-526
639
392
-690
-228
919
-157
-941
538
595
-661
-351
725
1
-748
362
1186
472
-1178
-1364
-80
1263
-953
-1194
1919
936
-1145
-1083
1251
636
-1949
216
1661
-543
-1260
878
867
-1226
-113
1025
-238
-704
454
514
-729
-430
788
92
-800
10
981
-113
-813
141
847
-298
-815
314
576
-478
-502
750
376
-696
726
1177
-1032
-699
751
-1086
-713
1121
386
-546
-97
1226
-450
-1157
658
485
-829
-103
896
-59
-867
654
622
-669
-562
758
210
-844
19
566
-300
-429
687
265
-678
-162
918
-16
-901
336
700
-702
-735
958
470
-1109
-2
1093
108
194
576
-1478
-1461
389
1291
-605
-858
1362
267
-916
35
432
-362
-256
429
-11
-363
225
130
-379
29
474
-236
-556
612
291
-642
-154
669
-85
-525
252
516
-441
-314
710
54
-631
58
665
-337
-774
791
389
-965
331
1900
-671
-862
-861
-667
745
338
414
-643
313
874
-999
-288
593
-2
-334
97
421
-393
-122
674
-29
-447
-88
689
-71
-606
238
505
-204
-537
409
458
-339
-339
608
223
-688
-154
667
-87
-734
294
653
-465
-444
623
679
339
3
-906
-858
548
699
-1253
55
1472
-182
-1264
464
1217
-969
-847
1124
332
-1285
205
1101
-564
-804
878
326
-911
-98
906
-177
-816
498
544
-841
-309
980
162
-1072
-5
1267
-190
-1209
451
939
-733
-746
939
345
-1210
873
1558
-1121
-46
-688
-1382
613
314
103
-607
556
402
-908
406
268
-617
-25
618
67
-676
269
639
-348
-644
425
481
-519
-566
556
311
-684
-140
633
-85
-618
297
611
-528
-483
669
274
-892
-213
1203
1
-1093
563
1204
630
-718
-1424
-410
-19
509
44
-21
726
-93
-462
186
258
-407
-320
647
-12
-516
49
232
-226
-207
447
80
-636
98
678
-219
-670
67
734
-240
-598
463
789
-527
-419
706
261
-898
-53
808
-271
-637
577
480
-89
930
483
-2169
-1121
1548
555
-1231
195
1175
-483
-691
716
244
-1007
49
1027
-483
-396
442
242
-442
-73
336
-324
-139
352
-232
-344
604
204
-717
-151
873
-84
-973
495
856
-703
-669
929
303
-932
-6
777
-257
-272
418
1571
1522
-4043
-2221
2567
299
-856
279
1436
-913
-1425
1620
759
-1601
-353
1382
15
-1108
281
786
-432
-703
554
603
-891
-51
690
-75
-735
131
577
-139
-393
187
378
60
-249
-67
126
203
-211
-233
-59
528
-6
-626
144
781
-164
-493
1192
760
-1514
-1758
731
1043
-403
-232
898
-145
-388
117
124
-403
-81
360
-10
-312
118
154
159
44
-143
-335
263
357
-558
-83
620
-186
-656
367
529
-447
-202
569
-131
-566
349
273
-485
179
693
-536
-19
2235
-634
-2897
1064
687
-1005
366
405
321
-767
2
1139
-652
-467
678
28
-399
-97
408
-250
31
190
-210
-66
237
-57
-267
230
222
-348
-324
451
288
-492
-198
735
84
-596
-85
745
-260
-527
455
388
-530
-376
1171
1000
-1125
-690
181
-600
467
386
-741
65
561
101
-621
-8
549
-346
-326
451
-1
-458
174
485
-502
-316
613
97
-548
132
617
-344
-558
730
341
-857
-16
940
-226
-776
593
829
-1036
-613
1164
179
-1115
1535
1470
-3395
-1059
1940
602
-1325
-195
1908
-548
-1384
880
503
-588
-519
644
493
-649
156
413
-270
-74
346
-111
-454
448
351
-244
-362
499
132
-557
-93
630
-92
-586
237
533
-298
-505
421
368
-726
-260
859
539
-903
-130
1564
-894
-1828
1079
748
-746
16
846
-111
-810
514
379
-773
144
925
-375
-653
530
526
-559
-44
428
-258
-361
446
346
-683
-182
940
-61
-874
240
902
-394
-835
669
709
-955
-581
1099
260
-954
21
1828
248
-2563
-380
930
15
-1
-424
549
272
-568
-418
479
29
-846
-24
789
59
-843
142
837
-464
-473
521
-47
-503
332
439
-581
-360
857
164
-878
126
1000
-372
-843
763
506
-983
-155
966
-224
-948
539
783
297
318
-844
-2198
-9
1676
186
-833
283
369
-770
8
573
-255
-316
633
128
-859
358
544
-574
-428
641
164
-763
-27
855
-340
-569
243
482
-433
-319
597
209
-640
-158
693
-66
-719
111
838
-349
-695
568
514
-804
339
2449
-1280
-3244
1101
1545
-809
-1102
1653
693
-1652
-248
1480
-48
-1238
400
979
-583
-602
557
460
-503
-171
385
-263
0
230
-177
-298
177
245
-430
-305
677
139
-660
118
664
-188
-655
286
571
-704
-442
754
110
-198
1150
330
-1310
-1293
246
660
-103
-12
284
-221
-32
473
-453
-297
403
254
-520
-49
554
-232
-440
481
271
-464
6
443
-252
-315
415
54
-622
98
784
-342
-649
421
877
-600
-706
753
525
-997
-262
1011
-135
-952
467
2962
981
-5949
-1408
3347
-210
-577
190
1331
-353
-1561
1009
842
-644
-776
599
561
-646
-247
365
352
-402
-301
596
204
-492
6
494
-173
-518
84
630
-316
-362
610
296
-688
-247
861
-122
-817
491
1575
1458
-2110
-3911
503
2395
545
-1335
182
1434
-586
-1331
645
695
-809
-165
1014
-92
-614
469
410
-485
-222
303
321
-297
-165
320
192
-206
-72
4
93
38
52
-258
68
375
-238
-375
543
322
-452
-119
507
-141
-586
424
1892
-905
-2570
873
1476
-1382
-830
1633
605
-780
-489
659
90
-918
482
521
-612
-47
589
-174
-441
229
344
-483
42
413
-245
-271
321
47
-536
236
551
-374
-357
618
361
-818
-186
848
-325
-763
625
497
-1023
482
1703
-521
-2567
239
1695
-432
-1271
670
721
-702
-486
698
259
-1013
90
891
-170
-832
532
853
-383
-522
294
582
-289
-496
559
393
-575
-465
768
295
-901
133
785
-373
-632
475
326
-647
41
497
-431
134
359
1719
-1269
-3341
1630
1340
-878
-588
1118
438
-1569
132
1184
-156
-1375
491
1143
-723
-540
738
466
-939
-165
1265
-335
-995
439
930
-517
-755
433
699
-479
-628
565
607
-419
-511
748
441
-824
-262
743
-119
-629
428
456
-687
547
1599
-39
-2595
-1238
1266
636
-307
-120
441
176
-439
-2
89
-215
-112
220
85
-102
40
-116
191
78
-228
155
202
-152
-203
332
136
-533
310
451
-460
-274
688
196
-881
320
690
-539
-689
772
440
-875
1978
1048
-5094
531
2618
-957
-564
650
790
-1280
-84
1201
-472
-548
489
289
-607
78
715
-406
-453
513
320
-308
-364
629
202
-729
50
701
-172
-688
286
804
-463
-544
700
198
-766
-28
800
-240
-774
656
1405
-293
-756
-734
-577
-265
1022
170
-1040
506
643
-392
-708
304
566
-305
-230
187
157
-216
94
247
-335
-211
537
162
-658
-35
805
-291
-759
468
620
-644
-498
855
450
-996
-320
1114
-5
-862
385
633
-18
1187
-1394
-2005
1206
563
-670
13
921
336
-1324
671
1036
-1238
-415
1239
59
-1318
378
1131
-808
-859
1049
410
-978
-148
1122
-209
-951
457
674
-623
-626
1000
217
-989
181
914
-556
-870
912
469
-1057
-60
1075
-438
-1123
1795
1598
-1388
-2692
113
1072
-79
-286
248
396
-393
-38
374
-399
-54
288
364
-473
-223
530
-14
-192
-282
121
314
-428
-254
242
200
-347
-313
395
361
-505
-298
750
65
-714
-60
591
-269
-532
640
183
-764
1067
2324
-3103
-1977
2399
23
-1014
486
941
-412
-733
1003
263
-1012
213
611
-253
-396
563
55
-562
211
484
-301
-400
594
151
-613
42
686
-456
-546
619
453
-733
-398
986
191
-827
3
664
-224
-910
639
481
-652
839
1388
-989
-2833
361
1722
-155
-620
579
430
-754
140
297
-531
300
481
-219
-683
671
304
-914
150
533
-357
-520
670
348
-745
-171
714
-21
-805
163
836
-198
-708
419
589
-866
-225
531
-793
-174
992
1660
-1704
-2321
1534
392
-661
687
530
-403
-350
462
270
-556
-277
430
135
-305
-64
189
148
-240
-175
142
220
-124
-203
137
380
-308
-422
417
235
-636
-242
793
164
-657
-47
728
-182
-714
441
473
-527
-290
629
973
-68
-434
-2158
-135
1635
5
-637
227
1024
-914
-992
1279
-81
-1110
648
899
-798
-531
899
58
-798
296
608
-461
-513
871
273
-894
-19
1029
-203
-1011
420
891
-802
-779
1059
445
-1251
71
1234
-224
-513
2831
-1645
-4386
2248
1660
-1021
-497
828
649
-1184
126
984
-580
-705
869
354
-915
327
866
-691
-557
917
107
-875
78
787
-421
-643
311
426
-413
-322
686
121
-652
-46
660
-33
-656
79
822
-401
-712
494
571
377
-98
-966
-348
-440
758
616
-897
205
620
33
-752
166
636
-502
-253
444
42
-321
194
360
-374
-177
510
-249
-434
458
243
-593
-249
790
80
-852
231
965
-272
-876
568
779
-826
-526
927
150
-783
306
726
-443
1604
-211
-3220
411
1431
-151
-664
709
435
-659
-236
695
74
-697
310
488
-725
175
424
-139
-389
341
399
-620
-147
661
-115
-561
294
373
-550
-303
759
222
-801
71
1030
-118
-959
159
893
-533
-787
839
231
-810
908
1481
-1039
-2098
620
1219
-1001
-210
1137
255
-762
143
689
-475
-621
498
395
-411
22
336
-159
-84
45
6
-9
111
-134
-398
424
214
-497
-160
545
-48
-523
363
396
-385
-183
471
-190
-614
605
265
-600
188
1368
1386
-2796
-1753
1365
112
21
45
467
-479
-676
615
619
-790
-437
756
214
-703
-15
485
-113
-570
241
578
-352
-374
269
336
-245
-434
119
567
-271
-225
175
537
-246
-504
373
395
-607
-372
620
120
-642
287
1421
-369
-527
-241
-1243
355
1174
190
-1197
343
1296
-976
-931
1113
620
-1034
-256
1026
-95
-760
522
523
-676
-351
721
61
-790
177
843
-519
-657
464
680
-653
-425
776
369
-816
-388
964
87
-1097
56
1052
-397
-868
1919
573
-3238
-174
1937
-265
-743
671
962
-971
-576
904
-10
-805
302
457
-396
-148
445
-183
-237
446
33
-582
292
493
-533
-499
752
242
-764
-120
883
-75
-693
441
480
-617
-219
787
-169
-820
623
629
-1030
117
3062
-575
-4609
860
1927
-393
-354
176
754
-885
-341
1206
-468
-568
349
407
-252
-391
576
-85
-174
90
69
120
-170
-257
100
402
-35
-505
85
577
-162
-519
459
501
-534
-614
876
343
-795
143
621
-163
-429
2021
103
-3659
619
1177
-775
363
535
-150
-843
601
727
-976
-18
851
-56
-688
480
506
-692
-248
791
90
-726
83
741
-283
-518
371
396
-455
-299
428
413
-559
-190
528
146
-475
-191
440
142
-503
-191
595
-13
-776
970
1109
-708
-715
-1100
63
932
173
-389
-284
694
292
-641
-211
917
-202
-814
325
615
-486
-302
826
212
-862
-48
944
-110
-660
170
671
-180
-633
361
567
-391
-459
740
240
-786
-1
824
-372
-799
777
293
1188
-92
-3773
594
1702
-149
-594
-264
1365
-386
-1294
1080
467
-1270
140
1040
-249
-846
578
567
-871
-373
925
-4
-840
83
958
-236
-938
312
838
-565
-804
842
621
-947
-421
1083
232
-1081
194
1019
-414
-603
607
100
83
1160
-302
-2724
-19
1472
353
-768
255
424
-790
-94
513
-374
-408
336
309
-454
-36
142
-321
103
254
-195
-316
237
110
-371
212
351
-321
-379
604
110
-595
294
580
-521
-460
810
135
-899
459
906
-812
1484
1361
-4366
-878
2524
82
-1034
140
1494
-526
-1374
966
939
-1189
-577
1124
82
-661
271
329
-313
-17
524
-173
-598
693
258
-759
-286
773
74
-718
-30
750
26
-665
29
623
-187
-620
163
650
-352
-246
505
817
1062
-1592
-1756
390
428
936
-384
-325
904
-251
-329
-70
408
-170
-375
423
-67
-328
86
268
80
-330
-12
480
-147
-392
127
460
-280
-537
379
555
-580
-288
768
236
-855
-117
1032
-229
-925
632
903
-899
325
2309
-1599
-2442
1056
868
-506
-504
837
343
-819
157
616
-477
-301
520
-108
-139
126
-16
-286
303
214
-465
-225
595
-99
-582
462
438
-490
-399
579
219
-574
212
613
-472
-517
768
187
-891
298
694
214
1483
-1644
-2608
746
1292
463
-1412
314
1027
-1172
-375
976
-71
-697
555
636
-822
-239
925
-192
-624
342
518
-375
-415
525
313
-536
-226
537
278
-590
-12
716
-109
-611
55
701
-174
-535
174
470
-193
-604
416
1147
1090
-2713
-1421
2163
-182
-520
249
512
-211
-590
486
287
-413
-47
112
195
-32
-105
141
63
-173
45
-20
57
32
-216
160
282
-321
-58
242
258
-433
-279
745
114
-707
-108
889
-167
-956
401
792
-636
-668
2084
1767
-3676
-2031
2153
937
-670
-771
785
23
-1140
426
365
-240
-181
433
445
-468
-56
235
94
77
-446
86
476
-263
-221
283
316
-466
-342
711
39
-730
283
665
-384
-545
687
479
-788
37
853
-404
-505
766
1110
391
-2844
-679
1512
-557
482
395
-45
-210
-333
420
268
-606
-231
524
230
-422
190
619
-348
-536
376
480
-465
-345
403
346
-359
-347
313
412
-279
-288
415
495
-525
-148
557
91
-697
-177
773
-83
-721
581
1492
-312
-583
-1522
-955
926
1185
-330
-1012
1009
378
-984
-10
769
-304
-798
588
495
-896
-233
986
77
-746
21
797
-202
-731
487
360
-835
-222
954
-71
-937
359
1008
-587
-964
974
612
-1043
-445
1275
94
-1330
474
970
935
-959
-1562
269
499
23
-345
56
677
-427
-492
831
105
-939
55
804
-566
-601
634
307
-718
-5
847
-308
-855
645
577
-787
-519
828
117
-935
217
1013
-486
-752
893
405
-923
-194
977
-326
-949
880
601
-1186
844
2458
-1164
-3274
289
1647
292
-992
159
763
-821
3
385
-25
-445
136
471
-344
-180
291
-3
-82
-191
-8
385
-5
-348
-128
512
0
-713
-23
779
1
-562
372
468
-501
-450
637
71
-735
372
544
-360
-305
804
1382
-469
-2388
-271
1366
-214
-864
1025
879
-714
-967
763
804
-1037
-472
1023
228
-1088
121
1039
-697
-588
573
577
-670
-336
678
228
-719
-169
486
101
-552
183
608
-42
-585
23
656
-256
-599
-83
707
-217
-594
437
517
147
58
272
7
-2203
282
1769
-1134
-623
594
533
-493
-147
601
-348
-496
297
282
-302
3
330
-22
-68
180
-67
-267
341
43
-452
-28
527
-138
-442
355
368
-432
-324
714
152
-770
-28
713
-404
-853
851
569
-947
-283
2341
298
-3026
-434
1240
-42
-734
457
1087
-577
-502
620
3
-453
-243
548
136
-419
-198
363
442
-405
-200
574
251
-584
-378
727
188
-723
27
708
-288
-693
593
496
-676
-157
553
-139
-555
344
54
-208
1106
117
-546
-910
-759
835
180
-305
-104
313
466
-741
-205
838
-305
-517
556
441
-830
-197
1071
-178
-839
307
834
-458
-616
617
345
-773
-259
967
114
-968
108
954
-379
-959
731
740
-816
-521
1059
132
-942
295
760
924
-754
-1606
555
425
-318
-170
82
1006
-255
-777
750
583
-984
-423
1143
-23
-797
283
654
-548
-325
735
81
-642
13
754
-243
-578
206
535
-310
-429
410
535
-594
-355
724
267
-711
-269
823
135
-939
88
789
-478
135
1724
-983
-2308
461
1281
-338
-822
640
586
-935
131
847
-518
-456
691
195
-791
292
778
-587
-526
749
202
-929
64
860
-415
-557
472
453
-633
-347
801
128
-807
-149
908
-199
-792
380
684
-661
-472
785
714
-137
-1033
-494
-106
-307
567
71
-493
836
-88
-663
162
334
-369
-542
522
413
-506
-58
508
14
-438
488
127
-565
-94
618
-130
-707
116
777
-281
-619
547
524
-569
-369
548
344
-767
-333
872
118
-700
62
769
846
-88
-1092
-1243
561
278
-703
177
613
332
-1181
362
1350
-1165
-764
1319
352
-1421
33
1318
-594
-695
467
542
-700
-461
831
144
-745
-105
932
-159
-680
390
788
-684
-696
849
551
-999
-486
1232
61
-401
1256
-1336
-1376
1475
489
-1025
-63
1242
132
-1408
520
799
-1070
-333
1093
-19
-867
463
671
-823
-350
987
78
-969
69
953
-427
-818
446
573
-634
-342
808
352
-731
-36
808
-177
-766
208
750
-304
-604
570
408
-930
720
1580
-1154
-1179
79
313
-300
134
344
-228
-267
579
-41
-903
276
521
-471
-187
436
-24
-181
391
235
-554
-127
529
-40
-663
-26
758
-314
-570
419
647
-443
-517
766
336
-907
-335
831
19
-793
285
846
-358
793
490
-2212
-384
1033
45
-594
477
723
-437
-543
613
175
-991
526
733
-1071
-107
692
-193
-529
461
524
-667
-295
755
59
-788
-4
587
-327
-540
430
473
-592
-309
865
155
-869
-59
1018
-331
-963
483
707
-655
-724
1656
1301
-1879
-1505
861
398
-491
-68
734
142
-293
62
40
-164
-285
-49
570
-193
-516
107
570
156
-694
378
405
-607
-334
616
254
-876
3
1039
-371
-839
598
525
-707
-201
700
-235
-380
344
277
-287
218
724
1982
-3718
-1409
3264
-1158
-828
450
1062
-440
-1520
1193
954
-1339
-198
1084
-242
-852
568
723
-746
-443
755
370
-608
1
427
70
-287
-226
303
188
-244
-20
216
304
-165
-322
195
216
-369
-404
463
382
-452
78
1513
268
-1803
-1281
524
1091
-164
-535
390
493
-253
-669
75
575
-197
-360
450
256
-444
-384
834
33
-834
129
791
-331
-685
561
519
-748
-334
913
-72
-752
366
705
-620
-527
1015
185
-954
331
837
-455
2256
-2348
-2947
3642
-368
-1096
309
524
121
-1309
1059
866
-1481
-60
1238
-558
-1035
847
1045
-1324
-592
1318
259
-1365
23
1128
-123
-914
174
873
-247
-607
175
698
-391
-511
440
375
-546
-258
657
-17
-686
1097
2498
-2463
-3209
1873
859
-400
119
741
-443
-847
1041
-5
-1124
425
1012
-628
-906
1010
455
-1098
2
915
-135
-875
361
850
-575
-478
587
226
-667
-108
951
79
-893
50
1011
-119
-1037
280
828
-414
-743
621
1809
-72
-3101
8
1252
-932
-52
785
103
-490
57
182
-313
-14
149
0
-48
153
-100
-219
299
170
-377
-200
443
132
-404
-117
480
44
-450
-65
612
-29
-473
102
635
-185
-471
450
308
-713
-236
828
-53
-838
932
1127
-555
-1271
-362
560
-279
406
367
-388
140
110
173
-474
-176
465
-155
-272
137
168
-132
194
177
-390
-66
542
-206
-455
571
369
-697
-336
950
77
-988
205
900
-430
-827
841
683
-894
-100
854
-269
-560
1022
1983
-2560
-1804
1722
-77
-307
120
464
438
-590
-104
399
-71
-392
14
433
17
-338
-65
459
-161
-294
395
23
-430
-75
560
-138
-557
273
487
-472
-303
606
216
-750
-259
1025
122
-971
277
851
-426
-931
773
591
-988
441
2121
-352
-2934
-379
1439
318
-563
35
955
-279
-502
313
349
-469
-435
548
76
-432
-114
319
136
-580
-64
548
-140
-425
-26
535
-123
-579
217
429
-143
-228
444
147
-544
-100
626
-247
-688
628
654
-767
-457
815
1646
-1160
-2214
1118
186
-845
-46
523
98
-369
414
304
-163
-163
-8
226
-133
-97
-334
254
122
-343
-31
478
-78
-443
108
371
-325
-382
768
-233
-509
264
440
-170
-319
352
289
-526
-209
592
155
-685
176
712
249
-369
-49
624
-1116
-846
975
-202
-303
281
249
-216
-122
400
-464
-255
377
163
-343
-217
369
-93
-11
178
-245
-98
453
36
-529
40
659
-202
-555
616
535
-755
-349
976
63
-1024
243
815
-766
-571
850
1021
-13
-1680
-297
709
-220
-344
310
594
-51
-641
146
660
-448
-637
603
197
-623
-107
722
-185
-720
501
503
-745
-409
836
216
-918
-165
892
-32
-774
464
578
-463
-538
897
274
-995
69
890
-409
-811
693
1805
52
-2869
-217
734
-53
572
-213
260
-30
-316
278
10
-193
76
340
-115
-431
414
139
-265
-161
158
317
-270
-328
82
478
-135
-539
65
527
-259
-492
407
451
-504
-336
640
330
-761
-52
658
-184
-558
1829
936
-3787
-478
1645
-346
-23
254
679
-909
-291
1142
-485
-759
460
578
-384
-170
648
-196
-475
497
342
-582
-325
834
67
-681
75
719
-387
-616
509
574
-513
-401
369
526
-435
-460
589
342
-605
-344
816
-36
-178
1497
-798
-2363
-77
1640
282
-1360
741
896
-1168
-276
777
-237
-888
637
695
-778
-177
841
-138
-900
623
642
-836
-542
1024
164
-928
-5
843
-266
-738
664
541
-793
-270
835
81
-871
333
801
-639
-345
760
430
175
-863
-723
-130
-39
823
-47
-485
676
-96
-715
564
376
-516
-113
556
-23
-530
337
275
-445
56
403
-345
-251
398
222
-656
-248
804
74
-761
-187
1000
58
-889
80
820
-388
-756
596
567
-554
-405
1004
1264
-1003
-1289
-10
-331
406
589
-400
283
14
-196
-78
-66
155
-127
195
-24
-334
156
312
11
-431
45
554
-371
-416
350
260
-487
-290
748
178
-734
-54
832
-52
-820
453
679
-815
-470
1174
255
-1246
784
2310
-1860
-2711
1808
977
-1423
-573
1665
418
-1334
-185
865
-244
-814
358
482
-198
-378
160
441
-221
-272
263
295
-157
-358
-28
550
-75
-453
27
549
-43
-448
328
377
-446
-267
602
-17
-628
245
564
549
63
-812
-1429
-229
1156
592
-1064
425
851
-855
-281
536
-107
-698
429
570
-807
-106
822
-99
-659
147
698
-516
-521
704
281
-775
-35
815
-6
-876
219
882
-268
-831
195
839
-314
-754
598
734
-683
-299
708
905
275
-1197
-1062
269
-37
3
190
157
450
-387
-265
624
-56
-680
229
582
-319
-477
505
261
-701
-209
670
160
-718
184
720
-466
-505
485
354
-668
-154
931
-180
-776
624
613
-744
-580
824
194
-1237
866
1430
-779
-522
-1115
-300
841
756
-399
-858
859
229
-913
-38
812
-314
-681
755
228
-583
184
482
-389
-442
676
126
-815
216
736
-449
-632
630
452
-822
-366
1162
121
-1099
153
958
-412
-610
665
358
-930
81
2120
-273
-2734
638
1449
-1494
-330
1579
141
-629
-258
712
4
-940
247
820
-453
-241
424
62
-404
195
249
-524
188
153
-160
-165
287
7
-533
57
651
-69
-553
162
713
-224
-553
252
550
-447
-525
641
634
99
-481
31
-567
-526
796
487
-696
71
569
-517
-401
527
230
-597
395
418
-739
-146
785
-93
-854
289
740
-693
-666
852
405
-762
-269
789
-48
-662
388
582
-465
-456
816
101
-893
430
731
-631
-347
572
970
25
-1722
-369
261
-196
675
-89
-94
335
-376
209
169
-242
-120
78
298
-171
-101
193
-134
-168
385
74
-474
-27
699
-178
-725
272
666
-491
-729
885
545
-899
-401
893
159
-906
204
813
-459
-690
1520
1870
-2626
-2497
1518
942
-183
-543
592
927
-1117
-103
397
-48
-197
124
310
-131
36
177
-14
-16
-236
25
285
-124
-261
33
436
-39
-354
-13
499
-100
-510
190
489
-497
-413
725
262
-783
193
692
-84
382
-585
-1201
184
324
3
-241
-94
629
-376
-680
554
-259
-500
454
390
-361
-195
569
133
-697
154
667
-511
-403
322
284
-423
-324
437
272
-533
-27
507
-78
-504
144
366
-166
-427
157
657
-393
-476
434
1238
-367
-749
81
-909
-375
1380
325
-1039
224
1043
-488
-998
908
528
-978
-238
931
-139
-728
639
406
-667
-179
642
-122
-592
499
434
-670
-203
762
218
-843
-105
1046
-147
-986
310
823
-531
-748
768
312
-1048
989
1755
-2782
-1467
1970
-224
-749
-46
612
6
-745
533
246
-718
11
581
-249
-353
453
-62
-525
497
316
-526
-201
635
66
-477
-26
511
-196
-542
275
614
-375
-91
431
210
-492
-270
691
50
-708
-71
767
-148
-630
1341
246
-779
-76
-657
-151
-281
511
173
-623
670
433
-581
-216
695
-185
-750
828
205
-779
78
789
-194
-606
494
587
-704
-454
794
229
-770
-190
1099
-156
-932
475
831
-600
-655
747
223
-843
252
585
516
-64
-1376
-151
516
531
-547
-487
1003
-39
-1069
432
871
-714
-586
822
361
-929
114
717
-419
-562
705
170
-711
95
659
-294
-589
470
365
-699
-214
748
167
-806
-110
951
17
-873
19
920
-232
-796
378
1434
-546
-766
397
-758
-562
661
700
-560
-70
953
-381
-503
605
-2
-751
164
617
-570
-591
869
455
-762
-186
888
35
-864
433
632
-508
-351
662
301
-807
-52
826
-239
-733
559
560
-763
-419
983
237
-1072
220
1145
1001
-1122
-1145
146
-577
526
235
-492
359
564
-5
-338
108
41
-195
264
94
-296
-155
401
-41
-355
408
123
-382
70
552
-281
-542
555
400
-741
-462
1134
306
-1090
127
1031
-377
-808
620
436
-799
1468
1462
-3537
-1286
1995
528
-554
-218
734
-170
-468
283
-255
-36
387
81
-501
64
553
-174
-388
348
60
-469
187
325
-354
-407
604
89
-721
170
677
-438
-596
688
546
-966
-523
1105
252
-1132
363
930
-537
1209
-13
-2415
-54
690
546
-380
-468
939
-167
-626
634
-88
-801
477
564
-527
-421
782
114
-828
195
637
-609
-451
846
268
-830
-133
888
-34
-821
315
687
-523
-532
829
464
-884
-49
858
-286
-836
1988
-92
-2321
266
973
-341
-510
382
473
-890
20
262
-623
4
590
2
-531
247
468
-344
-263
252
56
-310
328
217
-435
-44
654
-144
-758
257
827
-536
-995
1060
768
-1068
-467
995
221
-1085
209
1314
771
-2547
-1048
1862
-624
-383
526
450
-60
-725
668
290
-809
-173
314
526
-353
4
182
53
-130
-15
-46
56
-34
-153
43
158
14
-3
-52
270
33
-282
-5
328
-229
-349
173
444
-386
-313
722
452
-169
-214
158
-512
-1174
899
1180
-968
14
831
-110
-620
316
506
-650
-96
524
-92
-468
316
192
-428
167
330
-436
-276
704
221
-796
100
898
-311
-718
765
608
-899
-326
1053
-104
-1004
336
939
-517
-454
524
1365
322
-2144
-340
554
-377
-27
106
691
-232
-491
814
153
-1079
-270
1363
-168
-974
411
632
-489
-446
708
166
-743
224
635
-442
-459
649
313
-837
-286
1160
-30
-1120
267
1199
-524
-1071
805
708
-1128
-54
1976
644
-2439
-979
988
-12
136
78
388
92
-183
102
136
-155
-415
420
339
-299
-157
199
433
-301
-399
377
174
-254
-257
369
289
-357
-196
593
70
-622
87
597
-144
-526
352
389
-553
-97
838
-135
22
1035
-1338
-1141
1012
56
-294
-264
873
219
-1286
363
1040
-874
-1026
1017
652
-859
-42
769
-264
-476
612
291
-820
-66
948
-243
-662
464
656
-535
-457
769
461
-825
-398
955
202
-955
-53
913
-258
-822
666
1403
131
-1540
-701
-122
201
671
-435
-92
626
74
-537
162
386
-500
-141
602
-145
-363
36
477
-29
-596
416
283
-478
-174
512
201
-656
-95
854
-257
-692
563
500
-705
-412
926
132
-973
364
768
-709
456
1895
-2591
-1500
2152
260
-1220
-423
1468
0
-1457
758
1022
-1069
-507
1092
32
-1008
472
576
-624
19
632
-269
-517
648
300
-681
29
733
-213
-847
460
655
-733
-555
973
81
-966
181
753
-351
-312
339
521
730
182
-819
-2163
336
873
200
-182
107
525
-267
205
-19
-664
336
460
-271
-537
605
212
-684
335
449
-440
-379
462
160
-703
-84
870
-260
-796
404
838
-575
-589
648
470
-891
-493
1179
223
-1173
497
1512
-1177
-1333
1047
228
-1072
77
989
-171
-633
508
191
-710
248
244
-239
60
244
-349
-116
546
137
-576
151
649
-319
-551
346
380
-581
-264
878
53
-667
54
861
-428
-684
561
251
-640
42
749
-62
1451
-372
-3538
-210
2066
797
-1396
-333
1640
-826
-975
901
388
-886
-317
1147
-405
-638
836
72
-647
-147
711
-187
-628
251
601
-322
-494
288
479
-334
-462
332
598
-356
-389
194
470
-90
-509
234
353
-251
752
613
-1741
-784
991
349
-802
-403
707
-23
-590
654
385
-944
-63
1108
-270
-842
418
672
-642
-462
779
142
-739
134
660
-199
-534
152
468
-299
-534
355
482
-436
-277
463
438
-530
-204
787
41
-854
76
818
-281
-588
1022
352
-894
-565
102
503
-38
151
-205
-552
548
-167
-342
200
236
-102
-201
349
-277
-368
593
94
-746
64
911
-283
-785
678
494
-921
-230
1069
-259
-929
536
692
-909
-125
708
-126
-460
196
647
1436
-1502
-2236
1758
489
-753
-381
491
421
-1229
352
749
-1158
-567
1069
460
-1093
53
993
-595
-588
631
193
-634
218
680
-512
-506
736
262
-867
-267
1023
188
-1140
76
1205
-257
-1015
703
820
-891
-239
1474
-2
-2083
-738
946
327
-686
151
530
-306
-260
6
66
-29
46
85
-251
269
248
-336
51
396
-100
-515
318
527
-444
-348
506
256
-675
-43
709
-67
-483
76
563
-252
-591
537
377
-581
-214
897
-158
-429
2024
-249
-3380
828
1174
-744
-394
657
839
-1174
128
950
-778
-615
571
399
-486
40
409
-379
-157
538
-173
-488
238
460
-566
-505
681
408
-744
-452
1007
315
-922
-114
895
-218
-838
521
700
-602
-514
522
938
182
239
-1902
-1309
1151
911
-630
-621
1343
-136
-1113
846
442
-915
-170
1104
-203
-929
831
508
-703
-328
752
222
-993
223
858
-502
-576
501
513
-626
-256
775
147
-808
-52
820
-278
-859
328
887
-655
-694
743
1544
-6
-2491
-214
515
-211
625
-158
99
-71
-40
29
-70
-142
-198
477
179
-481
-320
611
310
-727
-97
635
-52
-584
100
568
-205
-537
241
416
-422
-188
628
119
-713
185
879
-479
-631
791
291
-335
571
379
-723
-1615
716
1174
-1251
-153
965
-55
-871
258
503
-778
-215
950
-185
-747
351
479
-347
-188
508
-115
-436
550
173
-675
0
775
-162
-653
450
653
-583
-624
818
372
-932
-187
1133
-130
-932
260
1786
938
-2969
-1120
1433
12
-207
-504
554
669
-828
-170
461
140
-556
119
813
-385
-595
335
644
-374
-391
305
402
-263
-291
251
284
-217
-303
207
281
-202
-208
399
91
-509
-10
671
-173
-509
179
456
-22
-24
568
-293
-1858
643
1418
-655
-856
828
548
-1131
-25
748
-412
-389
457
193
-654
380
495
-413
-69
415
-262
-401
506
200
-810
102
919
-469
-789
773
673
-903
-339
1000
-62
-881
486
677
-586
-365
1459
239
-2075
-456
1102
282
-356
-835
1015
594
-1196
-70
730
-37
-960
253
979
-394
-646
569
479
-651
76
777
-582
-506
807
150
-693
-156
800
-165
-735
489
704
-626
-606
863
390
-980
-356
1083
129
-1140
611
1270
-829
-908
1396
-169
-1731
452
1026
-477
-604
649
705
-891
-140
574
-268
-108
134
35
-271
331
211
-362
170
214
-241
-303
462
283
-647
-200
639
174
-559
-91
625
-143
-485
450
373
-681
-90
817
-120
-916
1330
421
-1289
-13
744
-218
-952
282
984
-380
-278
639
-252
-312
56
-61
17
315
-113
-124
108
124
-76
-193
249
46
-302
-85
483
74
-601
-89
691
-72
-688
291
699
-391
-539
675
384
-851
-216
749
453
-525
-41
596
-1869
-121
1549
-231
-463
173
594
-682
-330
695
-662
-138
570
154
-773
183
636
-533
-261
486
-13
-542
191
561
-401
-495
854
242
-829
-6
771
-258
-824
608
613
-1005
-130
1044
-80
-1040
725
2079
-2126
-2188
1933
642
-1303
-44
1097
-64
-1034
278
767
-368
-622
534
206
-272
-246
328
168
-263
-40
61
119
13
-249
-72
334
-51
-296
-173
550
59
-511
148
465
-220
-213
267
81
-545
-123
898
-232
-591
1419
348
-913
-790
-95
368
-279
699
80
-804
417
447
-648
-525
805
236
-671
118
551
-477
-274
642
-7
-537
403
434
-433
-341
700
124
-971
157
1002
-144
-913
564
918
-858
-572
1028
206
-1021
377
837
-75
1448
-1233
-2869
943
580
192
-146
660
-691
-280
839
-346
-573
659
469
-886
-267
896
