1199
-533
-608
56
1044
-224
348
-1150
1075
-1218
1688
-1668
290
375
1792
905
-5588
1823
4102
-2548
-4699
2652
3433
-1814
-3415
2860
1197
-748
-2252
113
4500
-3233
-421
725
1108
-819
-1469
2450
124
-1453
-260
1515
-182
296
-2277
1883
-771
1237
-1092
602
-356
-753
1313
6
-812
185
-747
4645
-1772
-5612
2448
3417
-2863
-2033
6107
-962
-2098
-1142
2686
1061
-2585
-927
3125
-799
-1683
335
2405
-2464
625
156
517
-1415
-204
2843
-1523
-1606
1388
271
132
-513
-137
211
-9
-28
-899
258
1255
2211
-3948
-213
2083
-2493
-1201
3087
40
-2616
1640
1657
-1918
-9
511
1282
-2994
2299
221
-549
-795
1367
435
-1984
1724
-124
-302
-1425
1768
-756
286
-724
1102
-1169
557
839
-1070
235
-37
3964
-4864
-1393
4147
-1956
-3620
4126
-345
-2562
1129
2174
-1503
-1109
1128
1187
-2671
1398
3
1260
-2804
1496
630
-898
-49
-302
1244
-1004
-164
888
-1272
1565
-895
904
-1506
1583
-1717
1204
-558
2087
558
-3940
1439
696
-2295
-533
3507
-1561
-879
-325
3851
-3575
673
588
644
-1888
656
1294
-1203
-547
1301
-92
414
-1594
2296
-1710
790
-46
-190
-219
892
-492
-475
649
-330
221
2460
-1679
-6141
6832
1761
-8105
789
8099
-4432
-2443
2761
1262
-2339
-901
3359
-1758
-1325
1714
50
-442
-809
1524
-1658
2315
-1818
1474
-719
-296
892
-630
979
-2190
1639
218
506
-2322
1379
-264
470
-134
1728
270
-3534
1512
-673
-1434
1474
490
-1076
823
169
-252
-40
-403
1110
-1825
1979
-696
-131
124
124
138
59
63
99
-1353
2091
-1806
1611
-1002
-178
239
669
-304
-883
1032
-616
890
546
1086
-5959
4181
1998
-4075
-2099
5392
-1596
-2365
1771
1542
-1125
-1526
1334
1262
-3097
2323
-457
943
-2295
2448
-1078
703
-543
126
134
-254
478
-607
628
-1357
1301
589
-78
-2102
1157
691
391
1382
-3349
-403
3504
-2138
-3439
3273
1181
-2585
-476
2828
-606
-2279
1877
567
-1069
-372
1414
-394
-1031
1552
-1110
1809
-2031
2093
-1639
1370
-1201
469
-41
-699
1221
-402
136
-1443
1908
-885
1489
635
-3808
-1077
8267
-5896
-3337
5497
-339
-2911
1109
3048
-2933
-664
1700
1670
-3642
990
1973
-991
-787
216
1485
-1481
150
1313
-1364
706
-1238
1510
-844
576
-637
1361
-1518
655
-808
554
354
1143
656
-4479
3218
602
-3647
-668
5077
-2727
-895
445
2149
-2188
4
1437
-311
-1574
1145
803
-1331
872
-330
-56
434
-852
1458
-1361
-43
689
189
-574
-525
1298
-672
184
-652
665
-890
1483
1637
-3668
-582
3924
-2790
-2690
4479
-459
-2256
837
2550
-1890
-386
232
2418
-3971
2418
-28
850
-1910
586
698
-441
90
827
-1299
472
219
25
-315
-524
870
485
-199
-536
-320
92
313
665
799
311
-3249
1043
1701
-3232
-81
2290
-694
-1651
1461
1502
-2181
-24
1148
268
-2018
2337
-901
273
-1447
2014
56
-1214
-12
503
223
-821
273
229
-1258
1905
-795
328
-1705
2250
-1042
763
1748
-1977
-4193
4845
3532
-8516
1680
5078
-2141
-3739
4042
549
-1269
-2860
4678
-1356
-1573
94
2035
-818
-1717
1249
1980
-2218
349
-302
2757
-2353
92
351
-253
335
501
-254
-660
512
-2
915
1323
-4039
-876
6330
-3355
-3970
3679
2108
-3934
479
2383
-851
-1140
247
2078
-2573
1413
-450
842
-1460
1346
-53
-70
-146
-54
73
-162
-130
22
-205
-21
-578
1350
-763
20
-1117
1763
23
2007
-1827
-4501
5144
947
-6888
703
6865
-4360
-244
1353
2498
-4292
1638
1716
-368
-2341
1930
605
-1269
-149
1439
-1118
727
-992
2329
-2168
1076
-864
840
-667
190
421
386
-799
-574
509
-273
1520
286
-562
-3186
4386
-1012
-3987
1327
3072
-2577
-1176
2931
-133
-3076
2209
643
-527
-2299
3358
-1091
-1094
810
440
-91
-1882
3049
-919
-1496
949
130
648
-2120
1888
-598
632
-1331
1438
-1043
731
2925
-4129
-2375
6357
-948
-6452
3057
4750
-4982
-91
1954
2163
-4209
1446
1408
211
-2716
2466
-153
-684
-368
1235
-199
-690
-907
3219
-2123
917
-1518
1814
-950
-147
941
-371
-66
-259
861
-1643
1750
620
1776
-5648
2244
2972
-4783
-1937
5436
-771
-2695
1072
2080
-836
-2958
3991
-814
-1310
-813
3045
-1743
-728
1485
-203
-856
505
893
-636
-1665
1852
-207
-131
-302
-183
-161
1037
-182
138
1303
-3707
-1440
7000
-2396
-8249
5885
3208
-4510
-3005
5948
-444
-2722
-1112
4691
-2000
-1970
1231
2021
-2050
-724
2242
-256
-1218
-230
1474
171
-1354
-900
1596
-10
-251
-598
29
885
-498
-193
-1232
1934
1068
1171
-5543
1623
3694
-3887
-2841
5757
-688
-2997
1074
2016
-667
-2556
2173
1417
-2970
1168
588
1107
-3097
2377
715
-1715
521
224
773
-2935
2795
-981
327
-1511
1392
-550
1253
-1385
-20
1094
3124
-4355
-4432
8449
-1927
-6474
3506
4195
-6322
2320
1596
448
-3445
2238
1462
-2611
-495
2569
-952
-957
-186
2685
-2417
1131
-526
2012
-2226
306
1086
-324
-708
-1
1488
-1673
1710
-1832
1358
-2092
4069
475
-2412
-1711
2046
-2170
-1036
2504
-818
-483
386
1416
-1579
5
894
-653
262
-785
2211
-2641
1868
-878
896
204
-979
413
48
-370
296
-856
1607
-1577
1222
-855
545
-319
727
59
1723
-3431
-1239
6148
-4181
-2761
2753
3143
-5582
1673
2131
6
-3196
1779
2108
-2834
-765
2930
-827
-888
-920
3326
-2620
949
173
1231
-2435
1169
207
69
-910
-366
1889
-351
100
-2068
2913
-55
730
-4579
3254
995
-3669
-835
3466
-260
-3124
1936
1669
-1235
-1551
2385
-348
-1779
904
400
485
-1799
1850
-712
625
-325
61
714
-2644
2476
-399
66
-2283
2168
-286
184
-714
408
-86
1598
2288
-6805
-329
8858
-6016
-3833
7548
-2479
-3215
2073
1933
-1470
-2554
3873
-936
-1645
696
512
285
-1403
1347
-444
-289
760
-435
153
-393
-209
872
-183
-692
-770
1976
-228
-1028
105
-207
230
1934
1226
-3631
-750
2686
-2410
-924
2056
-250
-262
-442
2158
-1978
800
-781
2017
-2514
1840
-854
624
-1084
805
229
241
-321
73
28
153
-1148
2413
-1848
516
-827
1696
-1005
191
-28
-171
2645
247
-4929
-245
8367
-7232
-623
4595
-496
-4156
3281
859
-1118
-2421
3228
-86
-2378
944
1020
-1692
1160
-1078
2282
-2485
2430
-1559
1041
-239
-653
284
287
-64
-1275
1551
-9
231
-1884
1985
-414
2850
-3433
-828
2972
-1184
-3972
2791
2111
-3806
1492
1477
299
-2684
1041
2379
-3154
1035
658
-53
-1667
1911
343
-1193
280
477
916
-2243
1939
-1360
1130
-1196
612
-305
1066
-1135
261
687
-978
1658
904
-3383
-2796
7764
-2839
-6002
3456
3577
-5308
184
3118
196
-3161
1430
1739
-1031
-1821
2208
-810
967
-1985
3082
-2479
1359
-398
445
279
-2052
1566
-111
497
-1466
1759
-1410
1861
-1757
652
-405
3084
-1714
-4216
4515
567
-5199
2042
3473
-3872
687
433
2286
-4342
2921
484
-731
-1277
1640
-6
-872
916
-428
-223
149
406
-360
-78
-1344
1814
-310
-125
-1100
1065
503
-722
473
-1716
3102
1459
-5661
-1341
9508
-6632
-5033
6663
513
-5815
1875
3241
-1674
-2811
3259
487
-1825
-1316
3481
-2072
802
-1307
2554
-2249
890
1105
-1003
-122
-1050
2429
-1166
711
-1673
1839
-1119
1468
-1789
-245
2001
3855
-5927
-1967
6624
-4852
-2436
3943
1071
-3608
2137
926
-533
-1335
788
1740
-2896
1728
-111
-33
-196
-267
920
-575
-647
1414
-883
95
-570
929
-529
724
-815
-111
456
252
87
-1513
1925
675
793
-6961
5607
2013
-5785
-822
5773
-2969
-2273
2983
1151
-2840
613
1551
-126
-3122
3851
-1206
281
-2060
3307
-1218
-1101
912
1149
-1515
-769
2019
-888
-629
993
508
-1830
693
780
-1080
-79
2850
-241
-3160
658
1408
-2434
-98
2159
-644
-1311
1112
785
-809
-1210
2633
-1867
370
-35
985
-392
-1023
1372
-332
92
-344
15
414
-906
563
263
-810
295
570
-160
-739
828
-721
336
711
3388
-6294
-1277
8606
-4699
-6527
7687
673
-5572
1198
2720
-363
-3509
3576
-474
-793
-1158
2945
-1348
-558
188
699
219
-714
-109
788
-881
422
329
-762
39
1101
-641
-245
-185
-148
463
2551
-533
-5346
3192
2445
-5645
256
5065
-1828
-1723
1301
2081
-2092
-362
1151
560
-2358
1613
891
-1358
291
-144
1201
-892
607
-624
-203
549
-19
-81
-734
-173
1691
-688
-408
-338
754
-417
3708
-3212
-5321
5810
3990
-9502
2073
6725
-4481
-2691
3751
1944
-4505
1045
1748
994
-4774
3878
456
-734
-1886
1920
578
-1346
294
771
-1081
160
699
-399
73
-886
1827
-291
-384
-1234
882
689
1717
-1100
-4370
3424
1481
-2994
-1661
3715
-1241
-1697
1238
2197
-2671
-372
2078
-535
-1467
1586
-283
10
-862
2065
-2149
2339
-1804
1611
-1957
1565
-136
-836
281
-581
1986
-1586
1133
-1899
2373
-1327
2337
956
-4582
-681
5141
-4236
-1073
3898
-1460
-647
209
2463
-3375
1014
866
800
-2824
1670
1037
-1574
120
690
255
-1029
9
1857
-2311
1645
-1248
1285
-1230
684
-206
1081
-1609
407
23
543
2086
-2293
-1070
1475
1980
-6136
2723
1941
-924
-2896
4084
-135
-2541
104
3149
-1837
-1394
1648
1031
-2592
1696
140
684
-2929
3829
-1528
-55
-1026
1417
-482
-674
1174
-1173
1237
-1185
1393
-2544
4022
1056
-5700
-1522
9463
-5208
-5690
6592
322
-3992
221
3450
-1724
-1677
1273
1665
-1975
-1162
2770
-1701
530
-799
1915
-603
-1917
2336
-400
301
-1872
1866
-1283
817
-344
1015
-1793
1417
-358
-749
1252
2441
-2585
-3662
5456
-3459
-1140
1686
2091
-3613
1761
775
-764
-1585
1627
544
-1665
70
1842
-2126
1103
-622
2185
-2242
1053
-390
506
9
-491
-254
571
-320
46
66
237
-1044
1619
-1479
1393
-1007
3852
-4802
-1696
6517
-2417
-5457
3962
3168
-5191
887
2163
1382
-4246
2553
1039
-767
-2144
2286
199
-1518
610
1023
-454
-654
-608
3433
-2830
341
-870
2357
-1283
592
-649
123
80
197
-468
-1185
2907
919
-1481
-3642
5010
-1782
-3134
1221
3700
-3879
302
1857
483
-2051
115
2657
-2345
-209
1387
72
-706
-877
2553
-1677
125
174
1078
-1090
-1125
2087
-716
-233
-686
1789
-1935
2095
-1427
302
-881
3435
345
-7111
2949
6534
-7054
-3907
9288
-2697
-3278
42
4201
-3247
-883
1650
1793
-3501
1294
1453
-643
-1152
501
1997
-1990
-39
1444
-288
-2329
2331
-158
-519
19
10
413
-103
-332
-1340
4395
-1045
-4185
889
3496
-6060
1981
3025
-1269
-2259
2861
679
-1972
-152
1786
-1331
402
-798
2330
-2657
1760
-1097
1696
-1025
63
536
-697
-38
520
-725
904
-1281
1657
-972
811
-946
1238
-1538
2357
1010
-6432
67
10741
-6256
-9267
9700
2583
-6283
-2544
7504
-2721
-2823
1287
2712
-3031
-111
2163
-11
-2279
1679
360
-53
-1525
2670
-1472
-1007
1147
87
-1406
518
1539
-898
-444
356
-457
760
2142
-1661
-4875
4472
618
-5165
2205
3892
-3325
-996
2030
1442
-2894
528
1694
-479
-2496
3550
-1553
544
-2213
3675
-1537
-300
775
-708
-76
342
208
-587
-469
925
54
-20
329
-1108
63
825
-42
2579
-1470
-6497
5189
5287
-9625
-523
9737
-5185
-2378
2402
2594
-4832
1304
2297
-711
-2173
2307
98
-1025
-628
2069
-1499
1529
-1734
1908
-1437
1422
-931
235
-789
1430
165
-1134
676
-1296
1405
-1509
2335
336
-760
-3337
3917
-59
-3754
866
3313
-2494
-1422
2372
745
-2659
943
1226
-402
-1971
2811
-1591
891
-1615
2790
-1434
-607
1552
-1673
1058
-668
1092
-2011
1686
-179
535
-1663
1081
-322
692
2742
-6471
-2870
10279
1602
-14535
4187
11484
-4517
-6802
5964
1184
-3565
-1716
4919
-533
-3281
1373
2355
-2166
-34
270
2324
-2982
1491
1471
-3002
1039
124
381
-398
455
170
-947
1787
-1317
4565
-5952
-1135
4538
-700
-5960
4624
2207
-3944
212
2150
606
-3474
1819
1281
-1004
-915
1322
-358
-580
928
-550
906
-890
310
771
-1097
661
-1362
2092
-1648
1197
-1596
1827
-1015
818
-787
-13
1921
2653
-6607
-3405
10101
-4286
-5651
5051
2547
-6651
2559
2220
32
-3866
2575
1921
-2695
-519
2032
-487
-827
-60
1822
-1134
-1795
2978
-1428
522
-496
526
-793
807
54
-147
145
-659
747
-1790
1725
-588
3600
-2897
-3274
3116
1434
-4217
329
3474
-2003
-2066
3180
-168
-677
-2200
4512
-2742
-104
204
1140
-1706
86
1758
-872
-550
447
518
505
-1848
1778
-1887
1962
-1113
1344
-2596
1867
-78
-1
1336
721
-5646
864
9105
-8503
-2504
6096
992
-6824
3573
2282
-1221
-3390
3620
460
-2031
-536
1736
-138
-1365
-338
3376
-3001
1198
-795
2238
-1925
346
625
-1134
1101
279
-111
-1830
2092
-1259
971
-460
3477
-2515
-4300
3554
3284
-7716
850
5804
-2628
-2352
1576
3257
-4200
639
1654
700
-3231
1615
1520
-1838
-253
1175
611
-1291
-242
2522
-2304
381
-206
1247
-1783
1549
-1131
680
-1146
1465
-250
-1017
1327
3768
-5624
-5307
10121
-1560
-7408
4212
3586
-6085
1132
3195
120
-3692
2762
1641
-2540
-616
2482
-432
-1447
-261
3308
-3116
1241
22
1474
-2262
-146
2292
-1577
557
-105
849
-2118
2836
-2323
410
-545
1991
1342
-927
-3995
2377
1350
-4215
1495
2260
-848
-3023
4153
-858
-725
-1900
3498
-1396
-1440
1737
237
-1594
201
1262
49
-1897
2731
-1586
933
-1257
1402
-1058
492
100
368
-808
87
610
-954
526
1782
2678
-10019
3059
10057
-7901
-6323
9628
311
-7220
2429
3780
-2907
-2412
3812
295
-2714
771
1898
-1935
-865
2738
-1099
-168
-998
2065
-295
-2058
1968
-1001
1216
-1268
1383
-2038
2149
-1860
888
-172
2196
173
-5133
2922
2979
-5440
-1403
6846
-3092
-1442
708
3535
-3654
-33
1592
567
-2003
652
1337
-1205
-771
1664
-299
528
-2185
3146
-2113
643
-34
365
-1726
1802
-433
-238
-455
522
438
-1349
1502
1177
461
-6686
3531
6322
-7079
-1925
7008
-2221
-3808
2808
2507
-3132
-589
1538
2256
-4433
2371
175
695
-2904
2861
-215
-1082
-320
1507
176
-1616
1141
-880
804
29
655
-1794
1084
-257
347
67
1801
-1958
-1202
2385
-3813
293
1854
920
-2726
1939
267
-112
-1643
1158
1219
-2190
682
835
-541
-209
-164
1673
-1938
1375
-1002
746
-523
-115
604
-407
-493
1139
-463
-366
-419
1207
-785
970
2507
-5566
-2561
10371
-3409
-7493
4996
3402
-5899
484
4249
-1515
-1531
371
2960
-3216
331
1133
-295
-708
440
857
-1358
592
602
-574
226
-833
1243
-1039
65
211
1046
-1428
205
-58
460
-37
1841
-530
-3684
3404
192
-5100
1565
3906
-2979
-576
1800
1173
-2504
919
1010
-440
-1411
1445
162
-1076
1265
-963
626
-136
-111
861
-839
-338
391
454
-814
-501
1453
-656
-119
-504
1067
-1035
1992
1450
-7232
1460
9836
-7762
-4962
8446
-786
-5421
1490
4211
-3082
-1119
1072
3499
-5291
2029
867
961
-2536
694
1165
-575
-147
615
-603
-560
913
-169
434
-1424
1660
-458
403
-723
7
185
3057
-634
-5733
4616
-691
-4300
1612
3551
-2238
-1122
1889
626
-2095
337
2051
-1228
-1430
2018
-297
-122
-1067
2307
-1741
623
510
145
-1489
152
1379
-481
-243
-1
-675
1546
-870
816
-1701
5043
-3862
-4438
5253
4161
-9534
3163
4965
-4376
-1794
3796
1416
-3951
1071
1575
315
-2612
1252
1242
-1460
718
-595
1308
-1127
-443
2271
-1915
332
-912
2120
-1643
1498
-1280
686
-1193
2009
-1332
744
2477
-3630
-41
2507
-2648
-3171
6072
-2606
-617
-243
2985
-2224
-855
1906
170
-1653
349
1358
-616
-1436
2560
-914
19
-875
2376
-2329
525
764
-153
-1237
1049
538
-700
-91
102
175
191
-558
2853
-2140
-3539
3370
3713
-7511
-170
6378
-2682
-3252
2429
3011
-3864
-79
1769
1458
-4306
2457
874
-794
-1442
1493
576
-1864
1110
1123
-1985
596
31
1053
-1880
1534
22
-441
-547
351
70
363
2316
-3580
-448
4111
-2490
-4162
4178
790
-2522
-402
3513
-1840
-820
-168
3112
-2470
-1144
2475
-123
-1144
304
959
-334
-1250
2265
-851
-931
-188
1516
-956
-517
740
-370
495
-591
1053
-1907
2001
1
1046
-4981
3999
1607
-5138
205
4209
-1648
-2982
2610
740
-900
-2341
4001
-1090
-1747
84
2265
-839
-1598
1351
107
-271
-437
776
1037
-3060
2405
-603
615
-2148
1998
64
-2
-814
-15
259
1778
759
-6158
3158
3083
-4061
-2689
5714
-401
-2767
137
3928
-2590
-858
1209
1024
-1543
-793
2386
-705
-737
264
470
309
-1712
2549
-1251
-1347
989
1238
-1064
-1768
2187
-317
440
-1247
1356
-211
2705
-8433
4324
7516
-8023
-3699
7749
263
-5824
1372
3464
-467
-4884
4396
740
-2300
-1324
2924
-612
-1314
583
1139
-1159
-389
1344
924
-2179
-211
1289
629
-1615
-242
1254
87
-229
-97
-1220
1458
2836
-1998
-3972
3619
-624
-3138
1365
2727
-3087
481
1612
256
-2140
1273
1089
-1377
-432
2048
-1736
911
-1024
2421
-2899
2600
-747
-440
-222
383
272
-686
-12
384
-438
449
540
-760
24
2003
1309
-7073
614
9751
-5527
-5981
7593
933
-5764
-207
5943
-2578
-1846
-139
4394
-4219
642
1471
471
-2459
1240
1623
-1322
-1048
2767
-1303
-633
-233
1734
-1840
740
-181
707
-904
692
-320
-668
596
1302
1619
-4483
1258
1331
-1864
-1810
3646
-1019
-1481
1020
1990
-1978
-741
2003
-554
-934
343
1737
-2327
497
1337
-620
71
-972
1888
-1142
-351
714
-648
515
-772
1710
-2010
1662
-1405
1728
-1720
2333
552
-4280
1042
3990
-4007
-2031
4965
-1414
-1856
-317
4458
-3515
-610
995
1889
-3483
1238
1837
-1388
-1143
1795
631
-1055
-1415
3143
-1820
352
171
-685
-91
914
230
-783
-155
500
-124
-146
1382
2518
-5584
-548
5594
-3873
-2860
5097
-102
-2879
1093
1898
-1323
-903
416
1815
-2424
1547
-973
1403
-2209
2180
-199
-26
-788
285
646
-653
-189
-94
-167
1279
-1025
366
-675
1261
-1005
322
130
2236
414
-6005
3125
1693
-5284
668
4786
-2826
-97
212
3141
-4132
1715
484
855
-2235
893
816
-921
-337
863
-363
900
-2366
3584
-1376
-944
421
602
-483
1210
-567
-1457
875
-138
138
-585
3000
-762
-3252
346
4716
-6774
798
3426
-569
-2398
1480
2053
-2221
-629
2185
-331
-1201
-279
2675
-2935
1799
-1001
2004
-2066
1146
-113
-348
-101
160
141
-644
-109
1830
-1945
772
-1067
1951
-1750
1408
2517
-4472
-1941
6267
-1099
-7484
5786
950
-2827
-1520
4324
-1910
-435
-548
2398
-1756
-917
1432
68
-525
155
-431
1630
-2206
2617
-1693
1326
-1483
1022
-608
121
826
-626
-9
-519
1113
-1603
2069
1746
-2942
-2690
5786
-4166
-2487
3627
924
-3206
1169
2204
-1923
-541
840
1783
-3008
1559
927
-1335
-33
338
570
-1755
2096
-514
-665
540
-1009
1662
-1571
1337
-1640
1922
-1731
1712
-1733
1602
1132
-133
-6580
2784
10407
-10409
-3754
9674
-327
-7655
2590
4301
-2285
-3079
2887
2196
-4048
371
2029
-286
-1370
295
2305
-3051
1277
607
960
-3186
1569
343
25
-122
-362
-274
929
330
-2116
1085
-111
3322
-955
-3326
-402
3886
-4924
424
3350
-523
-2157
1302
1994
-2824
178
2135
-1389
-435
-523
2901
-2809
1515
-628
878
-1016
742
1364
-2724
1213
278
1030
-2185
1483
-1292
2382
-1774
1044
-1393
2397
1247
-6553
3073
4371
-5348
-2861
7757
-3629
-1974
1199
3173
-3099
-705
2399
-166
-1795
869
535
296
-1119
1267
-908
1268
-2437
3844
-2361
-461
148
1537
-780
-286
306
-913
1832
-1345
611
-1634
5478
-2831
-3472
2244
992
-4214
2149
1394
-1320
-516
1490
645
-2266
1331
786
-1077
-181
183
1429
-2298
2173
-1420
1288
-777
65
852
-1569
1167
-921
879
-897
958
-1064
1100
-1114
1557
-193
1567
-4373
-36
6588
-4322
-5304
4830
3649
-5771
-421
4499
-1171
-2050
-489
4078
-2767
-823
1682
161
-973
115
1604
-2196
1759
-638
1184
-2343
1474
-210
333
-1003
673
-180
-207
889
-1757
2527
444
658
-4708
3342
-1079
-2124
860
1698
-1249
475
901
-31
-1466
1357
86
-553
-600
1688
-2344
2462
-1615
1853
-1952
1607
-81
-661
579
-553
-257
1021
-1103
851
-1263
1679
-1197
1291
-1119
2956
-1366
-4980
3241
4851
-6670
-2034
7349
-2740
-2265
77
4722
-3613
-1027
1486
1712
-2666
-253
2290
-848
-1551
1726
521
-470
-2416
4444
-2232
418
-442
394
-1106
1093
182
-201
-682
217
1123
-628
2793
-5269
1232
3805
-2473
-5282
6162
411
-3159
31
2758
-102
-2754
1292
1012
-447
-1234
1517
-272
-325
-161
401
1275
-2135
1229
-146
-327
229
-254
647
-2308
2982
-1258
949
-2473
2781
-1302
3088
-1961
-4363
4546
1494
-5894
321
5265
-3717
-336
995
2851
-3978
703
1603
146
-2791
2066
915
-1395
-12
815
-6
306
-1474
2413
-2507
1522
148
-802
-304
641
482
-451
-86
-477
2288
744
-4127
693
1725
-3578
1047
1717
-240
-2019
2166
348
-1063
-358
943
457
-2047
2050
-679
-79
-554
1113
-181
-576
711
-467
187
-502
42
837
-1109
525
-292
122
-210
1539
-1961
2039
1300
-4609
-757
7949
-5418
-5298
7959
-1369
-3473
140
4564
-3112
-425
1042
2050
-3718
1357
1691
-1095
-809
534
721
-479
-172
1271
-2805
2747
-1381
931
-1725
2016
-1270
476
-53
183
196
764
-304
-2695
4970
-4110
-2037
2425
2152
-3780
1905
442
807
-2924
2231
678
-1958
51
1514
-1236
225
107
1738
-3461
3363
-1449
1721
-1588
-892
936
879
-648
-1068
1100
-588
1327
-1082
1442
-485
718
-4760
5197
264
-5742
1742
4048
-2749
-2603
3661
647
-2727
-231
2359
229
-3716
3327
-100
-619
-1366
2926
-1191
-1179
1348
78
531
-2070
1954
-1560
2052
-1038
609
-2416
2635
-558
-944
777
1387
2619
-6396
-145
1867
-112
-2018
2840
-832
315
-1492
2198
-1116
-494
1017
227
-1099
820
-149
510
-1224
2401
-2386
2367
-2422
2059
-953
-324
-2
194
499
-591
3
-223
906
-221
3048
-2389
-4476
3913
3204
-8498
2076
6259
-3949
-1865
3384
912
-3031
-1190
5105
-3304
-21
-204
2509
-2598
490
1063
87
-601
-266
964
-238
-1682
2432
-925
195
-311
187
-297
979
-1609
463
1594
3080
-5541
-879
5594
-4497
-989
3185
424
-3451
2839
-128
360
-2430
2609
-650
-298
-35
843
-779
-335
683
631
-862
310
-761
1650
-1859
1256
-658
216
98
-300
286
-363
1016
-669
3914
-5681
710
2963
-2074
-3312
4534
-950
-1446
227
2322
-1551
-1337
2230
-31
-1491
129
1242
208
-1690
1656
-1522
2196
-1664
844
336
-1869
1922
-580
704
-1567
1650
-1462
1947
-1694
305
687
2891
-5317
664
3945
-4641
-1145
3644
-188
-3934
3744
-155
-170
-2937
4267
-999
-2046
1307
721
-1121
-125
1500
-408
-1752
2386
-1217
1319
-2306
1911
-1260
1405
-1379
880
-1301
1349
358
-860
1471
194
-1847
-2662
7114
-4151
-3888
3122
2935
-4820
469
3147
-115
-3117
1618
1726
-1425
-1899
3140
-1306
163
-1468
3476
-2890
1075
-553
1582
-1035
-789
1266
-1219
905
-118
575
-1594
1462
-743
902
1123
-1181
-3530
4762
277
-5751
1256
3958
-2311
-2365
3522
-89
-1820
-137
1432
216
-2601
2266
-465
127
-506
424
609
-1340
1718
-1957
2107
-2240
1462
-956
638
-294
631
-1248
981
457
3077
-4516
-5463
10020
633
-9124
1634
7682
-6897
-23
3557
1286
-4319
1504
2679
-1956
-1185
2233
-616
-483
-828
2831
-2086
969
-1353
2915
-1928
-131
567
32
232
-470
793
-1629
2094
-2044
1269
-621
5387
-4920
-1944
3176
-2015
-2009
2717
188
-1647
553
1389
-949
-574
463
1109
-2713
2920
-1400
948
-1960
2597
-981
-161
768
-693
-361
779
-926
1515
-2257
1986
-1402
1676
-929
298
-770
940
300
1431
-4398
-1244
9082
-5605
-5720
5072
3548
-7450
1696
3338
17
-3820
1786
2613
-2729
-868
2750
-813
-480
-1149
3370
-2498
1633
-917
246
-318
506
151
-1252
605
587
502
-1029
399
-951
3139
-375
-4785
1691
4756
-5902
-1285
5439
-1114
-2777
942
2863
-2553
-164
413
2071
-3235
1945
-53
696
-1751
1520
23
-268
227
-739
1582
-2808
3056
-1403
186
-1615
2352
-777
742
158
1658
-5353
-3572
10408
855
-12515
3452
13039
-8887
-3512
6013
2471
-7277
1947
3985
-1543
-3760
3689
1543
-3941
961
2239
-1086
-1458
749
2629
-2410
-1857
2613
-457
46
-640
-29
-8
688
324
-1220
4094
-3465
-1431
1519
-587
-2595
3121
-36
-1349
1034
790
-872
-407
472
1805
-3418
2899
-1396
1127
-1534
2065
-983
395
482
-301
-423
267
-77
338
-410
121
-778
1240
-891
1070
-1011
3444
267
-6856
1848
5708
-6572
-1979
7982
-3828
-679
561
3095
-3281
-367
2169
-611
-606
-343
1527
-1581
621
606
-636
930
-1711
2278
-1439
367
-241
338
103
-24
-116
-188
-430
869
1921
-1059
-4042
3628
883
-5142
610
4333
-2624
-1461
1276
2390
-3161
419
1570
-431
-1052
229
1176
-441
-1063
1501
-1597
2465
-2108
2169
-1421
-446
629
517
-244
-1292
1099
-285
1159
-1442
1492
1191
-1855
-3643
6197
-1597
-5505
3100
2807
-3500
-1177
3596
408
-3497
2043
656
523
-3794
4211
-1188
-242
-588
1954
-726
-1240
1230
-23
-214
-783
1354
-1671
1623
-319
25
-1250
1714
445
1008
-1799
-3924
4976
274
-5756
1322
4766
-3469
-2175
3395
1190
-3618
-57
4012
-2526
-1126
2106
122
-1411
-405
3196
-2628
724
-25
1242
-2192
859
553
-437
-223
-317
313
430
-12
-487
340
2146
504
-6809
2056
7818
-7011
-3811
7746
-1689
-4275
2421
2821
-2660
-1593
2247
1796
-4289
2838
-617
782
-2691
3632
-234
-2739
1378
1336
-751
-2192
2722
-1164
809
-1137
1437
-1680
1376
-1028
548
2855
-2845
-3610
4043
675
-6194
3797
2238
-2277
-2639
5189
-1738
-1005
-585
2501
-1634
252
888
-589
-728
1296
-550
628
-563
842
-2035
3060
-1777
462
-1014
1341
-241
-623
905
-869
1435
-1603
1347
-890
5593
-7371
-1634
6995
-1701
-7045
5780
1529
-4342
217
3573
-1206
-2244
1435
1730
-2665
1154
-305
1977
-3526
3130
-510
39
-729
-396
1734
-1340
531
-1000
575
95
1003
-1254
878
-1329
1486
759
-577
-3328
2390
2153
-5187
1437
2075
-184
-2984
2281
1467
-1919
-663
1368
861
-2890
1442
1209
-1234
-192
234
1371
-1719
930
-272
505
-1325
1135
132
-811
-606
1038
615
-375
-174
-406
2244
302
-5260
1801
4120
-4630
-2201
5471
-476
-4054
2227
2238
-1777
-2070
3387
-1085
-575
-1036
3137
-2832
1032
-266
1062
-1593
811
964
-1310
137
75
450
-168
-821
269
782
44
-94
-497
1941
-277
-3135
1038
2473
-4174
-552
3706
-973
-2158
1148
1909
-3225
1121
1562
-1835
-122
848
575
-1450
222
1377
-1333
1212
-1381
2360
-2828
1584
-283
376
-1469
1246
-252
-381
163
447
263
2813
-3553
-5818
8763
1934
-8831
2778
6612
-5765
-1965
4520
1009
-3962
393
3510
-1644
-3227
4097
-622
-355
-1620
2958
-1716
717
-723
1803
-790
-1950
2368
-298
-302
-1741
2972
-1676
1057
-652
2017
-1224
-2575
2369
761
-3666
88
4025
-2431
-946
1261
1907
-3290
803
929
1155
-3407
2676
-397
-43
-645
1274
436
-2288
1631
716
-921
-1110
573
981
-832
-217
382
-887
1204
423
563
1116
-5283
-82
8370
-4503
-7593
6614
3480
-6735
507
4069
-762
-3346
2030
1898
-2592
391
670
549
-2229
1851
503
-893
-370
577
-28
-414
167
394
-974
617
310
-13
-617
-319
232
986
92
1865
-2897
-778
2598
-3197
-1392
3213
336
-2650
2141
388
502
-3310
3626
-865
-507
-975
2320
-1271
-768
1263
442
-996
272
476
249
-2084
2969
-1723
769
-1992
2812
-1281
-91
599
84
3623
-6005
-2727
8748
-453
-11238
6053
6058
-5448
-3086
6367
-428
-3715
315
3286
-1726
-1723
1962
1026
-2966
2085
-93
452
-1805
2309
-947
-526
478
447
-935
208
540
-464
-138
193
393
-1307
1639
2535
-2059
-5311
5394
343
-6062
2602
2951
-2862
-1002
2194
1442
-3369
1718
-222
1272
-2858
3082
-1153
251
-1397
1795
294
-979
-96
462
-44
-73
475
-945
185
621
-535
51
266
2667
-1754
-6668
5308
7409
-9940
-3323
10847
-2594
-5558
1239
4966
-4297
-855
2206
1759
-3570
1250
1366
-914
-687
1091
305
-1528
-78
2892
-1930
-1322
1042
1024
-1054
166
396
-1240
1319
-171
-402
-315
3208
208
-5850
2871
2345
-4899
-186
4270
-1998
-1483
1974
1569
-2684
174
1434
540
-3455
3305
-1160
296
-994
1711
-262
-1365
1216
365
-907
264
-736
1619
-1651
1201
-957
747
-1205
2408
-1452
2387
-1127
-4452
2482
5981
-6216
-4605
9792
-2271
-3980
262
4862
-3568
-1247
2206
935
-2603
362
1777
-912
-1056
1822
-501
148
-1621
3538
-2225
786
-695
1186
-1555
744
578
-631
225
-848
2206
-1642
2418
-1756
-1341
1122
950
-4568
1427
2992
-1537
-1462
1587
1427
-2715
357
1431
261
-3131
3355
-818
-107
-703
1922
-1058
-662
1568
-574
-895
479
518
-450
-871
1260
-118
-662
482
89
603
3134
-5815
-2601
10116
-3723
-8805
6262
4318
-6752
1587
2693
567
-4833
3694
726
-1097
-1969
2753
-502
-1231
1038
284
-634
-312
476
219
-555
-401
325
372
-150
-334
285
-183
-192
128
1403
1700
-5222
219
5157
-5222
-534
3816
-418
-2916
1978
1782
-1983
-1036
1859
635
-2869
2149
434
-1028
-988
1377
1303
-2395
1406
-497
558
-587
176
718
-2277
2552
-1328
1134
-1795
2026
-1646
2340
505
-3989
211
4978
-3344
-3565
4632
-353
-2430
-60
3687
-2500
-457
1008
693
-1621
-422
2526
-1597
9
266
29
403
-817
2036
-2804
1811
-882
1277
-1463
366
27
1537
-1279
-22
-216
361
2852
-3375
-807
1443
2630
-6335
2325
2610
-1470
-2845
3494
846
-2940
311
2376
-962
-1881
1609
1263
-2372
851
686
-57
-1127
1617
-344
-1634
1002
800
-835
-683
687
312
273
-187
327
1727
-5510
1553
5909
-6466
-2250
7552
-1459
-3925
1789
3115
-3108
-524
1937
992
-3918
2972
-378
289
-1539
2097
-730
-479
1670
-1815
1255
-871
362
-670
1256
-653
-32
-790
1183
-352
-537
71
942
2861
-3466
-1570
2518
-1531
-3556
4950
-664
-1421
76
1817
-405
-1797
1648
594
-2015
1353
-81
638
-2138
2518
-1361
544
-31
355
-1043
297
753
-431
-668
671
-200
-191
215
650
2720
-4778
-3212
8847
-2317
-7441
4012
4085
-5396
-441
4608
-1564
-1649
-495
4067
-3083
-479
1598
279
-1497
-603
3212
-1591
-1079
1003
438
-94
-1369
2086
-1975
2026
-1458
1160
-1930
1843
-1067
1813
1124
-5383
2427
3454
-4784
-2597
7204
-2913
-1898
829
3075
-3100
71
1080
336
-1875
954
1157
-1275
-101
1055
-1037
1730
-1801
2113
-2818
2377
-839
415
-819
-209
558
316
145
-873
2298
650
-4884
219
8900
-8651
-2034
6393
-668
-5234
3552
2012
-2730
-1333
3031
-473
-1834
-124
3013
-2907
1517
-528
916
-884
-102
730
-399
-206
265
-417
871
-348
162
-1081
1477
-1552
2244
-162
1265
-4677
2670
1472
-4519
380
3011
-373
-3081
3478
-306
-1017
-1194
2776
-752
-1795
1538
-143
-84
-1022
2009
-631
-981
1307
-1015
1349
-2511
2661
-1191
322
-1359
2276
-1357
239
603
140
2505
-5476
198
5758
-3251
-5617
7038
-1041
-3468
442
3775
-1987
-1918
1681
1368
-2331
-192
1943
-212
-2524
2853
-812
1037
-2384
2665
-1174
-341
363
75
-555
339
609
-1148
838
-993
1351
-845
4026
-5439
61
3352
-1886
-3656
4574
420
-2815
1300
664
418
-2361
1839
440
-1638
913
380
-179
-1132
1411
-307
108
211
-978
1130
-1479
1705
-518
-403
-967
2518
-1656
674
1412
291
-6625
3315
9130
-10648
-1619
8536
-2373
-6854
6423
857
-1770
-3496
5063
-483
-2556
-406
2913
-1401
-1269
1148
1249
-1930
962
-1081
2949
-3115
1603
-881
1270
-685
260
-289
-693
762
-496
903
214
2202
-5023
2095
230
-2092
-572
2805
-1373
-237
311
1407
-1543
-152
1360
-143
-1939
2677
-1586
935
-1778
3491
-2377
628
382
-795
660
-444
702
-1434
959
-122
1156
-2419
1790
24
4148
-8076
163
8959
-5490
-6244
7317
1420
-6859
2900
2388
-828
-3361
2179
2498
-4348
1177
1737
-469
-2116
2381
-244
-1110
1253
-1030
740
-1105
1100
-1037
870
-624
790
-813
818
-225
-736
798
1561
-1169
-2251
2878
-1966
-2356
2677
958
-2033
-444
2047
-133
-1593
564
1056
-1174
-526
2070
-1531
724
-1256
2428
-1854
785
-188
-209
-488
184
796
-1088
-475
1122
45
-782
944
-81
2424
-3585
-2796
6154
157
-8507
3638
4227
-4144
-1258
3595
312
-2818
-311
4792
-3534
-131
-210
3402
-3062
717
524
-277
27
-361
1590
-2271
464
670
803
-1407
1170
-1926
2206
-1033
-10
12
2963
-2489
-3274
5155
-3693
-1931
2304
2146
-3600
922
1550
-228
-1781
600
2014
-1937
-391
2170
-1738
338
161
1663
-2746
2196
-1294
1577
-1420
-41
-255
928
-50
-694
414
-1110
2245
719
442
-6726
4010
4634
-6121
-2248
6652
-2438
-2832
2207
2265
-2399
-742
1636
1150
-3150
1869
-109
854
-2727
3026
-1399
902
-661
172
778
-1858
1753
-383
-364
-877
1690
-808
413
-1122
709
448
2504
-4209
77
3036
-3047
-1702
2523
985
-3298
1899
1611
-1269
-1087
746
1864
-3238
1800
798
-1187
-278
939
954
-2295
1971
-884
546
-1240
1204
-765
180
-297
570
-854
654
594
208
2385
-6489
1637
6312
-4554
-5197
7082
-521
-4197
1728
2414
-1733
-1335
1891
1020
-3558
2159
184
434
-2169
2679
-1948
1510
-800
940
-927
-139
850
-295
343
-1443
1442
-489
583
-1338
1790
377
-1140
-1109
2629
-2662
-2448
3311
399
-2463
797
2159
-1213
-1619
1666
221
-523
-1307
2564
-2240
1244
-185
676
-287
-1296
2500
-1566
558
-1512
1722
-1006
694
-497
-175
-353
1731
-502
1583
-953
-3891
4082
855
-5118
-1430
7201
-3836
-1507
2336
1609
-2670
-479
2524
-955
-1602
1766
-41
-237
-1804
3719
-2201
692
-576
1582
-1968
1017
382
-586
-426
675
688
-1465
1029
-1267
3202
-920
-2729
-331
4984
-4771
-1727
4372
-164
-3087
1024
2201
-1265
-2010
2633
-530
-214
-966
2536
-2407
1395
-614
1222
-1133
734
580
-1729
1465
-1367
1834
-1663
1036
-1260
1423
-612
1234
1523
-2521
-3714
5339
228
-7646
3639
3513
-3161
-1828
4194
-902
-1521
-66
2240
-932
-2545
2944
-415
-901
558
-410
994
-1305
1775
-1704
1080
-996
560
46
26
-351
429
-429
14
168
540
2780
-2790
-1946
745
504
-2219
1638
1316
-1812
254
1467
-185
-1589
543
2028
-2114
787
-506
1013
-1252
483
908
-570
-271
-281
1042
-697
-654
828
-440
782
-1204
845
-1519
2858
-2063
2109
2096
-5841
-2572
10651
-5208
-8489
8557
1645
-6713
133
5562
-2391
-2958
2636
1278
-2285
-728
3185
-2169
241
0
945
-326
-1250
2619
-2529
1053
-132
1430
-2744
1940
-41
197
-719
-286
586
1313
-827
-3384
4595
-1382
-3728
1093
4181
-4209
610
1275
1287
-3136
1354
1704
-1651
-278
1211
-290
-320
-342
1856
-2751
2977
-1263
863
-516
-1558
2018
-66
-676
-1138
1885
-447
596
-907
1429
1092
-4927
1377
4987
-6942
482
5134
-2285
-2253
1752
3192
-4231
763
1217
1411
-4408
3187
139
-653
-1119
1464
343
-1492
840
1319
-1772
191
420
593
-1073
1595
-1520
85
-374
1666
-1326
203
3719
-4331
-1288
4356
-2351
