217,-161,-105,16,87,19,-51,507,572,-1654,-444,1175,791,-737,-1168,677,1057,-976,-382,614,505,-375,-466,75,416
-151,238,-56,-72,-33,226,73,911,-1508,-307,1379,-94,-787,-702,1282,-532,-393,628,-210,-30,339,-83,-158,-64,198
85,231,-165,-186,202,167,-82,767,-1442,-405,1491,196,-1081,-402,1475,-404,-731,414,159,-265,-190,323,-142,-9,-154
117,25,-167,49,203,-216,-259,378,724,-655,-1267,1032,930,-613,-1049,823,559,-1238,393,412,-453,-222,645,142,-739
205,-255,-184,279,70,-84,-60,-40,535,717,-1801,-270,1973,-103,-1426,-303,1749,-891,-851,1224,-93,-714,198,458,-379
-297,-54,134,128,-352,-14,197,85,-187,77,969,-625,-1807,1537,987,-885,-1547,1594,569,-1687,588,457,-264,-410,450
-84,-21,308,-218,-193,50,218,88,638,-1535,-320,1676,464,-1279,-525,1200,-497,-409,417,-23,-173,126,211,-203,-3
-111,-86,69,125,-227,-12,242,1001,-1592,-168,1260,373,-1479,-182,1567,-510,-972,678,519,-555,-195,426,68,-311,10
80,-30,-173,138,107,704,-799,-626,1052,564,-369,-1270,840,290,-1153,604,437,-291,-305,598,206,-503,189,-12,8
-62,28,86,-147,-179,163,542,435,-1731,445,1267,-180,-1159,-413,1462,-981,-253,598,-213,-115,369,-1,-323,167,134
20,57,-160,49,93,-66,-191,88,1133,-1279,-819,1453,536,-1060,-757,1387,-136,-904,482,384,-253,-337,379,332,-613
151,52,-132,-149,232,-92,-160,155,122,-298,-31,1401,-1298,-1464,1867,945,-1530,-1182,2151,128,-1551,584,613,-352,-662
-97,72,57,-61,88,431,407,-1539,126,1388,13,-1416,19,1436,-877,-494,656,195,-541,-128,581,-203,-245,164,41
70,-140,-45,120,43,250,690,-1557,-63,1440,-12,-1209,-170,1143,-585,-156,679,-450,-102,536,-207,-487,275,290,-521
-206,-160,31,163,-80,-110,311,757,-1402,-363,1038,498,-1105,-416,1106,-270,-562,374,374,-240,-266,348,-121,51,-64
-48,-58,0,-48,13,-76,151,-169,708,368,-2260,844,1589,-599,-1574,395,1796,-1703,-39,1128,-301,-388,166,368,-399
-143,63,114,-162,87,-37,672,52,-1550,589,1133,-339,-1407,312,1066,-923,-384,609,212,-403,-232,556,102,-359,122
-10,-10,218,-120,-71,112,92,705,-960,-640,1005,579,-938,-708,1356,31,-1045,553,452,-446,-461,598,116,-516,100
169,-237,34,-8,97,-6,-147,122,854,-321,-1782,893,1619,-744,-1505,940,1008,-1576,205,1105,-491,-580,557,506,-902
-115,160,154,-289,-6,71,326,591,-1827,458,1338,-245,-1183,102,1208,-1057,-333,893,-205,-208,-17,552,-296,-280,325
-152,138,111,-272,-62,26,174,-137,503,650,-2001,396,1536,-19,-1872,121,1662,-1286,-341,971,-176,-205,56,448,-356
95,-82,-137,297,-216,-86,576,286,-1696,674,1103,-178,-1266,228,1146,-1055,83,391,-129,-54,-219,411,-156,-1,-184
99,-127,85,46,-32,206,706,-1464,-50,1205,125,-1158,-277,1288,-500,-678,625,85,-248,-217,467,-175,-210,193,-51
71,-5,118,-86,-19,1,197,-151,-84,794,-59,-2239,1525,1388,-875,-1639,993,1416,-1839,333,730,-322,-164,44,253
-202,5,300,167,-91,-1199,308,1308,-329,-1004,246,876,-1045,60,562,-335,-200,244,201,-355,82,251,-440,155,160
-144,-115,38,185,-332,218,81,-164,187,1145,-1823,-404,1766,175,-1797,-263,1680,-604,-770,666,255,-360,-18,545,-480
108,70,528,-20,-1326,280,1090,191,-775,-535,881,283,-734,-145,443,-131,-84,-121,112,91,-151,71,62,-278,172
7,222,-42,-244,54,172,8,-143,50,1013,-716,-1838,1202,1511,-287,-1706,-633,1884,-357,-1173,734,245,-215,-335,529
79,36,-104,212,-319,-36,138,83,884,-1108,-1184,1062,1290,-99,-1577,-170,1556,-524,-1274,588,702,-150,-536,196,543
597,-58,-842,-183,650,347,-657,-837,875,235,-690,221,600,-380,-387,362,83,-311,-6,133,-106,91,143,-188,110
-254,-111,173,-12,20,389,530,-1460,73,1193,-50,-1086,-200,1338,-805,-309,671,48,-303,-45,253,-262,-7,77,-166
-27,-66,68,178,-211,-211,143,298,560,-558,-1417,1048,1358,-706,-1496,1206,764,-1613,270,855,-463,-490,728,281,-928
-17,-105,40,133,5,-152,-56,133,581,361,-2035,500,1723,-363,-1465,203,1613,-1429,-579,1348,-200,-823,285,656,-569
129,-37,-57,-13,136,-116,-139,256,890,-1098,-974,1435,736,-1133,-947,1563,-64,-1316,666,786,-703,-346,794,20,-681
-34,-223,210,-86,-127,-13,221,-12,-244,38,1013,170,-2483,1003,1839,-766,-1494,333,1788,-1860,-46,1158,-243,-377,76
-277,-244,188,210,-185,-202,78,374,614,-315,-1396,1005,925,-606,-1112,774,534,-1360,835,480,-706,62,344,10,-590
-152,-89,-40,312,-214,-131,114,208,564,-370,-1593,1313,894,-810,-1155,894,677,-1359,599,378,-313,-160,215,60,-456
136,145,-208,-39,8,756,-123,-1299,479,973,-238,-1017,405,853,-1233,43,806,-453,-251,169,366,-303,215,-27,-56
-54,-41,47,-46,23,-88,131,69,346,589,-2125,532,1613,-358,-1542,77,1628,-1459,-69,1144,-512,-325,428,220,-622
-86,-255,322,51,-329,-21,705,448,-1832,323,1382,-145,-1008,-137,1053,-984,-132,891,-459,-199,283,469,-498,43,304
-114,-87,107,3,-83,193,-17,-280,347,992,-932,-1333,1513,669,-1324,-921,1638,92,-1236,602,356,-377,-160,466,-34
258,-248,-219,257,238,-364,-266,207,333,507,-533,-1289,1145,874,-762,-1042,842,500,-1394,713,588,-715,-174,568,-93
-21,130,-118,-160,156,193,-265,-46,536,870,-1905,73,1562,27,-1822,-36,1893,-1161,-462,725,384,-546,-105,435,-120
200,-53,-163,21,146,-68,54,663,-1130,-533,1183,413,-890,-595,1285,-343,-688,395,135,-79,-205,172,79,-140,136
-185,124,74,-100,-98,279,-76,-259,132,1123,-919,-1478,1431,860,-942,-1125,1490,342,-1424,599,696,-610,-254,613,115
-107,98,24,-160,-51,721,206,-1564,219,1333,-29,-1165,-99,1093,-848,-89,607,-200,-159,69,457,-424,-48,237,8
13,114,-173,127,-57,-107,54,192,389,466,-2002,581,1484,-630,-1207,183,1491,-1488,43,914,-283,-121,102,244,-371
-138,-3,166,-157,-56,-10,82,-7,-138,78,771,489,-2742,1149,1699,-476,-1866,310,2111,-1793,-219,737,116,-206,-119
3,431,-190,-306,115,283,-252,-117,555,495,-1699,385,1305,-271,-1252,260,1261,-1189,-207,837,35,-687,198,739,-462
-191,126,194,-176,-168,180,221,-274,-117,100,592,705,-2398,357,1967,-306,-1791,300,1823,-1512,-385,1267,-86,-585,169
-99,86,70,-239,-135,754,366,-1536,-41,1482,18,-1088,-189,1046,-941,-298,739,83,-371,109,606,-372,-122,246,112
196,72,-162,-35,32,183,21,514,169,-1641,555,1206,-268,-1634,724,1034,-1118,254,495,-365,-324,285,131,-324,167
51,-98,32,7,-33,-20,3,260,672,-1109,-987,1480,858,-1100,-1639,1653,186,-1127,588,405,-123,-484,618,51,-332
128,-149,-104,70,173,-215,4,159,96,490,381,-2447,1151,1593,-865,-1249,594,1254,-1731,448,1001,-785,-284,620,191
44,193,-176,-133,209,83,366,484,-1802,202,1290,-233,-1235,112,1241,-1118,129,367,-354,-34,97,16,-228,417,-200
-121,72,324,-165,-187,82,486,606,-1587,-202,1443,103,-1206,-256,1425,-513,-737,1044,-106,-484,-43,761,-472,-549,461
-82,61,198,-162,-90,152,191,659,-722,-1093,1189,714,-911,-691,1123,59,-1241,713,345,-608,-215,638,-198,-452,574
199,-46,-144,89,23,147,-30,-113,569,693,-1607,-368,1646,-120,-1728,247,1730,-917,-760,728,506,-723,-175,552,-22
143,245,-174,-174,147,67,257,652,-1606,-81,1527,-47,-1161,217,1268,-1320,105,692,-427,-362,761,109,-759,122,475
-215,117,53,-45,-132,30,192,-139,485,493,-1991,518,1404,-377,-1418,285,1370,-1094,-46,561,-174,-107,19,91,-175
-224,-233,149,266,-188,653,-808,-581,780,511,-568,-854,1132,-60,-674,536,178,-311,-124,311,-55,-41,120,-351,343
-245,-92,108,94,-192,-60,104,140,-156,1089,-1476,-878,1566,500,-768,-1244,1685,-281,-944,768,121,-214,-245,490,-28
-80,179,-85,-24,-46,48,653,-199,-1634,1105,799,-632,-1012,788,529,-1223,669,372,-463,-343,526,35,-441,26,345
298,-117,-110,19,169,-13,-56,-203,971,53,-1916,773,1288,-327,-1787,922,1024,-1463,186,912,-452,-630,576,301,-569
87,73,-315,-13,156,39,-96,-79,1008,-420,-1542,899,1119,-699,-1419,913,809,-1189,229,649,-144,-594,299,514,-574
26,24,-48,-102,227,-32,-330,103,706,526,-1885,-156,1788,100,-1493,-305,1472,-799,-847,1054,120,-534,52,706,-497
194,-101,-156,200,-51,-125,134,724,-557,-1255,1056,676,-867,-859,1085,357,-1306,452,748,-389,-486,465,349,-461,-217
208,-97,-140,70,196,-206,-140,58,719,-181,-1675,821,1261,-515,-1495,828,908,-1545,175,922,-330,-589,324,588,-475
-59,35,-44,-122,-14,238,-69,-226,69,1172,-1184,-1222,1427,656,-1082,-1142,1554,252,-1436,686,684,-451,-648,641,273
172,59,-281,-23,383,-286,-322,228,415,597,-1017,-1090,1570,659,-882,-973,1163,259,-1385,1138,254,-597,-107,777,-355
-59,38,35,-108,53,-82,78,118,677,-145,-1846,979,1372,-259,-1629,430,1480,-1462,-28,667,-296,-218,142,315,-521
141,-308,8,108,-25,-39,160,689,-1146,-407,1277,412,-1306,-379,1274,-251,-567,347,210,-112,-188,360,-159,-108,42
-202,182,196,-133,-87,-66,136,-27,523,277,-1990,518,1768,-220,-1643,-29,1766,-1186,-729,884,271,-616,-30,715,-197
88,147,-157,-279,223,209,-94,744,-942,-779,1253,532,-1005,-817,1570,-197,-1087,746,370,-331,-174,291,48,-330,188
37,-79,-125,145,100,-140,-121,782,-602,-1051,1101,779,-805,-1039,944,274,-781,326,621,-320,-353,301,189,-421,-100
-92,117,174,-322,20,196,-220,121,59,-237,540,978,-2324,-29,1933,81,-1899,-91,2138,-1184,-997,1065,399,-670,-77
-72,-5,53,9,-70,497,299,-1238,87,1336,257,-1574,15,1476,-782,-904,778,604,-821,-313,774,-43,-624,361,93
65,236,-126,-107,-78,162,-58,-41,-100,837,183,-2209,780,1768,-869,-1682,896,1249,-1921,192,1325,-410,-838,483,765
149,-59,-129,175,41,-249,326,793,-1360,-247,846,472,-1147,-471,1193,-299,-803,512,454,-443,-395,625,115,-416,221
-29,151,-150,-100,7,320,147,363,-1433,331,1228,-379,-1305,347,1382,-1227,-333,938,-28,-568,62,761,-468,-230,148
-238,-25,88,25,-117,12,351,722,-1558,-89,1602,-110,-1558,111,1759,-1317,-536,986,168,-727,108,858,-497,-202,167
-114,-83,215,-70,-221,-114,562,412,-1449,-144,1558,1,-1403,88,1118,-859,-376,974,-207,-578,480,235,-548,-58,404
49,260,-101,-279,27,389,-141,-215,580,120,-1773,624,1231,-195,-1617,562,1286,-1500,-27,863,-242,-476,362,495,-459
95,75,-240,125,153,-55,-272,174,1008,-713,-1410,1122,1134,-622,-1294,863,936,-1629,272,843,-337,-570,431,634,-765
-54,159,-108,-137,200,289,-346,-186,1149,-181,-1733,869,1136,-457,-1746,1009,1259,-1450,92,726,13,-623,371,280,-387
98,5,44,2,-142,120,69,-284,410,921,-1423,-1125,1846,685,-1419,-872,1859,-279,-1535,886,734,-649,-444,784,207
35,99,-122,54,97,-53,443,442,-1523,74,1506,-268,-1558,440,1358,-1178,-195,1090,-339,-729,273,679,-550,-317,363
32,169,-18,-112,-90,304,-57,-149,752,-497,-1605,1375,1142,-788,-1705,1343,990,-1970,523,884,-352,-926,819,614,-1000
273,-204,-261,217,235,-179,-251,215,270,418,-427,-1542,1213,990,-994,-1103,1383,260,-1526,667,686,-748,-276,741,-75
286,-257,-105,192,51,403,148,-1504,676,887,-428,-820,383,722,-1286,462,454,-517,-76,212,-121,-32,115,78,-299
40,-176,171,-63,-126,-68,233,-199,-29,987,-59,-2090,1276,982,-1371,-851,1823,-300,-798,1101,422,-843,-34,463,-55
-41,-38,94,-80,40,300,514,-1611,-27,1512,-56,-1297,48,1392,-1009,-641,824,36,-572,57,706,-448,-303,329,111
-143,93,166,-84,-186,60,213,-189,-133,4,283,1128,-1505,-1098,2254,1,-1803,-471,2232,-778,-1494,1122,773,-784,-424
