-1337,973,283,1964,-1472,-3266,1853,3489,-3883,-2490,1084,5406,-3404,-3306,3572,1375,-580,-3446,1889,2530,-2298,-1148,939,1511,-428,-1230,8
436,-1024,421,9,-803,2337,22,771,-5954,955,7956,-4117,-5942,1685,6105,-1933,-4921,1340,4788,-1739,-2647,796,2113,-1494,-2529,2702,-80
2046,1762,-3561,-2521,2035,1486,-3154,1301,2247,-2505,228,1281,1071,-3244,1275,1773,-1694,211,-34,467,-58,-562,173,1204,-1357,284,1062
-1425,1013,135,516,3307,-5403,-130,1266,849,-2520,-1637,5104,156,-4178,-430,4036,-408,-2400,-336,2433,370,-2749,1570,-120,797,-695,-1696
291,-373,392,-313,2014,-2414,-2535,1057,5015,-6767,-158,4184,-69,-3724,1194,3685,-3532,-1068,3363,-1043,-1002,-653,2174,-501,-1580,1779,-665
1912,397,-483,-3216,2347,1678,-4280,35,3130,603,-4315,3678,459,-1396,-1455,2808,-646,-1421,540,609,326,-1130,1077,591,-1979,1860,-610
-532,680,60,-534,1030,-891,3176,-3834,-603,2561,3057,-7948,2029,4266,-1636,-4272,3595,1951,-3658,343,2671,-1482,-229,-822,2533,-2317,644
-1265,940,539,1103,-3524,1081,2580,-4441,-227,2454,1321,-4134,2128,2014,-2617,450,1094,109,-1525,1518,-390,240,-725,870,281,-1019,570
-2517,2140,-1874,1040,49,-1501,1752,465,1193,-5771,2277,5861,-5193,-3998,4993,1357,-4840,1184,3282,-1399,-2754,2926,746,-2251,637,803,-291
-326,-2920,568,2199,-2984,-1637,3050,-308,-622,-1103,4032,-3986,1190,730,-392,36,-691,1046,-896,961,-184,-162,587,-927,916,-872,1014
1669,-1977,958,-1428,1937,-851,-664,1287,-601,3789,-6333,1900,2761,-700,-6223,4526,1805,-4303,-582,4589,-1167,-3042,2449,904,-1810,289,214
2112,1247,-3165,-954,2216,-1349,-2132,1112,2883,-2215,-1435,2691,457,-3318,2610,-850,1099,-1825,1040,874,-1531,649,385,342,-201,-1276,1771
-2127,948,267,-309,-658,68,1153,2286,-4581,5071,2197,-7379,2518,3716,-195,-5959,3148,3960,-2132,-2947,1249,3142,-2055,-1334,451,2256,-1161
-1001,1402,-1495,1429,-967,1050,2110,-3427,-2315,4504,233,-5315,1150,4945,-4480,164,1298,2027,-4314,2014,1574,-1801,-49,657,430,-924,-28
-379,1469,238,1412,-3685,472,3140,-3288,-1455,2376,1651,-3739,540,3537,-2490,-671,1100,962,-1824,536,1431,-1143,-42,-564,3029,-2642,1007
944,-839,-401,1306,186,2112,-4570,576,4100,-4156,-1942,3130,1342,-3948,1744,1497,-574,-2467,3147,-288,-1897,1167,-295,1556,-2261,819,940
-109,-859,1092,-1534,2648,-2630,2857,-923,-2000,-424,4926,-3625,-3889,3810,1508,-2598,-1041,3315,-926,-2541,3152,-434,-607,-1898,3696,-1416,-762
859,-1091,167,1367,905,-1134,-3141,2424,2443,-3719,-2231,5164,-820,-3698,2196,1707,-1597,-2232,3466,-435,-1394,610,580,-395,-375,338,1591
306,12,-131,-299,364,3291,-4267,-858,2763,2645,-7836,3175,3463,-2450,-2854,2848,1642,-3774,955,2101,-1493,-133,-557,3062,-2415,-41,-189
-1771,2134,411,1619,-2345,-1924,3319,-723,-2569,-617,4938,-3189,-887,1430,2230,-3581,742,2042,-1611,-215,361,1204,-1131,-362,1860,-1814,1362
417,707,-550,285,-798,4006,-2877,-1379,654,3622,-6412,1981,2534,-363,-3273,2609,1317,-2787,396,1854,-1410,430,-1047,2081,-1587,-88,909
2012,-1050,-2065,339,3269,-2860,-3204,4638,-182,-2025,-1397,5036,-3096,-589,1494,483,-1382,-755,2365,-1064,-515,446,625,-15,-1591,2347,-1557
-1506,1382,-646,173,-186,1156,1893,-5991,2131,4259,-2546,-6166,6592,1792,-4585,-1930,6513,-2467,-2577,1685,1438,-1763,-158,715,1218,-2680,1548
-344,943,-1422,1839,-2800,2756,-1624,1302,-1857,1818,1902,-4834,546,4582,-1936,-5220,3303,3361,-3796,-602,2298,1630,-4447,2551,1082,-1283,-1012
-1610,1495,1223,1263,-4997,592,2613,-1956,-872,1950,998,-3886,2642,1164,-2200,592,-195,2023,-3297,2331,-64,-142,-1005,257,1273,-800,-448
967,-1457,2063,-2139,2054,-1185,4188,-4446,-678,1562,666,-3734,1560,2675,-2600,-772,2857,-495,-2188,808,2941,-3123,496,-323,2472,-2580,-101
2403,-3262,-464,894,921,-3080,-863,4793,-2384,-1671,1523,2163,-3107,91,2237,-819,-744,-136,1202,-307,-1258,1957,-1104,580,-1424,2587,-1855
321,-1988,1791,-1692,1948,-1302,2831,-1825,-2008,1050,2570,-4089,-249,3413,-848,-2604,2582,804,-1995,-972,3725,-2102,-532,-233,1848,-426,-2267
732,-694,554,-942,4703,-4137,-949,334,3173,-5158,1352,3594,-1845,-2171,2166,1307,-2411,-27,2488,-1700,-627,869,361,216,-1738,2038,-1583
-604,227,-490,1212,1041,-1055,-3143,3274,2295,-5779,737,3566,-675,-3844,2519,2414,-3269,275,1228,1015,-3245,1743,1440,-1358,-670,511,1282
2297,-2115,333,-629,1243,677,2643,-3143,-4378,2549,2404,-2630,-1368,4698,-2838,-212,774,1192,-2582,753,1360,-1246,435,-155,931,-740,-117
-971,210,1342,-1279,412,-1052,2438,563,-3307,-1236,6080,-4664,-3546,4765,1243,-4384,4279,495,-2921,1333,1501,-1427,148,-645,2784,-2674,863
16,431,-662,1414,1347,-1119,-4128,4054,1154,-4806,958,3369,-2297,-2097,3772,-520,-1874,281,2261,-1089,-1571,1871,217,-1695,1197,-460,1824
957,-299,499,2678,-4408,600,1841,-483,-4578,4446,816,-2478,-1718,5282,-2603,-1646,1712,1219,-1751,-238,868,1259,-2573,1314,-616,1985,-1872
236,-2973,483,431,2162,-5713,966,3115,-1067,-1630,-447,4986,-2618,-2156,1948,1116,-891,-1057,291,1184,308,-2391,1421,292,464,-461,-1894
-1858,1791,-753,61,-411,1501,1783,-4418,-432,4143,-1233,-5535,4667,2208,-3109,-2176,4746,-860,-3278,2898,404,-976,-1016,1367,914,-1521,-15
2409,-2020,2074,-2902,2366,-1305,845,996,123,-3484,904,3963,-4487,-2047,4461,-215,-2706,-371,5077,-4351,722,805,878,-1776,-187,1923,-1077
947,-4351,2642,-94,-391,-3148,3935,-234,-2621,792,2597,-1827,-1418,1995,494,-1837,1523,-1057,1603,-2205,1792,-98,-342,-574,169,767,-1453
-883,1359,-1391,1050,-1310,2351,1101,-2135,-3445,4571,-1681,-3825,3508,1470,-2546,-1345,4270,-1940,-1818,2952,-841,-48,-2134,3477,-1372,-668,63
-1127,1232,-798,1139,-1826,2272,-95,503,-4352,4960,-584,-4420,911,3611,-1771,-2789,2843,1516,-3018,927,484,1679,-3497,2443,71,-375,-963
1771,-341,-2204,-376,3287,-3560,-1448,2831,1292,-2804,-785,4209,-2733,-390,859,830,-1018,58,664,-221,-135,259,-418,1584,-2192,1902,-1687
2291,-2453,2020,-2271,1679,-1286,659,681,1855,-2894,-1353,3851,-1757,-2839,1672,2253,-1901,-3078,5296,-1668,-1039,-571,2144,-1213,-559,1356,-117
-470,1070,-1524,1007,-346,2509,-1574,-3270,2152,3489,-5259,-1015,4643,-234,-3874,968,3637,-2794,-1158,2821,-853,-411,-1658,2903,-247,-2174,1355
283,2241,-3508,-333,2150,-815,-2346,769,3425,-3050,-1619,3829,-1052,-1288,-1156,3924,-2783,572,127,514,-467,-224,1227,-754,-700,1370,-580
-383,424,-123,-496,2407,-368,-2382,-1563,5281,-4921,-1585,3370,699,-2528,-359,3613,-2608,-304,1804,-84,-1097,259,687,410,-1779,1825,-1267
-489,927,-889,1017,-788,291,3188,-2295,-2821,2249,2903,-6729,3249,2543,-1401,-3464,3408,1212,-3225,1215,818,-501,-1008,1141,575,-635,-878
2040,-5153,3042,160,-1676,-1545,3384,-465,-2052,1316,1223,-1439,-53,582,673,-1872,2060,-1607,1981,-1418,522,593,-1510,1721,-1264,778,-204
43,99,-197,2343,-1565,-2335,2018,2944,-5082,-1013,4708,-1890,-1345,-481,4467,-4049,49,2119,-783,-581,-809,2204,-964,-1198,1308,59,119
1637,-2259,2878,-2200,1383,-2209,1711,1260,693,-4075,213,4769,-3409,-3267,3693,503,-2304,-1337,5369,-3181,-536,164,2474,-2272,-286,1668,-386
-865,1121,-1571,2077,-2446,2058,551,726,-4756,1756,3867,-4667,-578,3747,-868,-2370,838,2808,-3668,1485,384,605,-2295,1673,177,-637,406
-1083,1733,-1055,1298,-1932,2248,-214,1045,-4749,3582,1098,-4015,-247,3625,-1063,-2601,1670,2416,-3195,1128,301,1482,-3292,2296,259,-286,-1342
-497,572,-694,-553,1422,-694,4040,-5187,-1173,3986,1128,-7095,3479,3544,-3452,-1613,3308,530,-3478,1097,3196,-3025,849,-1034,2697,-2457,503
249,-455,1263,-1820,2081,-1339,3084,-5180,1604,3218,-1272,-4822,2930,2774,-3789,-823,4126,-1276,-1731,189,3018,-3419,1042,585,256,-1067,-886
750,-1077,1326,830,1347,-4136,-448,4325,-2829,-2314,984,4015,-3867,-1246,4703,-1494,-1611,-147,2896,-1888,-865,1363,674,-1066,-595,1572,-171
2902,-1802,213,-892,1368,171,-1595,1770,-627,3185,-6687,2954,3685,-3969,-3608,5339,114,-3956,1070,3605,-2506,-1294,2065,571,-2422,850,1141
2240,327,-2384,-711,2819,-1764,-2861,2883,658,-1175,-1654,3889,-2566,-372,2021,-1359,963,-2018,3011,-2302,968,483,-496,-112,-22,358,130
-496,299,199,2844,-3181,-2348,3916,-148,-3667,-210,5540,-4658,341,1571,1045,-2690,332,2114,-1183,-898,1408,-543,227,-1257,1872,-652,-264
770,-2000,1910,-1876,2324,-1456,3733,-4063,-717,2152,121,-3289,149,4130,-2876,-1238,2916,-387,-1505,-248,2693,-2612,1453,-722,1157,-1862,1042
413,-385,201,551,1246,30,-4701,2513,4317,-4495,-2867,4133,1112,-4687,2432,1899,-1550,-2077,3423,-179,-2021,574,1760,-1084,-631,-487,2962
610,-1024,2235,-1366,3638,-4160,417,570,1434,-3036,-1268,4466,-2735,-922,1718,774,-1707,-440,2785,-2222,989,-1239,2357,-2155,757,498,87
3784,-1757,78,-346,28,942,1795,-1299,-3521,2203,3329,-4678,-873,4017,-1327,-2669,2860,630,-1504,-1450,3116,-949,-1284,961,428,-717,84
-979,1719,454,109,-3657,1416,3300,-4166,-756,4167,-1202,-2812,1322,3290,-3370,609,-122,1646,-2571,1519,613,-819,-38,-181,1932,-1754,233
-550,1427,899,-402,-2848,1194,3859,-4741,-879,2071,2272,-4670,2332,1455,-1114,-2040,2454,528,-2241,516,1300,-148,-1205,373,1696,-2180,386
1103,-1628,2051,-611,2944,-4729,1144,923,806,-4004,1636,2600,-2517,-904,2821,-462,-1513,-56,2440,-2614,1338,-1198,2536,-3062,2891,-1108,-351
188,-162,-204,1177,-1296,2250,-583,-3147,633,6049,-5716,-3669,6357,-1213,-2120,-551,4074,-2917,-1222,3199,-1104,-692,-1026,2744,-1007,-1160,515
547,132,339,3296,-3796,-2395,3822,-1373,-2167,1033,2943,-3090,925,865,638,-3270,3170,-635,478,-984,1241,-603,-788,1031,296,-1118,744
118,-3809,2960,53,521,-3598,-309,4670,-1875,-2574,833,2901,-880,-1942,-11,2306,-681,-1441,1592,-811,1361,-2063,75,3191,-2416,834,-1026
-1004,-3,1519,-2574,2364,-1703,970,1585,1132,-3249,-3165,4458,3332,-7437,-1313,5759,1168,-3914,-2207,4826,685,-3596,835,729,1334,-2358,-908
64,69,203,1501,1266,-2397,-3181,5011,-1917,-1940,-997,4838,-2596,-1415,2682,-186,-1599,262,1289,-516,-1809,2829,-1321,-242,209,34,985
649,-1265,901,421,-704,602,-514,4036,-6413,1285,4405,-3066,-4855,4833,2761,-5388,-172,4878,-1872,-2018,736,3147,-3814,1556,81,1209,-2265
264,52,231,-729,173,3249,-3215,-1329,1209,4427,-7375,1886,2776,-992,-3152,2020,2748,-3238,-369,2554,-959,-361,-1137,3657,-2544,416,-1115
-2417,2876,-335,1158,-2677,-280,3123,-2931,-1092,1052,3244,-4118,443,2794,-662,-2538,1096,2106,-2381,726,-10,1266,-1825,867,1078,-1495,-151
-7,-715,648,-562,1290,1900,-2964,-2892,4869,409,-6219,2931,3041,-3040,-2074,4168,216,-3709,1811,1427,-746,-936,-92,3046,-2701,669,-742
1379,-2526,2273,-879,2763,-2695,-1017,2504,-783,-2230,-665,4385,-2993,-1708,2826,456,-1616,-920,3023,-2029,530,-260,1436,-1559,409,798,-489
-620,652,-801,1166,18,1534,-4189,644,4604,-3647,-3366,4154,816,-3428,819,2277,-1113,-1421,1749,714,-2398,729,1561,-709,-362,-1164,3206
-1576,1904,-1090,66,320,-750,3644,-2360,-2204,-514,7385,-7835,1,3142,1237,-4562,1339,3518,-2692,-1155,2222,190,-889,-1265,2408,-1155,-425
465,1940,-1604,-2575,2545,1609,-4370,-25,3144,36,-3940,3729,170,-711,-2140,2587,-214,-1548,1136,270,-56,-803,1339,39,-1573,1442,-591
207,-174,365,216,2706,-2296,-3798,4409,1778,-6357,76,7095,-4532,-1524,2323,1906,-3834,979,2306,-1598,-1132,1739,-389,306,-1735,2471,-1364
-264,118,373,-973,886,-422,3370,-2795,-4080,4916,3516,-7772,-1056,7887,-3204,-3696,2784,2835,-4251,-316,3991,-1911,-1450,831,1896,-822,-2028
2427,-1422,3369,-3836,128,670,962,-3324,422,3092,-1497,-2167,2315,359,-908,-1688,3271,-1871,896,-1601,2504,-1014,-366,747,-678,1085,-1047
-1468,2537,-1280,2001,-3672,3178,-1734,1405,-1895,845,2591,-791,-4753,1710,4732,-6704,54,4691,-835,-3526,1121,4006,-4165,956,555,798,-2314
507,-698,377,-1222,3084,849,-2044,-3483,3247,1944,-4943,1516,3079,-1719,-2388,3768,-733,-833,-285,1422,-210,-2114,2569,-793,318,-1570,1482
-199,532,-796,1099,-1976,2823,-2170,4373,-3457,-1887,804,4059,-6034,-247,4180,-779,-2649,1280,2472,-1983,-1722,4117,-2252,560,-2105,3196,-764
-986,-2387,3398,-1397,-865,-1896,4856,-3176,-519,896,1369,-1897,-109,1564,-464,-778,885,-733,1483,-1767,1737,-1601,665,499,-385,77,-613
2582,-425,-1720,-928,4503,-5007,-307,2276,920,-2223,-889,4085,-2680,-561,1874,-299,-231,-1819,3594,-1873,275,-1093,1659,-201,-1233,659,249
1814,-430,-773,-1966,4077,-3991,-647,1021,2538,-3132,-337,2935,-1019,-852,317,727,-458,-676,1090,-521,735,-1341,1246,250,-1308,1423,-1392
482,-667,1450,-2339,2066,-719,3389,-3753,-1437,2575,2538,-6243,681,4477,-1915,-2487,2454,1049,-1495,-1752,3650,-1827,-86,-414,453,950,-2332
1499,1098,-2850,-1016,2696,-857,-2675,1515,1819,-1136,-3045,5192,-1913,-519,-786,1458,-518,-474,659,249,-717,421,-43,1060,-1787,1477,-1476
1215,-923,829,-284,-1148,1771,-1361,4657,-4638,-727,714,5070,-7456,798,3469,-577,-2897,1213,2843,-2304,-1044,2700,-1391,587,-1941,2510,-94
-962,1002,-144,-1140,1607,-1027,4193,-6269,1981,1873,-209,-5142,3093,2945,-3685,-1158,3510,-258,-1954,65,2742,-2556,616,-311,2332,-3289,826
-41,-228,750,1894,-1829,-3278,4078,863,-5291,1704,2663,-692,-3057,3355,520,-2769,865,1664,-611,-1577,537,2109,-1675,406,-911,2541,-2639
248,-206,371,878,1541,-1466,-4330,4668,1436,-4296,-2231,6156,-2313,-2249,1220,2726,-2648,-825,2396,173,-1853,807,380,1253,-3341,2083,454
-1745,2902,-2633,2246,-2829,2568,-1179,230,-658,191,3554,-4253,-1151,3974,-780,-4305,2437,2468,-2081,-1879,2338,1231,-2832,1270,481,24,-1117
-1060,647,-1414,1919,-238,2338,-4957,1910,1746,-1918,-3129,3626,1683,-3613,-440,2576,901,-3383,1505,756,-302,-1040,671,1336,-1333,154,336
-1158,1417,-1082,1992,-3064,2670,-1635,2084,-2736,1544,2587,-1804,-4347,1700,6898,-8572,-328,4929,1396,-6859,2845,3554,-2390,-1947,2440,589,-1708
411,837,2231,-2759,-2549,2614,1102,-4071,475,3422,-1389,-1553,1406,2356,-3537,1742,-190,620,-1437,273,1911,-1751,932,-612,983,-656,105
-2452,1231,-1418,1785,-1147,914,-1042,1822,2344,-4334,-1634,3745,959,-3572,-2661,4419,1030,-3320,94,949,3159,-3708,36,1949,-64,-583,-877
302,-104,458,1791,-2978,-489,2726,1319,-6869,3603,1844,-913,-4007,4836,-74,-1531,-694,1712,-63,-1188,80,1400,-666,-1003,-279,2779,-1603
327,-2424,-583,3200,-2049,-2932,1291,3148,-462,-3717,742,3649,-1149,-1462,-1169,2952,-1474,672,-852,410,1193,-1959,1308,79,141,-56,-922
1465,-619,457,-1267,796,1740,473,-4399,-22,4090,1956,-8309,1486,3867,1695,-4717,-1593,5449,-985,-1636,-666,1283,918,-957,-1123,1018,1341
-988,2751,-2544,1766,-2748,3360,-1852,454,-389,2346,-897,-4279,3120,3655,-5490,-2079,5809,-1372,-2738,-1,4067,-3120,-505,1857,-98,-680,-648
1420,-1867,1300,-485,2887,-1929,-3236,2850,1002,-3170,-772,4212,-1762,-545,-801,3198,-3179,1211,427,136,-1125,557,854,-189,-1249,1428,-1248
-1464,1436,-947,2101,-3038,2605,-2277,2212,-1953,1488,-1315,2694,-596,-4432,2423,3993,-4729,-2605,4767,-318,-2287,-61,2843,-1791,-1211,1933,-184
-11,2262,-736,-3316,1402,3229,-3991,-872,1600,1796,-3647,1961,863,-243,-1634,1761,254,-728,-584,1463,-210,-827,-692,2051,-1294,733,-1642
-1732,1831,-2129,2566,-806,2412,-4501,1382,865,-1469,-1831,3218,401,-2760,375,2384,-786,-1564,913,650,-1112,1002,-801,1410,-2133,2268,-1051
828,-896,464,296,2619,-2149,-3074,2699,2816,-5398,-778,5063,-1576,-3150,2308,1529,-2109,-675,2170,-358,-1344,407,904,815,-2863,1405,532
1724,63,-3034,-6,3312,-3578,-1617,2607,2195,-3589,261,2046,235,-2871,2369,-643,1097,-2826,2516,-107,-511,-700,906,748,-1023,343,183
-1718,1595,-1753,173,527,-57,1824,-1280,-2372,60,6387,-6317,-812,765,4289,-5001,394,2861,-353,-2089,1037,1319,-732,-1648,2125,-386,572
-627,2025,-778,-868,-410,662,1653,477,-4569,347,6520,-5072,-2301,2836,1447,-3395,771,2409,-1215,-1580,1371,977,-1254,23,172,1486,-1524
1087,-2318,2604,-2211,1387,-2237,2506,316,1421,-4818,1610,2147,-2270,-2094,3086,912,-3979,1524,1968,-718,-1679,704,2042,-2166,941,-312,1236
-832,834,-618,32,2271,-489,-2863,-408,4505,-4113,-2544,4152,1251,-3577,-760,3984,-1271,-962,301,891,-336,-565,374,812,-488,-723,-315
-1939,647,47,862,-1465,454,2318,-1673,-3210,2886,5205,-8441,106,4022,1705,-6671,4194,1074,-795,-2311,2670,-32,-963,-501,1484,-247,-275
1473,-2033,1516,-878,3894,-2473,-1749,56,2483,-3820,42,2932,-107,-2531,1697,868,-727,-1266,2110,-1516,1374,-1959,2465,-1798,945,-151,-105
-643,914,-1914,3313,-3066,2010,-2104,1617,-1022,1358,1746,-3671,-2010,5937,1406,-8677,2961,3523,-625,-5160,4419,1009,-2467,-218,1440,1102,-1683
3213,-1684,-2821,989,1833,-2475,-1272,3378,100,-3110,1654,1588,-1048,-2114,2509,-699,581,-1778,2223,-1064,-39,749,-13,142,-1437,1417,-540
-19,591,-1379,2661,-3053,2662,-2689,2903,-2685,1676,-822,3699,-2919,-2901,2766,2765,-4830,-817,4552,-1625,-1607,-425,3975,-3248,-113,1222,76
-833,-574,1975,-155,510,-4219,4289,-878,-1715,-1929,4954,-1376,-2152,667,2658,-1726,-1175,675,1227,-1592,1541,-1491,2217,-2285,1962,-1392,1307
-365,-914,-420,1229,1134,1116,-5020,-6,5497,-4274,-1943,2232,2608,-3953,759,1347,731,-3437,2758,-449,668,-1610,1392,402,-495,-1121,1137
