-302.09157352039335
248.72123538793352
147.3272148335304
-161.35604945526805
-32.34812913062392
56.86076785194773
-93.97938677877454
77.74974836719747
-108.61891346063639
-260.59869532250787
555.1233225048416
164.78173151161047
-751.9168155428819
291.716245636195
678.3693249048953
-380.0355823620967
-326.3306304308314
306.6988803308033
244.9570499610773
-96.88396609315372
-203.21105620611397
-7.626281642228378
220.13748850813698
-12.257900047236134
-253.17968853009359
169.60656961324503
137.35100422461517
-105.8578846133965
246.3608285929097
-116.08744580009451
-221.74268487829636
473.88276591646405
-14.377773951898519
-482.5615710783809
299.795225767208
352.4091907541813
-413.12710124649607
-166.83862390339553
286.0930238732098
-87.25486502158226
-11.020013497971846
71.36679146333447
-249.60996666663448
238.6893840047905
376.6439577721565
-253.64913053366791
-181.6378668453403
198.56968752081292
158.23559208028684
-126.87828953437547
-294.09586085023716
54.8915842491495
456.5103109838172
-143.41808699781296
-525.5851118102587
502.84448716746505
330.69139695803455
-721.8687699912422
61.506677327097975
556.3308101397812
-192.58383295326436
-143.88801262443252
178.19298149496532
-19.99130705997805
26.294781003378567
98.37059038696401
-91.07221135420092
47.1415489505208
95.39542473042947
42.24393086488608
-36.88855067171567
-293.6691375921515
141.81270455742867
139.2177012420137
-339.48622914001743
191.61625962144174
164.85009280075062
-222.2711677757717
143.8796459082113
-45.94447704494223
-72.40255550793606
176.3335232748367
-272.9702646954647
83.5687473358798
304.37089809676775
-322.4048608700616
56.150394095392215
259.16194422997444
-188.0654264643575
-145.52979407357554
88.16174280989475
74.53627548534746
-252.97272031888352
16.28757695600264
253.36887130654748
-263.58819810950365
52.97678924548367
152.3753181344366
-330.42231149154475
306.63149464337295
265.2762892231149
-450.77074296654274
88.76243286696103
349.339650757859
-303.68332573023974
-223.58499746576743
363.9782049305797
102.6417330451323
-264.0510132241411
-42.23217885688791
133.28302646044338
228.74550293382194
-157.78882670554242
-323.94322141091914
369.4571306515569
208.74838176732243
-285.52241187822005
26.013626125430847
94.36912197762555
34.950826907515804
115.1211872267476
-145.45989190208007
-60.95472747819541
418.44648561767997
-73.67581330390209
-467.1418925307526
382.19732735542743
191.4944336223038
-526.9371455488028
133.24952904073962
340.52697480016946
-134.53229566856803
-51.632895232676404
44.94811925386324
1.8970603770416492
13.594219726060505
-10.91296144670532
9.515345944919897
39.23765469026725
-102.88293266265356
107.22751851591663
328.26794855426715
-400.42349928476375
-200.4973844102571
703.9580970893388
-158.60946195279604
-580.970107450011
377.61467216922483
254.19980550428596
-321.4504257917587
-31.03099720934145
243.5676326317314
50.438960704503046
-24.964631334725844
-106.15334659255024
-48.331086940917444
287.85487638836673
-76.63590257731359
-264.21497367473376
269.2792806474714
99.8785180952679
-106.96438444184872
55.74763585660202
-118.93447271072917
63.099680197037785
280.78157145526836
-154.83367035133142
-172.542695645188
344.416547555521
23.37351927541235
-320.70356191583664
264.62874819463593
69.16765113723184
-307.98356616220974
291.50629662937786
194.85640063591688
-289.1837492234349
-34.121110563113845
120.59537660648445
-104.41629914553845
-107.14690989522654
119.6807048452147
118.52829578599047
-174.01448698519164
30.441914441847032
312.86639613685173
-345.55464753956255
-149.4199614210691
483.7031334454059
-274.47046392374386
-216.62036515823678
322.0704779645544
-136.30858811932066
-7.614637120169249
82.15234356651492
-172.98018547372723
164.1793689923364
4.235886768989928
-182.93096766631697
88.99487858158398
-23.87007566181218
-41.42942648988047
-2.899476179169504
75.84148589864748
82.01666699138588
-214.95709713057968
39.218037759841536
101.96057428883938
-195.46214923742457
69.88811229628342
-75.34200324743476
-32.20889609126007
277.0729276932637
-426.9632219706074
-171.45750167329686
545.187114980737
-187.69906520439153
-311.71781872473315
319.81347177820936
162.9480315327224
-231.5582483871815
-120.7318240875735
221.33690663650873
-58.370266779977285
-255.66201046353734
237.62141189209288
5.607967654053056
-154.74022104620877
218.24722758921303
-167.11534982366862
-61.76627758887568
148.82709046359582
-367.8207897823012
61.6285176367941
286.8856736363635
-304.7109022565094
-8.428544592637394
156.33631636223973
-109.08988958338182
-41.471578975671676
-96.73820364051562
120.93672298086463
117.85190071982535
-151.32659440855053
69.09633520648578
49.32219522455743
-69.93873452847095
-83.49805519208488
-30.20281632470416
260.8760507698718
-148.46212997382943
-265.80008294272017
473.666954387259
-60.38391702272543
-432.83411307123066
401.44802055999855
96.9810609013827
-320.12471957529385
166.01320355023054
171.4778042107294
-52.8022942360267
8.154620005262036
146.61457508560383
79.0048160671753
-58.25105193616657
105.1604957708164
-91.60939827025466
-88.34545025721528
354.8789291611305
-142.34507970178487
-186.18721688735317
419.6435826826151
-130.7386355305285
-243.04795897839693
306.3032648149319
-44.02180786551551
-130.36035131455958
9.537498154186222
5.454805199495567
303.78273679487495
-230.203889339642
-343.953023210797
455.1003919353549
104.93202371687846
-380.1917681895388
53.34644882720575
396.27629666099165
-36.70935693423479
-391.0146667380094
338.5811582582987
281.18223386061635
-528.2801339758704
111.73978144392703
309.93693698107325
-223.41135316343787
167.13319541372698
8.167909408864972
-117.85565515402482
262.1295581240011
-225.43297434403578
-206.15386881146125
317.8221221338095
-15.090961639943004
-242.03257171648968
25.67644598039297
272.7316623172892
-70.8467561462488
-438.53046979130477
289.20714687055397
333.64345959046875
-346.7662763007979
36.722856598212985
185.20105618397233
-62.61330253281841
-47.645968105930535
-187.5069503612209
166.75433080908937
137.74629946418338
-395.3677724178403
196.13068530069552
299.609870952474
-367.15270895702207
29.595059424704516
308.6908494960481
-116.19208580393622
-196.9204343725414
73.96930751730912
143.3802275306995
-161.78838452467497
-56.677706760242955
201.49378601999996
-143.63209538010304
58.204858524702246
123.96464615143827
-367.24592903193326
288.49684277175663
234.2933306290097
-509.9498934755345
265.5065560063182
274.6567601395122
-457.21105026676275
86.01445705638423
239.1674418530406
-188.28066218560775
-75.70734895715248
113.38033965015596
105.0307408146904
-185.91538938576218
-47.29679872507283
180.10028605664917
-139.64012215824704
-36.26278151950936
-31.879168806529286
28.798966476593144
340.3911522458838
-195.2452329264927
-128.04164327893136
376.9136344464655
-210.93171946504648
-154.91561197487263
240.22624275227957
-145.99188012390437
24.006548707813806
128.63823292832387
-147.5848891223912
77.47818927861005
9.815314836288692
-239.17925764101147
13.454004769286314
169.4492333654078
-115.52408162885786
-308.98333096656984
265.76962178409235
260.478343911082
-689.5641546938809
-29.103840527870034
638.9335588081933
-379.14978200651274
-259.4431807935919
413.56449560994764
15.531535424921316
-173.4416436486057
-85.71953138774322
112.05293995178789
153.82631886630216
-282.34308422960567
-25.432165391415026
220.1938159819058
-150.13239640017824
-68.22408836100055
60.03920244983421
106.77487924838388
-63.05506085417581
-271.3429368543158
193.84358723667222
25.91288425676342
-334.55490291658623
175.8692462880441
2.178852415889139
-118.98608553402099
186.65608545742725
-303.30090083925126
-34.34648123188515
400.8489779976902
-262.210379865272
-149.62081998629998
334.5775394290415
-54.11985191689128
-290.872058362962
101.71549012133983
261.2548546151232
-299.8473195555326
-216.11205247994155
474.9947512831636
-163.55953179118592
-338.25535862764843
466.33107877255304
-107.78598295913025
-332.54823440121083
174.04261123137886
-111.25645822504387
3.533499125515789
154.3488039435739
-103.77598016693196
75.83900565037175
29.3414742227975
-96.08565412786068
-27.689668661724937
-77.4280763934261
90.14862399207135
30.18162103834966
-29.795268705952253
105.07095791870138
-95.94329290614093
-34.254894644131056
58.31097586840129
-73.20120246507561
169.96444601994023
-23.202825366467465
-139.9040152532298
402.7196233103412
-176.70040698682084
-363.28773532124774
522.666017601608
-63.775953845501704
-418.0592563312945
318.18971508925546
168.44677453968012
-174.51745410351197
-32.7894363778617
188.27308915797184
53.31908833406695
-197.91326535609156
169.08530898275865
74.2221602593255
-154.44654258634316
232.25760538129063
-96.3885206743939
-54.18266189109221
339.2560957766525
-292.0674444311978
-98.27055748463414
390.1197898434531
-203.18357930027003
-161.30375625568456
146.27115150348845
17.030664616866147
29.718859264344857
-198.13310309302116
-31.843315050685845
285.06218576530927
-67.16859336225698
-145.99140344194038
143.3030547322846
245.15170598651756
-45.579553918902945
-251.7387862243827
287.09580499258914
112.51766222697407
-504.7468563127649
276.17613510627075
284.2955407093324
-431.61058977792845
251.9565125890524
237.49830033336042
-314.75787966746896
44.61738070817458
-6.674843890600158
-101.70830849931032
112.65419876267475
-36.310754449012634
-56.03766952269086
33.094317511454285
85.81708936537507
-102.29822041823715
-239.45070861844675
314.03060681741636
74.41948980162229
-295.04875613269905
342.4006031251436
9.193459897540208
-305.4398374290695
212.20032821559218
-46.396295796673286
-25.479403129422906
183.1746105338985
-211.9008988639326
115.60503225523547
189.50857222379594
-281.26059975031194
95.44575322548138
198.28275921570017
-177.41715565233358
-76.23160445950359
160.3324137021961
63.89493170456114
-213.00462151551872
100.85531441037934
272.4444291597243
-235.64597652591476
82.83500709756612
193.01327178627457
-371.8467548659417
181.36652808695803
227.59249927573876
-369.4045344771321
194.40389909177577
208.32691240331638
-331.5572438126651
55.01018980868034
172.42647570862738
-123.72719363589859
-122.14168988690325
141.41193661501168
226.86242113042286
-320.1270947339477
-118.53338400313407
326.18825028051543
-135.3265667542835
-115.52550179695876
30.936354952704242
65.4559717622344
236.89255744684507
-236.38928302716172
-63.24530427563701
442.57022123264755
-289.08626565753184
-243.41998395699284
394.31189896700215
-79.70123428373302
-161.77842393752127
120.20121364862412
49.514644840102754
-12.263936974443986
-162.94901695997294
-24.56479860756329
86.83225809784543
11.63355511235051
23.487283142788694
-226.67759573048994
131.6526236721284
289.7586126060617
-624.5029814441166
-6.397481460736856
697.0066617647121
-393.2434116063596
-267.40685707148083
429.6172017066448
-43.60803028248816
-238.27365098775942
-11.52290783775124
183.45036008009555
35.07240241436179
-271.06089981629896
99.76769857225186
146.91579896967443
-180.40696602300417
13.917619115096912
74.73927111444075
89.21841082188018
-84.54040269341296
-275.01430130959903
237.4647200534746
65.07419354925918
-391.2156714546445
158.40375455083878
82.36246773080418
-151.6976634833046
147.37848740058945
-270.1205817212995
-54.514158451718885
353.7392427849569
-280.88725550450965
-57.688505624580216
329.61434831815563
-185.4453886867534
-170.87747354965663
211.3105854032513
52.37572883644626
-306.251399896086
135.2967340965767
355.39627008692025
-463.87875575009167
-55.963011198206004
467.70050118190323
-235.78859238066912
-30.317541730403548
135.34141074847003
-98.6585665728691
226.40582588980172
-61.98307320794851
-196.24390156252772
212.1999921546492
-31.290926306982016
-170.4892644619848
73.87226645570482
190.1455271174815
53.85516083501743
-209.0744576649237
58.098151603375015
113.53250571613844
-239.39554429913792
0.07972710775041492
153.70490289296947
71.23582192387184
43.43886806715178
-233.22890065681557
173.30448652511888
262.92091296217745
-582.4318668011284
71.18766842051656
656.1758967198143
-317.735003274125
-281.7738386815497
325.08763649576207
64.11559017734828
-272.3940796565207
-54.983630253755024
366.1044732029635
-10.231486043469602
-221.23940622521857
288.2066405591554
-66.53279327033215
-163.82142605286555
161.43855877388452
-183.7819914114649
147.74191087509124
158.0315310652416
-330.65181207386945
278.9867218109898
156.30456570994954
-398.2930354339596
157.49954072599115
149.35383696274295
-133.40510341660257
-7.038763405698589
-23.013863559317407
137.05134711974728
-15.269444655165088
-116.0266348673152
103.85854931809602
-13.733581217041532
-22.56776740472393
-96.97345749709312
-20.33325252091246
229.01496720751942
-336.2175424269315
-113.72339072379546
552.7163300968318
-404.22947512852954
-366.57068461268625
588.0464330642965
-63.79346068240699
-350.2298676955843
169.74800067789272
151.14507179949783
-30.683452286460117
-178.6474752042592
1.9398684574480427
61.802895665990064
-126.85099396901674
63.005098055840946
-112.00934898163074
18.046480711232547
344.02144823061843
-328.28267393289525
-140.22933511257128
344.4278674946231
-328.0179261753653
-188.32901571535103
290.5812057505723
-68.02562821147455
-99.16857857050758
-34.201972785375716
12.247348253769442
100.7777073782307
-304.6944098457021
-48.018167188690995
341.9689917697413
-112.04038569637278
-163.85741135625062
68.64805916164165
105.4448146319925
-121.64034361980869
-245.11980055311687
293.2061811284444
36.666771709783035
-341.47569885540577
272.74300172879646
-49.29581928032894
-243.00253633279638
275.1580478109019
-134.22394707003784
-84.85005017163414
281.6930816681843
-108.24915016255119
-42.689114189318445
235.35234504054984
55.03143294590983
-157.69603022051677
4.5274508502258115
301.30337502044347
-180.05032685446864
-222.70883865733683
461.94609162644264
-62.60380336118007
-325.8509573976993
250.24747757049292
-16.166357980295658
-115.20415438214732
60.33079765062009
-95.66671534439189
120.72587322502456
-78.69727636343718
-219.50729926289563
368.1239465502608
-42.35415145280169
-391.3047575004831
287.6266148009309
220.70245792962262
-255.016402840017
-100.95119979754594
295.47292093758705
108.54807433412884
-309.5150803918219
131.93619868492502
167.3077590575402
-295.4877331250192
190.8910107800723
3.8495722488817137
-209.68716478100535
510.58552115024156
-141.94627879338645
-399.7001169677478
461.41565794203615
-77.53790831103737
-410.25682738906687
234.57310765212708
138.30094150430517
-185.36024267019627
-61.0681853867944
200.24339022028403
30.58967609029824
-323.74046576327146
79.1261454839005
246.18704281288336
-65.43765421230705
9.021923424349453
-97.13812083088726
45.06832570523552
172.18740434012233
-356.40273683894765
31.74492075891888
365.8045843830224
-268.25591970544383
21.2308299871504
196.38050097628326
-180.72703279300543
97.26234853501259
24.182226090803823
-126.64366992224437
134.56829083490106
31.01347321820029
-114.62720797291958
2.4262368348887406
206.2916552139309
-8.665158788881463
-299.9100366115792
321.37480023207115
151.7406001814744
-549.7267486544372
312.47597477825036
350.3440488388478
-427.12221833151676
105.04605936542879
206.25197740309017
-127.05308829841807
38.77366759688644
-51.60218581203492
26.352313090137464
96.23545541127946
-103.4370069707901
-6.495385662693835
10.372930920639917
45.341071829635396
-69.8405883104715
-143.30861946063015
245.52019694012637
-80.19054683366431
-194.0388843519274
378.37708598668155
-34.770497954001
-154.31784103119597
252.13220473027107
-175.0874242545259
1.5096260156463188
182.69713745362412
-311.7870977476472
177.95143609049148
268.3447724845405
-337.7350057443166
-21.338959836842378
218.24975906665418
-137.23790715920057
-220.0597949268651
181.02818161342498
202.63258248073447
-355.4776668988144
9.346770180322466
352.73101714135225
-432.0339782649596
-144.14522321938608
397.40991188219533
-163.52628222750448
-48.656444632389935
134.93791785531812
-116.73293953988423
115.54824077781296
-47.81109367847654
-143.15535671762078
221.53987892849364
-26.176010156144457
-103.17297403224423
24.031921592949473
-6.0742305693218235
86.47821790488514
-147.84059959871215
-53.976715268395466
103.3652948942981
-125.23907263943882
-15.642064885211084
-112.97165687074786
-1.3692227438156124
237.5589317866167
-348.9428168518307
-3.1819573205953304
412.3993555446925
-468.620140468509
-64.68976410584912
478.75972608645566
-261.0918081909192
-161.15742410568328
173.50032661994004
-46.969228960094185
-82.06875925701284
-30.330929001396356
50.67633668565616
-53.95790699738963
11.166784872417999
122.50136511623637
-285.3562709818547
73.77749146827765
305.32875998146415
-467.6735533003946
-46.87548309174741
392.74448629481617
-323.3742474163654
-121.69649269596948
356.14276447936794
40.37393931039571
-135.4435279048275
-77.88287864461363
159.70138725512788
33.10469712236238
-334.07028687276807
151.71715546886085
307.27197055288354
-182.65104918189397
-167.2367843169663
94.48779390329977
169.88965751462524
-237.65663024517653
-221.61739420447688
434.55877095524687
-71.97881385022171
-337.7486741324244
439.33908749794335
-112.21839298749467
-371.20156121965863
325.1205630158112
-71.66579000915377
-134.89726009249097
217.45580487155647
-79.67151682388044
28.85629770829148
140.78472967659116
-84.21791086650975
-69.73821249792665
56.94181888521248
172.60632431594001
-207.23646771613303
-79.87344400326104
476.4517351151886
-238.3528405150978
-227.21836347529592
426.994573236183
-180.80763693651303
-162.52767878312167
161.6356577075809
-109.75799291498598
100.74195357548909
-98.38813820670876
-150.29361549047783
339.0050651820748
-186.08177919883295
-275.5392063231356
364.46509427334377
109.94952744694396
-221.95342619367295
-55.7316494226745
257.86546957690945
92.45782901866416
-335.6932937908299
98.42836043257302
170.1469654306797
-205.79890023213198
176.99827829802226
-47.98993729153483
-124.42457908742163
426.1870541348031
-196.33239403848083
-314.0717757739193
415.77635333696287
-57.59458162816401
-405.1812103772596
226.91920483497225
310.54505496660397
-205.18046105361506
-191.41374041593272
352.21100820429274
28.812910222076596
-451.5664158150742
267.2979846096449
237.60720564064226
-243.4883573638389
108.07621473254231
-37.442248520543814
29.157587683542573
166.0498901954462
-347.1633263743129
141.9568067805376
346.85815299785406
-374.18246781896573
50.75676512908575
283.2694366320667
-180.0286205702684
-10.587759604532806
30.95060462853293
-22.26684518492349
77.22774065688698
13.24152542455262
50.415923541258124
74.52877036868901
132.5431968143925
-60.60723816417804
-176.86196119367835
410.9023825908071
-31.738823028946655
-516.8691547661219
563.4204992520652
215.93431092269316
-640.2382022180531
249.69459291567958
308.9244121692476
-354.98062407741713
-69.05833768972838
204.1450973191599
50.53499127376654
-212.44951319510622
-21.55403091935861
258.18096352849267
-194.1506167797486
-162.25677660112976
175.66210937551853
32.66078397253814
35.00441337876579
-166.17857546415271
32.97278884523679
366.98702864050597
-333.3819940116241
-170.64886604272016
393.68973073326885
-230.7381371834401
-72.12451851724629
159.84950376542486
-189.32289976803884
221.4504565633389
7.44905217377061
-329.2227649385308
189.04317048355313
71.47668270875243
-311.97416838672905
-51.833152622986916
240.55872098256714
-72.87832027782635
-337.85229399290074
270.3028041158665
159.60258676921714
-572.1944485361603
178.46546448760017
390.24075222105796
-395.38470586377076
13.48405785033276
123.18613805495428
-195.20830409572284
75.95714297362404
-128.75868522443506
-93.52547510495577
204.34054323346743
-104.8389670285824
-79.34758514338736
74.83411528322422
49.35426279305107
-38.13138577153883
-185.5362085539081
128.47337734557368
71.95094041001042
-161.336827321775
164.28122304974326
27.24050006517612
-35.89246932347361
95.91062810196951
-248.74283246728038
135.04059386433445
202.43618774206476
-420.4551820501134
219.19203426746506
378.76671140292956
-411.4707189436779
-117.81932429504593
284.3624133910798
-30.664306315679426
-266.6481053958157
44.457210030045246
241.93722596138693
-294.6477626750013
-95.51167910993257
342.68520361952255
-283.717572491734
-84.54571299880718
301.92514229121775
-136.14142534864476
110.5074014586985
39.73192272123708
-233.50533408423314
306.16669534423875
12.27393532908826
-312.6854208841336
227.64525931084455
68.57154365406691
-138.40602498554753
7.1049153506065075
97.42207582085702
165.2901617244721
-175.0315704941118
-45.7177965229119
160.0487467011295
-106.59286876452782
-38.56731406924705
-130.986490807958
75.2122222003101
282.46504937244305
-391.1291032426912
5.518332592603912
470.19330969807766
-496.40052113934314
-189.9126755983325
546.1752593539715
-126.9138505841263
-244.71449874716114
161.53668407000603
60.68486184238273
-83.60697760239506
-119.18954423182805
63.61333012429426
72.04593832791576
20.709758143620796
118.32120164112337
-202.13751119491573
79.09379623237247
277.22919981787624
-412.0587319219717
26.737954296013072
377.7072521080139
-276.7133276073382
-3.254353990479217
259.44073789625264
-30.021274021971138
10.260293807496865
-128.64924445392657
70.68744581120906
209.26305010708774
-278.0159899998126
22.979076746604562
336.24216981266693
-93.76015070323604
-241.76065939162277
66.4984159522725
299.13129521044857
-214.83545549587805
-262.73325180049085
429.82516517741675
-128.24651176278002
-314.899485884987
373.7216624626224
-215.16758081244822
-169.36348445732216
360.79995200476094
-212.6558811101338
-9.186515729807809
198.87438161708076
-256.22235881779676
71.9080542480593
161.9273853256877
-158.9010061377765
-35.415784136329506
117.97208978395543
102.71329335681008
-217.31084571375615
13.70685544276418
355.6567342438644
-274.7822730389763
-113.19055419625278
239.0832412592206
-225.4741722225606
-19.545324686406786
-7.643646177570886
-124.92993584608136
274.8484729752161
-150.94918322532342
-207.8988085342714
284.3859737608575
-210.9825644910722
-203.9866638215378
281.29236882366354
10.727853437384624
-160.98578786295946
-34.621296668526654
83.90999347412566
-59.51304032941299
-201.09864715562043
136.9495812218335
-24.957647386379065
-97.96059026760098
279.8472135065573
-318.99593846624623
-190.12434679226914
499.6615562674282
-282.33171468775276
-313.3754517361025
409.8006975447118
26.09381719611713
-217.34413485689902
49.7369067138579
197.9942654783958
-22.42352387015301
-289.91434140216234
197.63432329902471
156.78331573114215
-253.44170431154913
137.956817689465
70.32683044494303
-44.70700728492004
-50.5744427041353
-267.0211950985617
287.40315948732353
131.86503895353715
-424.97275173454375
246.77749925650727
125.89773260416189
-318.55718297215833
128.54224519744966
-44.569386742667376
-21.294403664618272
186.04997042018127
-150.59887746664248
57.14469651460672
106.90617983654437
-179.5282745317077
-28.677300515394023
117.72383719587926
114.95968072565273
-162.61307884463181
6.760198411568609
428.218387726136
-324.75136777769126
-217.1196197697222
628.0321274972479
-180.1007121004177
-318.84901246284295
353.4727075760292
10.585234678781575
-56.97869834125794
25.026961226460298
4.385413557228282
191.88311555151463
-78.71263585652449
-58.63695414983066
106.2769244407213
-36.561390338363914
83.94643583846543
-72.90031942994044
72.60171830481735
254.4281075852332
-290.24641928316845
-11.201846692077083
262.40997458719664
-172.2989838971113
-29.933879411317548
-28.64949284013869
67.52844947527507
184.68466047543416
-455.66996471161576
-59.117395181206405
507.54403277838185
-252.38752679531234
-310.20135336716186
323.5822283200467
195.48593073147086
-323.232731831077
-180.00401833387104
403.568374736946
-107.73924516634062
-425.23175824622615
426.0933845728763
54.46923733389866
-361.9582941679514
236.04585832047042
-59.35665653261603
-121.88311251755374
72.11373358556868
-235.36523964774182
186.91068261474513
189.4620373788382
-271.73055483356
96.96464957958224
138.69774945327015
-91.61221584551384
-177.54264198580105
-38.14751572040431
330.3047331558891
-142.87402334323718
-188.26104310922787
284.56145286278627
-106.83925660309191
-121.10291186849692
20.7444046304943
-37.81330408358052
188.5176729760874
-234.29364530855298
-103.35870938079171
450.70192665809884
-400.46363513780705
-287.8197159754206
586.7663831883026
-59.03824692558044
-274.15717878089345
159.38751850441108
85.94895926747002
-38.95329317917584
-159.26528536880787
82.04311373955036
151.5106276286163
-96.87361006888196
93.85844459731199
-52.512939079776814
67.50216614868825
240.16676842265838
-448.916470585988
50.21727706050984
483.3300483342779
-413.7754931374275
-79.00866354504291
372.1140118271606
-108.01357877140661
-91.62434011085313
-4.857020855960208
188.88744716684926
80.72517402168062
-319.8445374511675
208.82747745818466
284.2880886998697
-240.77725704349234
-134.45086997598185
151.52852660378068
234.9730891930352
-225.89968683903444
-186.51874347937692
436.7497165501276
-192.91551581913262
-316.94241967103966
490.51770082492874
-166.5487592629472
-323.1546309428265
403.27371506643965
-11.103251633988492
-141.013149824273
71.67391776133306
-61.303527220212644
112.3178267493962
7.26444914400183
-135.40193776416058
-61.40995112439486
35.39023472295674
173.7854572935797
-303.7258654047022
-23.19771527339296
540.4488242154865
-356.0148416150272
-267.973362064589
402.2204898473019
-153.14892015280878
-185.52784408489137
71.60102773043562
72.10204903948647
160.99547500115324
-271.0054608919533
-63.03476312071055
335.5539721639286
-315.25454601808315
-166.48383254705777
371.5102364693621
52.633376688557206
-207.22021501250103
-104.02008501163402
229.6681459429785
-34.89174540320859
-342.6664434081529
260.3720680694413
38.723792832805856
-211.3520974173344
264.7060253672539
-276.3859723058067
-93.206978361896
365.4758018682958
-443.447787009056
40.25687327204082
483.49178337611704
-375.6881688150967
-83.09268160261496
305.3656718164818
-112.05215969265726
-177.16248934885328
67.69215983835002
281.5220252904459
-151.88754095384036
-120.78335772095286
400.75564948168744
-190.1757228739354
-172.3775290425241
175.45615866631283
-163.72020298459904
142.44269219424018
-56.820454768724034
-264.7248647162629
351.972914053427
-76.90168655478578
-259.39811272169874
274.65343637728506
-81.75032102094292
-110.49454883763042
179.3003529048545
17.790279065472674
-3.9582216536765102
-66.55501821143494
-12.353807539835408
68.4781086766755
-10.244212560285767
37.518793443198575
-169.758786029969
117.74768101790704
330.0145859934062
-600.5786806758224
-65.90344792666292
786.9648365058191
-351.3787300480561
-363.3902367223603
509.6620088508446
92.07879730840415
-295.93943534236297
-46.9773695642787
325.86246259854676
22.168472822959032
-379.36144205885796
224.566280622564
165.56268425103374
-272.8204763120589
115.64627429683048
95.15642718614316
31.067323777618945
-41.39563314299304
-240.70366281973745
248.9983954309267
59.33861808888557
-334.7735194271876
222.88075177662165
70.582785683093
-147.71396054839056
94.72035956993506
-192.60470321624814
43.69643462948986
155.34773437425997
-247.9187472581238
88.71864600418633
141.4558497353887
-185.3559477579197
-93.60880791702458
82.72780620838486
107.28690569995342
-286.6586317769633
17.114302508357582
404.30403686627557
-486.36013088248137
-114.98565862343452
536.281460847325
-335.29934331524333
-103.50071079383295
244.37554195305302
-137.54159165644515
154.33288326686443
-61.433767836390246
-217.78621331725822
217.18982193694737
-19.690485531951737
-145.54835790304088
71.67891956703097
183.99446432626135
27.85742851860828
-284.2434415366304
170.74798346124265
163.52225314868934
-376.10789707023446
71.78837899051064
130.2433709068951
-111.22032345972323
127.17021309736936
-157.60305387705768
34.777234549774604
239.42947316254805
-446.77127362168517
19.672197373095685
504.86633816513256
-233.05655028245076
-238.03227967982627
227.1404690180291
128.05007144738488
-244.33497432509412
-124.14369022638625
353.8278419410365
-75.52258166135098
-176.65774014176608
338.81268684661393
-232.20576571896467
-157.37110336534528
372.56380462596053
-147.9131257396338
4.726039328004532
183.80714318481384
-178.2690565649612
102.80755045587395
88.85949978919096
-104.95199487873873
33.760183300781755
-11.494326494760742
116.71849056652749
-26.84884402254903
-123.48832445406893
238.4089400968858
-16.87243547894238
-185.56352224323464
28.6303022840163
28.281187897206088
73.16027832204024
-181.10038181736454
-32.02520552160277
367.76670045146335
-306.5675601196907
-184.19266415192737
466.16320275580006
-284.7627688248133
-230.61502255241356
370.9817665901759
-34.85759454351518
-120.32569789593072
-55.342387688292305
10.074441458822108
134.59868243599686
-148.71409803431183
-44.941386500871545
103.46562324761541
64.18171172550862
20.388347108944377
-326.6647066945121
135.64326181818856
262.8306467554844
-484.1428876703585
110.08961731491974
371.9093588081615
-322.25654312248173
29.293083941576356
158.30832741123277
-122.77187327436353
31.11053958855996
-109.1360834981965
31.914308183366373
127.138960830625
-167.9972912089509
63.39930521200432
101.31823853476581
-44.41208432306186
-79.82499404729052
-84.79032868698116
175.40963176812403
-187.7938369115608
-203.50267145313603
383.03871417547583
-153.9219863334607
-161.22910141007134
286.38843959020403
-284.481820533161
8.749025928619432
260.3491294107347
-272.0795127422158
105.27752380539465
143.4181580690802
-274.08521747232714
9.166696569138281
135.5217705506249
-46.913616996041654
-186.707991845621
162.72312855037046
347.09275845198715
-450.269855409736
-85.48041529070127
556.6547286524249
-280.18797744047885
-207.33879720320544
280.45818108135904
37.13734738161136
66.84258235002058
-78.75403152494394
47.54922714122882
268.7101715444846
-296.2764011924126
-108.45969935930108
332.5926899724511
-77.9907376923305
-85.23162655265173
108.0799208564706
85.9179489237763
-99.64890495448405
-236.60890805977257
185.1246514638031
97.18467558730973
-187.82890191675335
78.05070291387956
-98.046262941536
88.96239048938538
179.4056259805852
-466.9313116908225
165.36248769170825
435.7571118368456
-441.84636685565954
-3.641355228399675
338.17383392993156
-245.66093477189494
-146.47906049015597
161.85661919588478
124.74892905503165
-121.77655138710375
-80.01781216933225
259.01601687722405
-137.08091452105288
-161.926237494049
189.7570095259819
-157.27209373888684
49.697133011286894
65.79214199970382
-175.79781807950695
332.25481814312855
-82.13810710595601
-352.60772890905855
368.70080691740014
-9.781494911292725
-233.8376243578469
116.11245900117481
-72.27832186311048
123.22322605113968
-2.759261616600071
-188.2248222963269
207.55916801880414
-63.82640847814929
-216.72058303587397
73.0133570752543
154.2175146971084
-22.349080707308804
-388.3642369567918
262.7523425187244
327.88345206544244
-721.9103809365471
121.65469710095931
576.0905972877524
-460.91800887947204
-105.36945319537773
273.1314076775951
-51.30099078436927
-59.38694919354459
-72.77950396473061
125.61969335050722
83.52069875115038
-92.88059764840037
59.19452065425049
-83.1261064611792
48.56403036809016
88.36660908676097
-221.33776630344593
175.93914812777155
85.19336197736592
-249.87538059290563
243.8375100657048
135.01309601626593
-98.71128559206866
54.10646384217712
-89.17472623523241
209.08664907949492
25.24412635734359
-391.0484683974545
381.47203278757377
270.8378119046262
-463.0076040649623
6.235935909168916
295.81166154413813
-124.37040587298243
-293.60277369857016
211.9766821707646
324.6844016375669
-438.32491572974965
-9.544733859980113
505.67765640077994
-404.56981933216986
-175.25051990731112
344.9647140166735
-107.21451448410696
21.859183121861292
-50.81786559978481
-111.9286012779034
277.4866948853943
-157.84917911493392
-210.0684489022478
301.3760827380338
76.72672548012099
-106.87184626458381
-135.06651883975127
84.96905454657777
171.9107460590477
-313.29497385471325
10.090467743058383
203.1404021668074
-154.03645149962585
64.04429577194652
-46.4478923477719
53.91980476000569
147.41902525001234
-433.6677376575866
207.0104362502833
334.70185240353925
-568.2967422542057
168.79039884566765
361.0761493749931
-367.97590684359443
-58.354609231411104
70.66786280767143
-46.18390437864878
-52.65901806520492
-35.05823818648055
110.58272825863267
-118.8721203074206
12.435847607268371
79.91070080582125
-283.3744357746674
237.19509468498967
155.59839887162596
-369.6467046252388
262.0218397584281
47.57258463581263
-432.04622846432324
201.35173940111386
151.86502249000955
-190.60835144220232
-20.687338746767793
103.40557071580128
147.68648448796523
-238.70948507743714
-158.0025469592248
373.18135808135713
-7.372487739879716
-256.2379293254696
82.08090424407764
243.19080591236872
-17.164266199085944
-316.5498226144789
338.89951056278323
373.28202513214234
-560.2608690589896
87.73673600046226
477.509291509737
-406.595580273362
-1.843959581112756
355.88922478415225
-144.03860863266618
-27.336032724815738
30.258647379414448
-45.83421313563302
50.80701018424118
-54.05251351330153
-56.34023141896018
-25.61554542501826
175.6447787399909
39.17373681820721
-422.04024335663246
221.48241889364084
302.56357990725024
-379.5840111684407
127.55457283324432
178.7136022458586
-168.13729909643024
116.56220949969665
-91.31012489782918
16.92465690650708
197.94155392388052
-261.1687967983754
137.1231675003602
230.11642459665958
-302.99411349674347
58.38123340157705
139.3734245981659
-112.28761876559605
-81.03997832270541
37.458022797343205
175.6911916518541
-202.6268181429142
-43.20914726055986
333.58005055394517
-246.31263405118312
-40.053795314001206
131.86876384385283
-315.7331279015997
304.55368107050964
98.3661155141906
-430.808996905821
309.3743142076263
32.36127762682918
-426.30477130287466
202.17021345616322
199.09160342928428
-221.31233382570673
-126.85330949141796
264.09765779460474
53.71366212947271
-474.15334702854534
113.4965417225234
313.92994025571903
-242.5324675363838
65.88248538973681
24.901153179941375
-133.41858158452163
172.02973157684679
-207.43548557923043
-46.898979695611445
291.1736956837275
-248.30044895082736
-3.097668574664027
192.9283388134646
-172.3802590841077
71.63041162516058
-8.084673135373777
-133.32618624888093
120.53644348883498
52.97590820591593
-34.85898353666336
-67.33101322696103
162.43568860466905
106.18385453026795
-359.07940016759375
243.6935810534
275.79229278851335
-529.3155395205993
209.95120827708655
397.2543310352618
-364.8310639455781
-2.3555260909756726
175.0916294060388
-84.25837909985043
-65.17323915333453
4.310172539913054
125.69140204420829
-123.79738311537237
-84.96765268893628
193.40552264752526
-138.23669464235752
-20.751437851634932
116.95344817816249
-20.448260590664958
180.44803479980007
-231.3072061365719
-135.25843781727164
410.84945396903805
-235.49293725193044
-151.79891566638025
338.76304134617806
-150.82984542952667
47.30244591612728
49.00895434747224
-202.3140260138859
315.010029983739
-33.35495416517509
-301.86279851315817
245.21265333499773
126.48421193717533
-235.1836430911747
-128.28055460873705
305.011294746884
61.09598957107892
-442.9645439804916
304.14506634511037
210.17901790238062
-580.2644342539445
255.00554833708793
267.015279762537
-347.9769163594998
187.60561447267662
-50.80335726713895
-224.43080441950858
265.5133802330929
-116.99851671899884
-179.24943569499396
189.3146942781886
43.7326286261149
-151.2568385162142
-184.48570811076823
182.28920040578694
40.27564334941735
-297.4845642153125
253.55857062505703
80.86121100435565
-255.32769789744978
132.9035488329747
-52.97862233814939
27.918796885244163
43.059097338800754
-322.36012489872644
316.7777280809314
111.31211765960182
-493.9758478522379
324.91435432354314
210.79459736999524
-475.39088868017575
-33.835914409067215
326.59554528108004
-0.7168153954351908
-308.06156967274103
149.6888211664921
266.790953605886
-344.5115364863884
37.62854316540441
208.3347954655744
-266.8710544544691
218.88792999871697
88.36558050891514
-259.92508113420024
314.79682334290504
-79.62987595107984
-316.7804432732087
355.7545356325072
73.16606191315054
-262.46717862926016
35.19984718171576
223.68988387294195
23.508463377274943
-383.6770803903355
89.92286864624603
359.8231489824661
-186.19120489851804
-54.05025823412069
92.79142350128247
104.08091426129852
40.9087873400196
-345.37431791701783
262.9993980689869
326.7222628215397
-555.2140744415293
188.662490526385
428.6052319169555
-451.346280928337
31.651074696145827
247.61575252555784
-136.08415563907553
23.6346943584046
-27.60891073773267
-14.751529597896202
41.574232171178984
-69.32198436338642
-33.92491841316908
47.59310040183174
224.64524966303543
-206.70014961874315
-222.12354079608946
550.3953564641369
-224.73607463549973
-427.48057502632537
571.16736665796
-127.52858349161926
-404.2029290229876
278.27893963504016
49.476033290314376
-89.92041530554468
-148.68799089851802
32.20669953144683
353.56237594806714
-295.3458875949236
-288.113344694638
306.5168147680935
0.21508666513608432
-114.65981673908395
-128.14181368848003
-159.81476850076774
325.5708760928428
100.64262889453286
-504.2210525494824
71.42455991977283
416.6836657257737
-405.6514190857757
-156.3622901185746
418.8708785622292
-315.1932279657098
-111.49375509818015
486.85708643351467
-271.20415584117717
-348.01804638757807
335.059953737327
-19.383651635480646
-418.39935741341304
42.770232771383974
242.83784522716192
16.485028649830113
-253.85688266104592
-270.62803851085687
441.6368222537879
189.23053157474192
-853.8687622737291
26.108889451845528
769.6059230429373
-322.4729608916856
-395.01443161457735
311.9030260319827
0.3887222799818062
-138.2650277573011
46.62160722868217
-227.62399800678642
82.40210577006991
371.7186343680065
-394.34473940412107
-229.84221904175615
451.31717260667244
-135.48783293045807
-302.98802104751536
139.91918121352444
71.90888861160278
