-696.0769139326637
1943.4156837111113
-1000.607074835891
-985.7916786544961
1490.2314513242382
-286.18402994244786
-474.1333964502247
72.27971306133037
-13.831855832209044
524.3600670170453
-940.2358965647738
11.730977002443069
885.3478286854781
-342.73028566582843
15.852071359927322
-215.4813621083755
156.22581703708022
650.0069198346805
-767.8582821855018
76.29333707238999
883.6937345106277
-929.1250841510812
121.14263834120209
534.1445874519168
-553.1127130597873
324.3668160873618
-537.1246612319917
212.25484678293856
850.2393194176723
-1354.9534899045398
51.33920858255897
1762.4555820003484
258.20494755765264
-1817.128314035394
-1346.4578683866073
3198.0566016259654
1361.0482057564639
-5409.974710711751
-1280.6669011989638
4885.357944979035
1296.110579338696
-3859.62022776923
-1621.9864343570343
3891.456479395908
1107.898885062185
-3103.47978574641
-392.2568963498127
1961.9577993210926
554.8347067432328
-2017.9813408891719
-635.2239838416344
2214.3505357611575
149.53044330591092
-1757.0050961389707
390.9165108662498
778.4323216971308
-344.4183456767701
32.62491858829634
-155.65205112317454
780.4258105138331
-1.930834597517503
-1255.2816756747884
738.0363988014161
-186.61217478490448
-471.6444120656723
756.5080079985121
-736.6278846416997
-188.83654042828016
479.0813906567606
-169.2889078361487
373.34601080149594
-404.1564602895377
99.34969966064705
1375.48750034772
-1297.0327643961264
-1315.1510052788449
2491.0275141443553
87.33606410166908
-3298.0810677471945
1095.4716900050407
2423.721782085631
-2108.00692352476
-1165.568761045202
2508.5864016486576
262.60006024684367
-2062.851207647477
880.3020409913357
1173.1499920151707
-1195.896089137897
-211.0369609658867
1216.6636287091287
-227.83209363766204
-1356.649254826339
894.3124703031585
800.5048417003786
-1079.7872640770252
64.38964193502807
554.535651737912
-130.55415238356278
-363.1268213362716
530.7479646012955
362.819091085327
-1045.1872535578148
-128.29630607150125
608.1540784376327
164.2985434339645
-313.02530966272366
-179.39178504879948
190.1219889674248
-498.12303549945824
612.803274815546
1731.4357592182637
-1131.134060604606
-2196.6758656001907
1836.796778246532
1429.3021128570338
-2914.3940843515206
-782.172048546415
2671.911725622682
43.569226720211645
-2118.9434638140447
1135.8774807996945
1566.603165549398
-1530.7896183964672
-422.90475518105495
1187.115465647002
-57.620126071437284
-996.3599848037759
339.4120993585536
730.785754898579
-663.9186863520333
-122.37567807015648
458.5110831600776
-19.894391624542777
-151.8880547826544
156.25743568409302
260.2455950996313
-166.23139746771005
-172.47101327895166
-194.34395570066988
353.08495932572947
296.4966323920164
-488.4348410035958
111.30609456677911
48.21162878228364
187.42089469789352
328.61971512645124
-421.8433510724508
369.10069906209833
569.8291116469018
-737.7231808489108
-458.37521841826623
894.9494095646563
-313.9574620337353
-1236.0626592615254
497.4141739282685
628.9659146273009
-385.4299286439681
-38.59978100578559
574.0342776661282
-178.98722405347584
-327.7193572205626
574.6747769577715
-64.86719213029153
-603.2654407038253
152.08221353986275
391.345088627226
-404.21968446497567
22.406254876546
467.5864472209847
-619.0892416801487
151.22637700387162
597.2089474820864
-270.231992986523
-237.4532987710743
299.6524394437946
731.3286966839394
-641.9683050275912
-444.2411035723976
746.4647532192548
-41.915986673887915
-291.70259267705944
85.8641752816927
299.808025481173
-690.9213673291517
392.5934674546175
1722.1510862732289
-1509.8095180556893
-1158.3311893792793
2081.9644867724637
-579.8673759444166
-2403.812429221004
1561.6450868005181
1720.9270027592918
-2076.6680595246003
-627.6830655463716
2357.250150185389
-161.42061960250817
-1796.2664909948844
1139.960291730852
615.1564682353464
-1259.5954909716593
422.81909170610794
943.2768885685705
-588.0787701679662
-862.2690799078846
1011.4242369575062
351.36337869965496
-1149.3876257463312
570.8803029076093
532.0012154077139
-752.7402063037332
-264.05880134925866
788.0991378497913
193.0104405345732
-992.2539937769874
1.5734141771496297
597.566163271776
-137.3452799476413
-386.48186642946075
153.23887046682168
-4.499870391267734
6.3479192065966075
1037.631762906381
-663.38346194428
-1467.0297113766542
1870.0901366092594
651.4220265333809
-3488.993015303484
20.684335780950278
2862.8450436741145
-1023.0843677209471
-1342.0261537518759
1599.3222694084252
722.8168330723241
-1999.381990818084
117.11862914691653
1924.1636976147638
-1328.6051029062971
-917.1648853014269
1506.3798330343002
30.1071208527419
-1245.549422787229
536.7910610612547
1116.9188796962371
-805.1389165083755
-594.6854641975052
702.3144193412389
551.6796659965373
-370.3068098136791
-245.46621076391875
389.26038672341997
-289.58209669948593
71.46451956076532
519.9872443837048
-363.2962338384056
-430.1189439813927
242.86183688004937
700.2780491842731
641.5278868214873
-1054.3407506389417
-1220.1515696709475
2681.3508304857946
1077.9867794514942
-4048.2781083063282
-680.9443173046091
3564.5863520004264
-240.4961293383451
-3090.396941377049
1495.707454482093
2814.5501818786415
-2072.641640390118
-1717.6797350213149
2503.372865688776
641.2429268018443
-2644.153593660764
499.39963242836507
2041.9246239061783
-1268.286037693389
-1206.3035303131758
1556.7915268481306
474.89596173674454
-1840.9494468562052
576.8539153504256
1602.0063798747274
-976.544457599037
-998.8744681252314
680.850594688997
1151.160072539042
-732.6570725601094
-874.6365518716002
794.2129520388054
29.687950623425877
-465.4381719926049
352.5871597450493
311.1065514306607
-482.82775906205916
503.6929484970591
136.8967602757043
-1209.5371939152944
1626.8929473413602
594.7489938806737
-3688.110734281827
-212.48237507006797
3590.3632135643647
-572.6436751206829
-2560.015081518748
1580.0091318341504
1660.086055033261
-1947.9762518853718
-397.8128591458826
2148.912444416713
-1002.1395046536251
-1533.1261060754052
1701.0341218950634
531.8672531679642
-1348.9341971714932
-183.78769879939256
1272.620720620847
-256.57567058934137
-1168.58781557182
959.4856155809364
478.3372086240155
-679.2203115627709
-74.24524454970657
541.4277395522859
-79.39197342138738
-980.0791921394359
595.1125154046142
690.516586199077
-776.8377986917596
-389.8571069666789
-1.9028487881752056
561.4785816794022
1162.7110429936877
-741.8719920052083
-1837.2386826540444
1678.7812829873458
1580.8562802884653
-3441.7620755254525
-1478.608504478938
3778.915879680023
260.02229089141883
-3638.144160645527
1348.9701804429083
2975.2992211813735
-1944.2091905802042
-1997.5741166168636
2191.4458080002696
1110.884713758963
-2528.332212219608
489.6991999270674
2125.3184095440406
-1517.3366550498838
-1214.1123578528961
1269.8613677802605
722.144838644462
-1060.7468131390851
-202.1598031842841
1056.2327633019163
-357.99745148426615
-806.3549358190501
553.6805909998131
715.1550838378457
-946.8193874627234
-615.7671488721667
1174.2458760633715
-61.711833446729884
-947.4099056251882
391.36596242623847
564.2131074123353
-211.22142171518175
629.2656349900699
-210.44647977495976
-1769.4190257981056
1644.5993579475662
1625.0448263830633
-3078.5964448448976
-1642.2839771039094
2849.6649006485554
804.6145647954213
-2689.522934088285
1040.3073302539779
2431.2691536895745
-1830.575601487451
-1022.2558449668161
2045.6775382296564
-49.40842187213548
-1953.862738746719
675.8685837525809
1232.6690338944184
-842.1311454981163
-484.28200410114744
922.4837133901505
303.89537091699424
-1363.2835561091297
332.6548169739717
1495.3583619826882
-733.523442170102
-865.1073251437209
440.12355650722577
418.6335688269488
-517.6769363301015
161.2415924259151
517.1291080756985
-789.8760448209347
-51.58167750918574
516.5516459347098
-293.663816901323
-128.3635197255156
1090.6148765934313
-124.13962599736323
-1877.755154636408
1192.1655282322477
1465.0891631305522
-2924.9856507039876
-1247.2363302122087
3195.4613881777186
123.0954179375201
-2888.380106715134
1289.0468312215667
2180.5353251611396
-1988.105841481471
-1137.2766247280092
2290.6650602215886
-244.28429551402962
-1973.4744662655817
1413.4266763622727
1072.883256951334
-1578.6996698447424
-651.6003778175598
1563.504560858315
265.532680272461
-1383.3082398670135
587.2813892834582
580.5785484242223
-701.1896203457314
-100.62637152660159
714.2616432454952
197.60844185209422
-1243.7833952109415
-27.304344910444797
1026.7549592811501
-174.18743002309458
-528.9120150690642
-158.9302778685958
144.66827684064504
656.3769067310786
727.4899602852802
-1180.7522901428329
-748.5505337783675
1961.0729822989815
-435.7470978790268
-2809.3123595246097
865.5874209580218
1718.7811492971548
-1678.599223769838
-264.2255736288198
1904.8473601546016
-440.90226776125417
-1557.1980792593713
1076.1037789893282
1068.990483760158
-1802.129944859497
129.6607075829662
1670.0791353202885
-824.1414989577534
-917.8450945003286
721.3282288433298
666.9865738127598
-903.7590214783497
-248.38082512319784
1252.4594840152317
-119.52905352698349
-709.9005705500243
155.81914477758744
227.34700648416688
-296.0700392605405
-100.2748164665675
457.9091635405021
-259.1404094053797
-479.29490334554066
227.71563454996868
339.0497597681167
314.30821991324
369.44496961572446
-1061.0719165698674
-877.2715231526745
2181.914885052546
617.0208814596579
-3243.0688677428566
-814.5801179413625
3017.064067385041
-312.509993390247
-2790.2801187787545
1835.275403823564
1787.7464559793907
-2288.5688643970707
-642.3826023622119
2053.4969261261635
-158.12315040705482
-1868.9470342094294
951.2473060221564
1028.109827203099
-1317.3604763139178
-98.92411149724751
1439.8378612809972
-115.48419582076701
-1427.7908647842423
801.0092091017539
1074.217096114757
-1010.9075169226069
-522.9722763465024
768.4418622911516
442.32312076027335
-1086.5892542504184
-154.3189519415373
917.9602278385128
-202.487843456081
-357.4962457806456
180.68562867103842
367.3153741717528
-652.5579231953052
436.8370809837638
1418.086140369923
-1650.9685746794455
-864.8962563210239
1767.867659762141
-1123.2684374029232
-2078.636242035261
1916.4547187028477
1068.3588282159976
-2048.080131031095
408.3088810538561
1766.2673992094988
-1013.3303852871137
-1081.1984575881802
1351.9722137790366
-131.9650632401864
-1342.8536964897362
944.358406784063
698.1788986280868
-965.138561044797
-476.12673086432727
998.3546348235329
101.51231320832903
-733.5672055097377
553.9567999444108
64.19890236099184
-393.97072249979067
23.27110402490683
475.0648362052815
195.18094323321463
-910.7855768778426
286.478988123658
510.6379619585757
-497.275518237706
-23.115215532477748
-46.32518030656604
-27.86055856865252
-5.637810162779459
215.94177506628472
854.0699644111808
-33.7830379420252
-1198.3449062252737
257.0852955014824
1123.887746425902
-1420.4401947992044
-1565.3017305587287
1848.3299539929258
1153.8547795646284
-2296.034260573663
89.17913399879262
2150.950162493049
-1009.7606803073105
-1146.324049680261
1119.8586654808353
585.2842753375945
-1283.1455115573576
-191.37496389014348
1207.9784465063103
-413.6621402036206
-565.7717819677437
284.37784201244915
308.51604087189514
-145.87963132435362
-223.13828974829914
788.4376990961804
69.89203654948244
-648.2980419736965
-173.8978291575426
429.48026083023234
476.5008953491233
-833.9362195594572
-439.7549929484395
691.4627932914736
202.64836757510082
-266.56762014341666
40.25522007297427
644.6340389427473
645.3778818286632
-1495.4403828548855
-1132.1397679541126
3040.2071148647346
-77.62565260181964
-4057.382614712766
1310.9785125463382
2672.0544141733562
-2422.4169535375413
-1337.1305458303948
2818.9376493416953
283.94437605224084
-2258.1738653565826
762.4756938406057
1422.5954364803742
-1248.3013450072724
-924.9390601252845
1345.2481240786265
-3.3092464856430297
-1184.1450982179867
604.8994613060183
677.8504402318192
-189.44053608592503
-372.55038036972746
221.25573492519078
327.77522015864696
-1.143624753045188
36.15680757161519
-278.81454093603804
286.6917997455735
-351.0631603768939
-314.70256135790845
1138.0417812693574
19.476221856977077
-825.8699908117045
-132.4705140850137
584.6614336076931
288.42208264864496
126.48094705496844
589.4111134485133
-645.2347811627185
-694.4160009873245
928.9665679407096
-261.4366821919957
-1818.2994034217033
920.6936860025208
1681.3171311497263
-1564.6909545219319
-421.170948736014
2257.3972126105755
-385.7664893912489
-2086.073928310932
1338.5064485432508
1216.813676807349
-1689.0312176443604
-353.35511067628556
1177.1257361396981
-81.33655100713244
-1006.0916394688895
706.9430175141135
908.3067699282682
-968.8158792819439
-136.04977605925887
849.5103078035563
54.34697805038567
-887.5381455503327
160.45449064634897
1292.2775280238006
-751.5694649470436
-550.0696959655115
912.7391365801994
-193.71758641446104
-272.19019773269616
399.0824960852279
113.04712436415026
-38.358255446246126
481.4840905775323
-497.15351295663083
-779.9404700421064
1622.299080048713
460.4706155230234
-2805.1099950865623
-354.6494625244327
2642.568539477335
-548.5009486901648
-1827.9227552843038
1377.8671053989374
1014.2068752928433
-1599.559523542045
-103.31527536397539
1779.5261307940966
-1095.3542888401996
-1303.6665742119696
1552.4025650828098
277.55051800171873
-932.0649869031353
-122.36319131647852
619.9380712431418
141.40839346184066
-711.862097522441
617.5954514433206
720.4585801520527
-415.4942935087889
-542.544101890974
318.27163474887647
619.2333314977691
-701.9163004288669
-216.75342568642748
576.0854020064714
94.53638701548377
-289.32184691216685
-207.31487593230298
322.5036237523805
202.48430010770596
700.6641031448178
103.30119148749787
-1641.8929429503632
315.6923235665962
2039.849744856665
-2021.614021224197
-2566.425248783029
3060.3966481505945
1194.8349209491644
-3176.4345671908795
392.1392168795403
2636.4782879817185
-1181.5576599822555
-2264.4218087366007
1922.6015958394269
1192.9771459971237
-2225.606952428253
85.48051165814013
1711.3804036671852
-640.4454823362503
-1324.2571470860273
1254.7546845207687
1056.655748743899
-1452.8136739184574
-486.0644238620166
1230.3309848984734
95.32698645306482
-1086.8386756766038
686.1859323714181
568.8542479470638
-1200.773395371623
155.84062025532603
841.4063506050934
-22.776924722767916
-828.1413604218831
-60.9148008273155
919.9475937350497
-542.4440957896852
389.0942111383851
739.3713060794818
-1930.0444279745986
260.1999602106324
2538.521836927433
-1877.9501750857055
-2375.149901277929
2352.439333940305
615.1281280319758
-2478.663595177799
666.0798996956892
2091.1212021177726
-1453.5431520993488
-1163.9123650224774
1880.9174935007024
-70.17428139752519
-1642.8886612795075
750.4933189291742
1073.6284960834041
-1066.636573089435
-353.540762652569
1036.7327440028046
-453.32905392033365
-413.681602518035
681.5841175818338
448.3173160017359
-380.044022931233
-661.7027384927065
1040.851826899533
397.9089597428367
-994.6852839507931
164.76326775596084
121.0379933099835
-237.7292419655868
174.38519166151056
330.99259956546155
-297.81290077701
-663.8546613782217
636.4763936605907
1723.613607267006
-449.15265562984877
-2808.7271573594116
1130.2352437152576
3018.623760525394
-2875.6183207092645
-2679.963539793993
3554.1114581587635
1139.4202088156117
-3416.1323883602727
426.1759986734187
2604.6980238824062
-1104.4534136489735
-1712.2864933846745
1522.1356348268855
795.9019914117655
-1761.1377913532424
276.2553288833882
973.4881599517055
-607.065726514188
-341.0594705534097
407.8731075412984
570.3215125380223
-547.3968609443095
-69.93107172294503
793.1920554982364
-105.04071417940725
-429.0605184873473
-166.86936257810092
449.37331208645617
69.22105589818938
-420.056845636777
201.60682611927146
417.62344978777566
-442.78862231070576
-420.19144919294206
1153.675066174958
341.4850765819459
-662.4562196241167
-12.372421796638832
-325.8694620142844
349.7826966318411
903.4726347895636
-1288.6874200199395
-1720.384560374967
1304.5343293580352
1181.530209298121
-928.4171695030486
-150.49939374032135
997.0979915094586
45.030151754716314
-971.2645355046276
611.9518704538481
740.1527399919796
-1036.694189418436
-517.7753776915694
871.9834767458276
385.69987356305217
-914.4772216747385
156.12004370104916
843.8411597397513
-393.3634973223978
-477.60484210468246
491.54089751432616
634.4981193265274
-727.5619820015273
-318.9731240126589
903.1628925784997
-109.72091575710851
-739.3598757151734
290.1592337706907
1007.128495031697
-551.608831138549
-686.1993555266142
590.9560441065405
197.33959168029514
600.6793152442739
-103.0731038336599
-1287.8232399987444
342.0611636412696
1700.1111414437405
-939.0410102833143
-2578.7808565640744
1745.9696552953833
2090.6989327746523
-2689.043869215888
-643.3018160167417
3189.4442628963134
-507.46529815030317
-2567.702304319372
1343.5538465028849
1291.8023850176623
-1607.7421283744875
-342.1751258160497
1490.4865790382944
-509.6111384009861
-1308.839361112597
1045.3001150247053
776.8113435084045
-775.5720578053852
-570.6421590029822
806.6163892119054
335.28595304925597
-1223.3337223218496
825.848218281567
828.7665413344589
-1250.1327325590933
-204.9318912119951
788.5352322254516
104.84602388846736
-878.0552518756649
252.64569670775006
678.2834279773742
-750.1822111508823
867.3727029466099
528.0940550877059
-2746.2980960184595
1007.6230027598036
3536.366326938592
-3277.863480220598
-3356.441822808885
3757.6672804461596
1784.9746754105145
-3580.812944367706
129.57546826003477
3267.6216494193986
-1614.8233830598206
-1991.3787430350187
2199.5016908826346
879.5150192133913
-2362.0189173064555
-407.3742486163301
2479.1847463472027
-553.2269578385952
-1715.084822829617
1246.4916312990947
558.8347127925086
-1305.012133376672
-16.895210808493744
1624.7341773172325
-360.89096787846825
-1286.2228787457404
702.5668003231943
396.5710445932403
-434.6197753632053
-106.99059120644958
287.1870016454867
-190.29886589767227
-595.3519284533445
560.3586403425813
301.2239237465201
-424.92550839150204
935.9503792201715
422.9585137620079
-2360.0638005400715
409.4202549909843
3453.321342500032
-2495.620640020793
-4015.704045611157
3194.6526678816244
2745.375937831179
-3542.594564716758
-716.2892342036275
3785.7774881372534
-598.8248302657496
-2557.705691937131
1311.3401164782963
1471.1447947902213
-1579.8928169725796
-713.4461450471853
1717.6994757526477
-272.29312831975585
-1270.0856051532946
854.8681933295716
675.5379311111627
-692.1687085987053
-211.30561094713238
706.2240481705679
-347.98109204369354
-461.6118848830836
920.40546241659
139.5106799456821
-635.4002015786494
-257.6275390892873
528.767131692651
348.90781363987713
-580.1485269093068
139.2389806147453
-40.063109672975656
-400.9628241811559
1266.0861682805821
923.5153733082794
-2381.8263796969536
-653.0235226326715
3345.283745167746
-1007.7089886934373
-3222.237348885213
2134.428571162416
1489.726876273249
-2783.000823833245
-12.809696635427827
2730.0442163395346
-1009.6116039499096
-1899.213057332164
1625.5660539691967
926.2030076091182
-1926.2990106443476
84.50344783286334
1660.2495073385098
-1246.8788806111497
-698.036587269359
1302.5936062283267
-28.42777193721963
-784.5597406939632
262.39028639286386
987.4995845490835
-537.5671190835262
-361.89987400488053
696.8348341272567
-265.98716482920497
-143.6938437201312
35.26653325545891
195.77986969088042
-198.77240832461615
-411.61635123778666
752.631626966885
155.45951453173006
-339.79164332078636
672.5486152894258
331.6987965198128
-1596.4888537804784
-248.40491977546037
3019.3356664033704
-552.0811613393516
-4196.98312125313
1253.2178636974627
3520.1054541089375
-1959.2759670908924
-1993.0323786160602
2233.3229374353027
1070.696117737526
-2104.1003822184975
257.6673024336643
2182.0307519647195
-1512.22128918793
-984.6377859847239
1624.2303302157165
-86.83014600409774
-848.5419173232605
75.8098775756543
603.9564791024948
-110.04211625760075
-364.60283740365463
433.881993025848
271.73168247761276
-301.6458972147374
-445.93307105947736
377.38245381668236
287.750579010477
-480.09617326522675
-125.62399707621069
283.27625493450284
257.9604406518428
-481.2355042022995
-242.43820565266526
580.199211935396
517.511759209938
311.2162929039039
-883.6536208503737
-894.7390694013516
1859.2290151090785
257.08761283025945
-3757.977174302319
474.5138277726303
3267.753298373214
-1578.5382995145605
-1683.0514620220335
1991.8361193010026
823.0059286580677
-1895.2094838165349
136.14524546287055
1409.8279244277123
-893.6050853705153
-504.6440396633576
701.3679776220873
-26.317137860241104
-611.0422863405859
175.9767409958793
633.9786689898017
-168.27398426770088
-235.27388370541524
-192.2497575801959
394.62148013651745
331.46129547165725
-436.2552387149399
69.73265011936724
-111.72133851149954
-77.39658994707034
27.98748868713824
302.0829680293629
181.24095387192125
-849.7147950303194
240.72142638890386
318.5636193497087
-81.61151201126502
1110.0551643717408
-734.6441589066209
-2521.6705057828203
1727.776933085851
3144.129461586833
-3431.9608040637095
-2907.5641031104296
3904.4986797779093
1541.8253700469804
-3470.131713436642
-177.16075755737552
3243.521295198949
-829.8957828491659
-2423.7945808853897
1765.5248023238037
1359.529497345275
-2301.152393549618
-335.3004837133137
2343.2299873390357
-718.0801334964574
-1486.6585575275499
1032.2915660960946
780.2177627499836
-846.3364042294606
-606.156355508255
1379.3977515543115
121.17539679940319
-1378.3704740687208
432.7249502988308
995.6470898969737
-239.22334028319656
-1271.925476321198
323.78018303184797
1084.2218651271291
-668.2735200668982
-66.92877077404296
295.28212400149755
-426.968933140049
708.3586793008927
1036.784873762246
-1381.1234258245966
-1166.3208299689743
2153.5887939720133
256.6722894050133
-3113.905945040785
202.64145125577397
2415.9560234688015
-1423.3466861172978
-1379.0089960861803
2102.7367693535143
523.8915878890298
-1924.5726403625288
350.82085045836146
1795.7720957436325
-1259.692798169894
-963.6155522941369
1497.6589338326032
-112.83165215476902
-980.0365861869966
260.13212685994125
844.1046285949451
-376.8609849906538
-806.9860934564787
1021.1288837925895
352.92772056307797
-854.0539722195667
77.8664880675808
194.51239233093423
-341.2661408569967
-13.859437670388225
466.1839652162878
-121.16107883694292
-512.8308824110128
-32.02764077776236
440.18620844922134
12.27295906161146
482.41118745283825
757.3934918891646
-2225.2619394384888
-641.009882906505
3619.3183382238076
-995.7856306317867
-4624.378627530573
1952.5120807590054
3513.1191482341164
-2809.499677508205
-1233.3541628115472
3064.407100860796
-178.3084514363784
-2378.1518079222988
1113.1754222285406
1763.248639188745
-1935.475251841
-611.6348533062867
1959.2470831197397
-584.8261076694424
-1179.9731098448465
1047.5666201578151
745.9450040960015
-1464.8766080577811
-187.97235860891112
1657.4278333559037
-537.0808967365447
-898.0480616157149
776.8112909342142
693.0922073043798
-731.6651066064104
-605.8490016918097
787.5319831270457
-54.548280656851716
-378.34588838724574
222.70362495565843
179.2133121760845
-222.22730534915783
-497.75705343740685
846.4194741981677
1108.6823511281732
-569.618755334899
-1289.3165628575362
715.5677978721402
1160.5929453776728
-2175.252543290619
-1496.744767028511
2195.9844005250316
992.2817662195162
-1680.3990026004938
282.8223728520054
1620.5770777713306
-745.4810808334622
-951.990460311086
866.0636591895333
648.6753681876196
-772.1889184582243
-112.54638252781655
442.34556621100853
-369.4036735221169
-207.4065353979171
156.35480044339147
658.4423834766835
-242.05739358113857
-704.0358865876308
696.007957117969
218.04200899910114
-334.4124606221458
-210.67773985534924
174.86522753039316
377.2846975238371
-433.69379450890403
20.272899894035106
318.7726262773132
-126.41999309892314
-368.19374667973096
465.56162357015353
1121.3622448343663
-1288.3220970499651
-1174.1974278895266
2292.6456717303727
602.9911600711532
-3337.0325251828226
-699.851409263501
3095.578266555201
166.33887931663958
-2848.629736289652
845.5554989320875
2380.878700279509
-1753.5285907771283
-784.647889156515
1973.6813124307314
-226.1877942942216
-1318.5467211641667
245.62450108676853
776.562342297213
-396.49019797071355
-280.83223526824463
430.6403019238014
-123.2024987249863
-71.09773188771624
110.2151242026984
414.39980239407237
-68.60529329452166
-644.9841143231448
250.2058048879423
177.52579577682815
-37.29691500379741
22.533898862838043
-194.6998803608541
-119.07497746396034
81.53314413830682
274.35194495930347
-100.62490568799416
232.9348604638471
811.0956185030802
-994.9284410556336
-1151.6042250254782
2334.2209085696704
125.67363228849968
-4009.228196079245
304.8892429148648
3178.531606236009
-1074.6169809230207
-2083.151889032939
2119.044746778878
1255.0011415221277
-2342.247788380282
172.5897393561968
1715.6707024258267
-860.2762940321957
-1290.0987901205835
964.6023305599933
876.7831259735149
-1230.6823768817474
-200.7994896676288
1045.8175705299327
177.80944238047516
-718.1900852207607
-69.54265782921664
575.6904107489844
-206.8912565173975
1.9955534712826761
44.58394031874079
132.54306557608214
-207.73598836836274
-638.111676863575
859.2056586974095
456.24358828847664
-713.0276938311113
-685.1496544592128
409.02661766198264
1893.7662626907336
-621.3349062887495
-2656.276191216588
1650.572479634236
2867.2461499666106
-3669.2160512262053
-2913.7347910361623
4111.127696902029
1225.0578947601962
-3639.4155617761735
283.1945843402973
2975.167397882191
-1294.5545917452305
-1980.9088820816635
1904.2350015131215
739.6075947077877
-1988.3042954277844
57.57784656338731
1632.9762597247782
-790.9193951422885
-798.8973820016424
1077.2363808155603
47.464210910480915
-624.1996100048589
75.87983143883058
622.611454521586
8.46011699400782
-439.69073996953625
266.5467449242764
-201.18505072065426
152.1526052918087
167.6057492101242
-662.9674162800364
265.6332086482135
-197.45421006132602
-297.73621337692435
586.8171675955848
-30.647514774540923
693.1717900580129
92.84210588068242
-2106.4586169765093
1050.2135893124573
2443.8916285115565
-2980.2399759381615
-2113.7231334700214
3094.5725791526233
592.4147287592587
-2728.282538391254
645.3010763160707
2152.899664792988
-1336.0933530331652
-1147.8947866154058
1447.9263519259143
494.50791897634224
-1349.0558809453996
-200.52700111684942
1192.9596769795128
-422.2005514844581
-559.2266396044142
520.3102007952515
169.60533336884944
113.52185240532691
-535.1356532581285
246.62736962970564
819.0545954120444
-724.5992490109267
-463.65656818799727
492.7577635185426
237.2441205979146
-601.2407887793968
-67.38769850307648
686.2458739248182
-143.1361396873902
-339.0833479023704
38.38417579975257
32.70150416665267
297.8798531477087
1257.8852769403811
-39.61271083512611
-2648.7799644331226
614.6113457319381
3773.3369664513193
-2712.355034383711
-4587.678038556274
3864.283499760255
2510.5057822060144
-4077.9628143290756
-86.90724328630586
3637.024537745548
-1004.679025008038
-3072.453838904385
2015.6433907445542
1766.6136849308407
-2601.6259330721823
-280.61293488762544
2151.800847725309
-474.018188915304
-1622.1376164360295
1346.714622185716
1313.4391584260886
-1694.100620620615
-656.1406361254658
1541.07237240514
98.59095989862226
-1368.2029807808822
833.4054481571768
741.7145038257534
-1456.6743254043104
108.67457429538331
843.0683166575126
-52.44443968487612
-604.8611377990267
-306.45339709991697
829.9445970715552
-426.3284079941381
179.81553104589017
1097.0005217544817
-1776.1060616330026
-372.23305679972145
2878.854037836587
-1209.6429833753127
-3538.7473287647467
2018.8718138846407
2249.9380857580063
-2551.0331316864913
-829.1087106723201
2359.517368172349
-316.44134696762376
-1864.178548584061
1528.9222820316925
1032.9692114008901
-1976.1446389368944
-146.31699650896587
1705.0874189038054
-427.3124519884812
-1238.3578615200622
974.6037555651645
329.85804109631704
-1028.7458903179083
554.7524441243094
963.0183599064903
-362.26774409290374
-1077.0805588328544
527.3785211992794
909.1518906142858
-896.6592831723767
-234.79181848244616
408.5684457969705
-182.57961789720866
-181.9505179066603
302.6222065183179
23.919515619999345
-237.15061344021947
1015.4686889614704
-375.0401259769323
-1443.7106470231554
1841.9247820669075
548.9190594476906
-3586.482324071185
260.7085204753748
3289.6831388056917
-1275.9638537203937
-2237.9205368080857
1779.4782006263404
1263.6060146901864
-2156.360551144279
-13.951772259815243
1779.2674360928822
-1030.6511152976564
-678.3185850105933
933.1129830473916
62.25852857806166
-992.5821840259761
301.41990116543275
1273.1546597761858
-664.995692108838
-327.62192196849867
787.7751200434334
53.10588828469474
-370.5348063761727
86.8218785569438
561.0137968975407
-601.2794481414943
-603.75413825657
689.1223175157286
622.0080727671525
-499.3091071683282
-538.7312341184444
404.0288879583395
-37.99332270641145
1109.7223899775997
494.56177841626163
-3058.9823831784524
1129.8934509701364
4176.461939006509
-3717.7964542576915
-3647.738094449524
4470.984967957636
1291.6097705710417
-3666.84594398695
585.9290399508222
3025.9191380982993
-1425.9500083393016
-2106.619604691221
2500.3214002450827
643.5760311534161
-2497.516327915787
519.5789130896663
1577.790633665942
-1115.9138806155331
-949.6264482512568
1350.571344854933
366.86475828857226
-939.305551056526
196.29037613133482
779.5700715951546
-191.52022717937538
-608.2812794868291
381.7293902902928
221.8298469522785
-202.74907860131074
-130.28783795982378
-47.619545189736954
127.41851103491152
-190.64422578379646
366.32422873773294
-170.46901034598875
229.83205004367832
1118.77587057716
-1844.062838256827
-385.5856705311951
3203.237846049688
-1633.1450044773155
-4030.573711254034
2512.77469271472
2821.836237387455
-2699.8531743132025
-949.460251411977
2683.323883548843
-11.071900279669649
-2406.2203847535557
1351.5752505257951
1796.2095992384552
-2364.958052449063
-607.8855328308896
1997.708375175408
-356.9799601426389
-1323.164449392582
1145.4659085151886
817.6083493332798
-1710.9972544753937
112.73163037826316
1421.6351202121741
-349.280420352903
-885.8519702423083
206.2754962170893
1135.1638630065122
-644.2113975513951
-661.4015262019745
1023.8068070921344
-38.19693736850343
-724.7741576413688
153.2538314500021
634.1062991759131
-618.5861246492718
308.3771288220676
1331.613374186687
-2100.9091365052914
-594.0559820414014
3504.6323879293577
-886.875210117726
-3870.8641139098418
1720.948052060403
2618.962858494891
-2350.3837224986537
-1060.56890179713
2624.519478278221
45.08716656325055
-2179.6019935186428
1206.1911355425868
986.4646088218944
-1889.1655316099368
299.2929036317747
1412.7722435154817
-706.2703281298825
-1249.8216871188865
801.387956080161
976.2212904143153
-1074.2120205769736
164.19068655221804
1042.557327757917
-511.04566338567446
-661.8445003902763
768.4549659575064
364.87878602281813
-1425.2613246540723
52.271579582136155
1073.3194692318716
-323.55475994050573
-437.0981944006139
262.4548056477963
61.2789297985893
-559.8556226468845
587.156206995751
1475.7360807091488
-683.9718972740327
-1729.1111693153932
1308.0841705095822
1029.9691367255982
-2752.7428842812606
-604.5832733132738
2682.73883282637
-79.39990727970644
-2233.3106041738147
1141.1991660185186
1687.5101081856885
-1671.8532505526516
-399.30813673163993
1388.8501809801032
-195.6453504175483
-1043.8739204580313
284.84332110552225
628.988224457932
-529.5683882085583
89.63828961157196
282.39400767629144
-325.3011710847685
65.65111089107418
345.010989000454
104.25281078310505
-307.93396262702936
48.77679998622298
-162.6641790825504
-74.82627040686549
603.3294379373666
-218.95688801176425
-403.4783895859548
50.13174942547212
360.2633017278147
190.41785939795682
-291.97139205346093
551.6066782791036
358.76762913497515
-1259.4457048497839
225.28596266837218
2072.741496324312
-1677.7345356676187
-2543.690207214461
1946.6929671663377
1183.3140202835518
-1544.339973946266
53.19299847383513
1436.07349978533
-397.3463856997034
-823.8704098352787
886.5937208469777
171.74956604539625
-871.2612818631899
75.3072473857325
560.956338218621
-392.98630355376866
-184.3317678250715
500.43722878546515
-242.094846354011
40.32762564190011
53.229283614306866
-115.4194167025793
29.798255524927555
-11.984285179303015
605.3605019104407
-321.3777599381313
-195.82181461197035
185.09059578023385
-448.6901855053795
435.53010600416945
226.85221683316144
-241.68893653182266
-620.8234457260578
-308.38014339615825
1661.6074467279311
783.701343926412
-2082.252233575032
-551.0097106894697
2512.517662650556
-939.938302710397
-2986.105897301997
1879.7344975585113
2157.2884646369607
-2167.9740523961436
-1066.8727853965938
2380.166010830121
346.6135619302772
-2068.2584418094757
323.45307173029914
1531.1193797214355
-1004.1187408606214
-815.3063718611437
1437.9179533259853
-251.94287179263893
-865.089846885599
574.4571131825413
240.9480201925835
-114.78823772995142
-300.6146133964715
245.9516504213004
264.02661292075027
-204.2627770349497
-56.48268999656061
6.679952273405064
311.1985874742924
-343.1605146131658
-247.79181491740894
356.0330340286907
-130.3380662661414
27.59701268643073
16.641042250571644
112.0054010417659
602.6017263446474
197.7901617145112
-786.7625369749826
-412.9961378133724
1186.4126186875787
240.1824868090266
-2439.1991043925905
-591.0079620800414
2553.9273314431666
-557.477646395071
-1826.2966876665675
1560.7063097483756
885.3153872498181
-1314.5573778306716
-54.96720200087259
1406.262045456981
-600.876681853098
-1174.2417350137252
907.2315947727843
520.2484690536326
-561.4021436087355
-456.3398288064694
500.2748809112449
448.7604376094365
-711.6113757071059
165.2653745343485
916.4637380832189
-357.98343275109556
-1005.9293074626671
396.5673901748564
747.4895574779908
-479.96772629040055
-417.4653330323638
191.78936622380112
345.11494361465634
-285.04185645328243
-206.04359719609968
90.7498761751349
546.1591465584451
924.2777478729603
-1330.6701514734818
-220.34242929005882
1618.9159190223127
-2009.3622602683245
-1879.8091941403582
2475.1997680912673
1132.950657894623
-2589.6793287188143
-58.44250177839194
2533.7910271983374
-759.385261491346
-1915.6034190794978
1322.1782424513
1086.6901378161556
-1686.7155202561325
-88.8739588651415
1338.4052699896301
-447.76846931384875
-742.8290186155896
299.54543180617145
785.484874169741
-372.4083756409267
-543.9926344907755
278.8821129677122
18.71422059265376
137.12186714522937
-97.40157601281464
320.23814781337853
-111.83216660392497
-816.5195775326387
439.44269825143857
514.9036774424123
-138.35498071325023
-717.5616390030025
53.70925370063907
1020.3175826343008
301.52063060444175
-666.5763979067485
-1307.6476105289066
1485.8844867912126
1804.3436967665866
-3257.8601469346727
-1564.0056477932153
3532.134482865084
56.870335684690644
-2923.23115257341
1495.9998089465807
1941.6986667576473
-1781.6973859290447
-857.2160901720233
1733.017066248698
-18.5859505294967
-1545.9857416131454
851.9369361794245
753.473977912186
-765.8949758429426
-381.8855472399232
290.29401886842777
490.2664913348285
-618.7148399515712
-61.6962762739131
802.681740657764
-10.011637211964171
-409.4353260595036
-393.0074168558391
546.3162859997425
182.3783835409959
-593.275770992112
241.91340524536568
55.41285902470514
-336.3529034212235
-41.10345513173108
320.0374451968101
733.1757784053668
266.04385268889234
-1665.4847906914104
-881.1392126609567
2841.8919504081587
570.245392086204
-4290.0028336326495
-653.1921395809948
4062.782353697792
-578.3637781152704
-3174.2899105294146
1999.5114879278444
2148.7703728485485
-2251.93026002774
-1187.2269447306012
2384.8390379733714
139.164712597659
-2274.901743150034
717.1150780712235
1231.3986364049429
-874.31822844479
-598.071916499439
872.5388437756503
526.1065086398909
-1065.702058921741
-14.232184209468869
926.1299253674937
-235.2090472529581
-689.6088784602341
158.9915247917256
807.9880235480997
-492.58246393105935
-781.1754998779008
712.1083063737982
603.6156143200556
-594.4453008159065
-493.9534599520075
455.42838248538266
1119.188639401345
-211.91156001187142
-1974.0240913416774
1414.489598569387
1853.4293219769133
-3140.6128665587853
-1162.1718095975948
2729.595245593156
29.514618309076013
-2243.710761077608
919.0176247739453
1962.149061800411
-1366.353634160149
-791.011466500735
1385.5013971674393
-175.21646251938552
-1306.0752396976964
649.572784336399
902.627265471855
-844.9189963455632
-340.86708886938567
481.79836551533646
367.3096033281293
-348.4560014223391
-256.9748284164794
483.5398254099181
80.51664479095035
-176.04765010559316
-305.1894443788141
623.1548699824687
102.6949049229753
-1119.007330924414
605.7303832433793
768.2104341484871
-595.270438561161
-710.1197750398904
332.04011372126126
1005.7116925234557
238.76373972607144
-1261.7568227257673
-1436.8513691344924
2498.712675205214
2079.067138928087
-4190.830555974185
-2018.6992482304045
4183.699939312223
667.0924898299072
-3649.846536769005
683.0912440556945
3084.1131571354385
-1462.8804355046939
-2471.313112707153
2249.8922120800503
1232.706797770729
-2650.9125950811626
44.633744976036496
1824.2849393699682
-564.7632620771614
-1126.6064987376972
939.4154120737672
837.0154530172393
-1382.3620277841262
-247.74802155985765
1419.4775725659797
240.55627633095537
-1233.6716289826572
-160.06366852743628
1369.6351044195012
-430.6138175774987
-772.1218462528097
838.3243923860091
-18.48089720044635
-782.6594148547788
126.67786041024765
608.943786996155
485.86580450457467
423.22338135854636
-1386.7989872179628
-850.5017268643545
3152.314227362856
9.160068162806965
-4999.058662222719
957.787909073784
4608.548115792488
-2399.3275854907697
-2833.2730469992403
3308.320996809499
1438.6917910450588
-3221.85441604934
26.117550138734714
2949.4824955216327
-1676.2785384576678
-1952.0127316441597
2202.1454831584556
738.2803744466273
-1769.4229804078652
-420.98429448333616
1625.7737240457063
-31.14764991385016
-1428.05411260714
850.2269401996361
1066.1936550256128
-756.7903376228571
-708.1677349478284
1150.696130897807
639.6252778700726
-1509.4703620094633
-440.1242012151482
1101.7180430833776
284.14383211177267
