0
-3
-8
-7
0
-2
0
0
-6
-4
-4
0
-4
-4
-4
-2
-2
-6
-4
-4
-1
0
-6
-2
0
-5
-5
-3
0
-4
-5
0
-2
-5
-8
2
1
-8
-3
-2
-5
-6
-2
3
-5
-8
-3
2
-3
-6
-3
-7
0
-2
-3
-1
-10
-4
-3
0
-3
-2
0
-7
-1
-7
-3
-7
-3
0
-4
-2
-1
-5
-1
0
-3
-5
-5
-1
-2
-5
-2
-3
2
-5
-3
-7
-9
-3
-2
2
-5
-5
-3
-1
0
-4
-8
-6
-4
2
-3
-2
-5
-5
-3
0
-3
-3
-4
-5
3
-5
-9
-5
-2
7
-1
-6
-11
-6
0
-3
-1
-8
-4
-4
0
3
-8
-3
-10
0
3
-3
-7
-11
11
-3
-14
-1
7
-1
-15
-1
-4
4
-7
2
-3
-8
-14
-3
14
-5
-11
-3
-1
-1
-2
1
-10
-12
-3
3
1
3
-11
-11
1
1
-4
-9
-1
-3
-1
-1
-3
-2
-8
-7
-2
-9
4
-4
4
-21
-10
17
12
-43
0
40
-25
-19
13
4
-11
-11
0
3
1
-16
-5
10
-11
-3
3
-9
-4
-1
7
-10
-2
2
-11
-3
1
-3
-10
1
-1
-5
-8
-14
43
9
-64
8
11
-27
-5
0
-17
12
-3
1
6
-6
-9
-8
-8
1
0
-2
0
1
-5
-4
-1
-10
3
-6
-5
5
1
-8
-9
-3
-13
5
-3
-2
-3
-2
-3
-3
-3
-6
-3
-7
-5
3
-3
-3
-7
-2
-2
3
-3
-7
-6
0
0
-8
-2
4
-10
-7
-3
4
-10
-5
-8
-3
5
-7
-2
-1
1
-7
-8
5
-8
-8
-2
-2
-4
-3
-3
-7
2
-4
-6
-12
5
11
-34
-1
16
-11
-11
0
3
-9
-17
11
7
-12
-21
10
8
-7
-4
-3
-8
-11
9
3
-11
-5
1
-8
2
2
3
-24
-7
8
6
-9
-14
-3
-3
-2
0
-5
-8
3
-12
-15
12
8
-17
-8
7
5
-10
-8
2
-2
-9
-2
4
-2
6
-2
-9
0
-4
-16
-14
6
1
-12
2
15
-12
-20
1
-1
-11
-15
8
6
-3
-3
5
-2
-10
-11
5
1
-1
6
-3
-4
-6
-4
-7
41
8
-118
85
52
-97
8
18
-20
-2
1
15
-16
-22
4
30
-31
7
11
-13
-2
-3
20
-37
-5
24
3
-7
5
-9
-22
16
-13
-4
10
-17
-14
4
-1
-14
-18
15
-9
-7
11
-16
-10
3
5
-3
-16
-6
0
-1
3
6
17
81
211
230
128
-690
-727
352
451
-140
-15
303
-8
-315
-146
230
64
-192
-47
188
-81
-87
42
38
-53
-3
171
-2
-52
70
-31
-92
-10
28
-20
-25
50
40
-23
-25
29
5
-34
-52
4
10
-49
-50
30
17
22
50
41
26
-26
0
24
25
-35
-35
-44
-147
-246
-163
-79
-42
-15
53
63
97
84
-84
-144
161
492
660
709
-207
-730
-331
13
-235
-209
63
83
10367
2417
-3960
3282
-1676
27659
-32768
-32768
3230
32767
11433
-15124
-506
-129
-4773
-1717
4476
-719
-4286
2238
1373
1650
570
-334
730
-2519
-510
2182
1153
-1413
1148
892
-2874
-762
863
-832
-1170
241
320
-1207
-802
266
-194
1364
1833
390
-325
-1263
-2502
-1982
3193
6024
5048
1004
-2412
-3378
-1633
-905
-1379
-351
1095
-55
-629
912
5671
-2925
4772
5174
13246
-32768
-24204
32767
16025
-10169
-6618
4562
-2268
-437
1948
-165
1344
-335
-219
841
-759
584
-318
-2087
-171
836
1233
-1208
1653
797
-2648
438
1065
-394
-19
969
34
-452
-663
-640
-1087
-921
-667
-113
1001
174
204
995
-242
-1100
709
1822
1740
1971
1032
-923
-1766
-1032
-1133
-422
114
-343
-52
476
-69
6907
29066
-24805
-32768
32716
26846
-14464
-3891
13529
-3140
-9364
-440
6437
-1033
-144
-744
-345
1187
-1040
2233
74
-2389
1737
-149
147
523
1197
-1059
-2743
2235
42
-932
1662
7
247
-428
1008
-59
-938
-116
-1917
-167
-193
-1184
-203
-806
-274
1243
1743
181
-857
511
1055
2245
2986
1750
-1208
-1576
-1572
-1734
-1011
63
-296
1022
512
2607
-1896
-655
292
-467
4173
6468
-15562
-21568
3732
16351
4691
-1105
3852
2603
-2108
-2918
-278
501
-1167
-1543
579
90
-555
571
518
-390
375
991
162
101
-280
-1451
-1632
-943
-539
310
904
831
860
1301
-553
-1683
-313
2699
3430
2633
-384
-2217
-2239
-1281
-708
28
305
-95
-92
9
3491
-644
6428
862
15087
-23047
-24663
-4560
20748
6780
-6853
-214
5131
993
-1909
989
852
-844
382
-131
1287
68
-415
50
-1488
730
448
-301
715
552
-570
-898
-432
115
105
492
884
189
162
-325
-1618
-1641
-1306
-1057
-451
-279
-157
216
235
498
2566
5260
5032
1153
-2980
-3319
-1813
-1228
-1203
-364
929
278
-357
280
5325
10218
9139
-22993
-32768
26284
16776
-6996
-887
5599
-2013
-4414
1465
3812
96
-2101
-360
-35
581
1165
-995
-301
-109
15
1359
-1168
1405
-6
-154
-1967
989
235
-1289
638
-205
531
-1698
139
-758
-780
200
53
425
40
205
-1679
89
2468
4107
2359
1544
-851
-2436
-2009
-1347
-635
-418
18
943
15473
29325
-32768
-22776
-567
27382
-2868
-8689
8497
6757
-3908
-3895
1249
980
466
-2798
1845
-955
2147
-1026
811
1121
-2827
369
851
844
-924
1990
50
-1557
-970
144
31
-916
1131
784
386
280
1627
1762
-720
-4537
-3794
-221
-106
-3075
-3191
232
1309
978
5350
11719
8708
-3260
-6011
-4076
-1319
-1738
-1856
-323
1304
677
-462
10885
15455
-16537
-24998
-3026
10428
4790
-1598
3609
1573
1244
-3991
-384
1142
963
-785
-1419
2582
-828
1141
307
-1183
276
-221
1207
67
544
16
-1139
57
22
84
233
-197
-818
-53
515
595
487
1204
-152
-1946
-1841
-1689
-1119
-679
-244
686
2135
1835
-21
-352
2254
3374
2300
457
-1860
-1991
-1406
-1214
-575
88
4
-260
483
951
32767
-21785
-27923
-32768
32767
8749
-14878
3676
9297
-4004
-6394
3692
1336
299
-1946
-2172
3069
-1082
586
902
512
-2346
1379
1484
-1380
894
733
-92
-2362
-445
1550
-850
182
759
425
-951
37
555
-1079
1092
-751
798
257
619
116
-171
-38
-2384
-3782
-1943
-680
-1447
-1062
277
335
2939
7231
7952
4427
-2345
-4501
-4171
-1533
-1485
-1923
-175
1060
1454
9014
25652
-26422
-18303
-13061
11108
9334
1387
1557
1972
5
-1987
-1447
-782
2355
-804
-985
-123
954
79
928
818
-1481
248
-682
778
-28
1039
288
-870
209
-676
463
-358
487
-483
-809
372
-2
443
277
541
-177
-112
40
-89
385
154
-588
-691
-33
-673
-994
-678
-936
-1021
-615
-84
104
1276
2405
1413
5
-696
1175
3306
2098
-410
-1367
-1507
-1617
-1122
-66
115
238
4239
1975
16595
13401
-32768
-32430
25209
13032
-5699
2434
10934
-1131
-5948
-40
913
-1221
-1760
-387
1515
2357
614
-42
-792
-579
645
496
-783
1709
-425
-1841
1260
-443
-312
223
217
247
-636
579
286
-288
507
-653
297
338
-1295
-351
-272
18
735
913
39
-441
-229
-301
-477
500
229
-246
649
-53
-539
255
115
-277
144
497
-57
-88
8
-247
-349
208
169
14
24
-323
-48
98
120
319
430
-142
-181
44
-447
-611
3
83
-160
101
-83
193
2124
2419
-3454
-5276
-222
3365
1889
-549
154
1496
-208
-1962
-703
1143
485
-441
-46
124
-143
49
605
461
-421
-721
-525
-84
152
231
25
33
717
126
146
-134
-332
-288
-27
-216
-238
50
251
175
27
134
-21
-191
-218
-14
-41
89
243
104
6
-79
-95
-88
-32
-1
8
74
53
-188
109
222
25
-97
33
162
-112
-182
-13
131
-34
-54
-40
69
52
-83
57
22
-152
-148
-30
66
-43
-134
-155
-134
-137
-49
-10
596
-634
254
-60
37
-232
37
216
-434
568
-109
269
-368
257
175
935
530
618
-131
-669
-358
-219
-225
-353
-206
104
28
-40
48
106
10
-158
15
104
1
-19
66
6
-118
-51
44
30
-4
13
-14
-52
-22
1
52
51
-22
-61
-9
-2
-34
1
59
-3
-51
1
40
20
20
-12
-29
-34
10
10
26
15
-45
-74
-54
-7
-14
-33
57
121
47
-257
76
140
-131
-9
89
-70
-110
26
75
113
26
-111
1
-4
-49
33
43
-48
-49
36
32
-60
14
38
-30
-60
-19
18
22
46
-10
-51
7
12
-49
3
77
19
-71
-55
11
15
2
30
11
-17
-49
-36
20
122
32
-113
-33
18
-52
6
55
-1
-39
-17
1
14
28
-5
28
-5
-78
-35
35
26
-5
8
-9
-41
-11
24
25
-1
-15
-18
-33
-6
31
25
8
-51
-31
8
21
-3
29
-24
-50
-12
30
3
4
-23
-21
-5
7
27
-3
-23
-15
8
-9
19
26
-6
-37
-41
-17
35
16
-4
-25
-14
1
-57
58
21
-29
-46
1
-9
-13
23
17
-25
-17
-3
16
11
-8
-5
-16
-19
4
21
12
-9
-13
-7
-15
3
13
16
-16
-33
-16
13
5
12
10
-22
-34
-10
24
11
-12
0
-4
-38
-3
38
7
20
4
-18
-15
12
16
-4
-21
-16
8
5
9
7
-16
-27
-29
4
25
12
0
-18
-8
-13
-10
17
22
-17
-23
4
6
-11
-20
16
-2
-23
-8
18
10
-13
-3
0
-28
-19
18
17
-8
-23
-14
1
1
2
16
-10
-29
-7
32
14
-22
-11
17
-9
-36
9
25
-17
-24
13
9
-23
-6
18
4
-32
-13
21
-6
-23
3
42
-17
-29
14
32
-26
-15
2
4
-30
-16
46
7
-33
-7
8
5
-35
16
25
-22
-38
8
22
-15
-12
13
3
-27
-11
23
5
-29
-6
13
-18
-19
26
22
-32
-23
1
9
-9
-3
1
4
-23
-16
23
18
-26
-7
-1
-10
-18
3
29
-18
-19
-2
9
-3
-14
20
2
-38
-12
20
5
-12
1
3
-15
-11
2
20
9
-38
-18
17
-10
-7
29
8
-36
-23
23
16
-15
-8
8
-5
-38
-2
37
12
-25
-23
11
-3
-20
5
32
1
-42
-15
13
12
-11
5
14
-8
-33
-15
23
18
-18
-1
6
-19
-12
21
23
-25
-31
1
10
-2
-13
18
11
-29
-27
4
32
-4
-20
2
-1
-21
-22
29
22
-12
-26
-8
6
-6
3
14
10
-22
-36
1
20
7
-17
-2
0
-26
-4
28
10
-23
-21
-1
-4
-2
17
11
-28
-26
2
23
-7
-5
-3
-23
-23
19
24
-11
-20
-10
3
-9
2
21
-2
-28
-26
10
17
-12
0
7
-17
-21
7
19
-6
-22
3
-2
-16
0
20
9
-27
-17
7
0
-6
8
5
-19
-26
12
24
-3
-11
-8
-7
-14
-3
24
4
-25
-18
7
8
-10
3
11
-22
-23
1
18
-1
-13
1
-3
-15
3
18
-1
-19
-17
3
-6
-1
13
-2
-19
-17
4
11
-7
-3
-1
-9
-16
0
14
2
-21
-4
1
-13
-6
10
9
-16
-20
5
2
-2
0
2
-11
-21
1
15
7
-8
-11
-5
-5
-4
11
5
-17
-19
-4
11
0
-5
1
-11
-15
3
12
0
-17
-2
3
-16
-3
11
-2
-7
-6
5
-3
-10
2
4
-10
-15
0
7
-3
-6
0
-11
-16
4
10
3
-14
-11
3
-6
-1
7
-2
-15
-8
5
6
-12
-3
1
-1
-11
-3
4
-1
-8
-9
0
-3
-8
-2
2
5
-10
-7
-4
0
-6
-6
3
0
-6
-10
-2
7
-3
-6
-6
-3
-11
-3
10
3
-9
-11
-5
-4
-8
3
-3
-13
-6
2
-4
-1
0
-4
-9
-12
3
3
5
-8
-10
-6
-6
0
1
6
-2
-9
-10
-2
-1
-3
-3
-3
-5
-8
-7
8
0
-3
-10
-6
-4
-9
3
5
1
-7
-7
-3
-8
-3
-2
1
0
-8
-10
-4
3
-3
2
-1
-5
-9
-11
5
4
2
-8
-10
-3
-5
-10
20
0
-14
-9
-1
10
-6
-15
17
-13
-26
-7
13
21
-17
-12
1
-6
-11
-7
12
1
-11
-4
3
-5
-4
-1
-4
-11
1
3
-5
-2
-3
-6
-12
-6
2
2
-4
-4
-10
-2
-6
-1
7
-2
-3
-12
-11
-1
1
4
-6
-10
-8
-3
5
5
0
-10
-10
-8
-7
6
0
1
-9
-7
-5
-6
8
1
1
-11
-11
-3
-3
4
0
-4
-12
-10
0
2
8
-2
-6
-16
-8
0
1
6
1
-7
-15
-6
3
4
2
-8
-7
-9
-8
1
8
3
-11
-6
-4
-2
-1
-1
2
-10
-9
-6
0
2
-5
0
-5
-11
-10
-3
10
-3
-5
-2
-1
-8
-8
3
1
-3
-11
-6
-3
-2
-5
2
4
-9
-12
-6
-1
8
-2
-1
-4
-9
-1
8
1
-2
-13
-7
-2
1
-1
0
-2
-9
-7
-3
9
3
-7
-9
-4
-4
-7
-1
4
-3
-5
-6
-2
-9
-3
7
-2
-5
-8
-7
-1
-6
4
1
-6
-13
-4
4
-1
-2
-12
-3
-8
-2
1
3
5
-12
-8
-11
3
0
-2
3
-6
-9
-13
-3
5
3
-9
-5
-1
-5
-2
-9
-6
14
-12
-17
14
9
-21
-5
10
-13
-5
2
2
1
-13
-6
2
-2
-19
0
15
-1
-12
-13
6
-8
-6
4
4
-2
-9
-5
-9
-1
-1
-7
3
-4
-7
-4
5
-1
-3
-4
-5
-5
-9
1
1
-6
-4
-6
-1
1
-2
-4
-6
-2
-9
0
-1
3
-2
-4
-2
-13
-5
-5
7
1
-4
-5
-8
-1
-4
-2
-1
0
-2
-6
-2
-2
-6
-4
-8
0
-4
-3
-4
0
-1
-9
-3
-3
-1
-4
3
4
-9
-9
-10
3
-7
-3
2
-5
-5
-8
0
2
-5
-3
-2
-1
-10
-7
5
-3
-6
-9
-1
-3
-5
4
-2
-2
-11
-7
1
4
0
-12
-3
-4
-4
-3
3
3
-9
-8
-3
0
-5
-7
-1
-3
-3
-8
2
7
-6
-5
-2
-9
-12
-5
11
-6
-3
-6
1
-2
2
1
-3
-12
-9
-1
-2
0
-2
4
-7
-8
-3
-1
2
-8
-7
-4
-2
-7
-6
0
-3
-4
-11
0
3
-2
-2
-6
-4
-8
-7
2
1
3
-7
-5
-3
-3
-2
-6
4
-6
-9
-3
2
3
-6
1
-6
-5
-12
0
1
-8
0
2
3
-11
-8
-1
-2
-4
-5
-5
-5
-7
0
3
-1
-4
-11
-6
-3
0
2
-9
-3
-8
-2
1
5
-1
-9
-7
-5
-3
-5
3
-3
-8
-5
-3
3
-5
2
-5
-5
-6
-7
3
0
-4
-6
-6
2
-5
2
-4
-2
-4
-10
-9
-1
0
3
-3
4
-11
-8
-4
4
1
-8
-3
-1
-1
-4
-2
0
-11
-9
-9
2
0
-3
2
-1
-8
-6
-1
2
-3
-9
-3
0
-8
-5
-26
12
0
-28
3
-5
-2
-2
-2
-4
-9
-4
0
1
-2
-7
-2
-7
-10
-3
7
2
-7
-3
-3
-3
0
-8
-3
0
-7
-1
0
-2
-6
1
-3
-4
-4
-8
-5
-1
2
-5
-4
-4
-3
4
-4
1
-13
-6
-8
-1
13
-3
-3
-9
-7
-7
0
-1
-10
-3
0
-4
-7
3
3
0
-4
-14
1
2
-3
-6
-4
0
-8
-6
0
-6
-4
-2
0
-7
0
-4
-4
1
6
-1
-8
-15
-12
4
7
2
-6
-14
-9
-1
3
5
-4
-12
-7
1
-3
4
1
-6
-7
-12
6
-2
-2
-8
-6
3
-6
-3
1
3
-10
-12
4
-3
-10
-8
3
-3
2
1
-6
-4
-15
-3
0
5
-3
-3
-1
-6
1
-3
-3
-1
-10
-3
-3
8
-5
-10
-7
-6
-3
-2
8
-5
-4
-12
-2
3
-7
5
-6
-3
-2
-8
0
-6
-7
-6
-1
2
0
0
-6
-5
-3
-7
6
-11
-3
3
-4
0
-1
0
-14
2
-9
0
1
-10
-9
-5
1
7
-6
-2
-8
-1
-7
3
4
-4
-7
-11
-3
-2
-6
-2
-5
3
-3
0
0
-8
-7
-10
-2
0
2
-9
-3
2
-11
-6
-7
6
-4
-7
0
-1
-4
-12
0
1
-3
-1
-6
-4
-5
-5
-2
0
-3
-6
-1
-1
-5
0
-6
-13
-3
0
1
-3
1
-1
-9
-8
-1
-6
0
1
14
-25
-9
-2
-17
17
6
-7
3
14
-12
3
32
-15
-12
-9
-9
12
-9
-19
-3
14
-41
6
14
-15
14
-9
-17
-2
7
18
-23
-8
0
-27
-30
-2
12
4
-9
27
1
-38
-17
-18
39
28
-24
-1
-24
2
-18
0
38
-14
-27
-8
14
2
-23
2
24
-14
-22
-11
35
9
-23
-7
42
-29
-5
47
27
-17
6
13
-20
-11
-28
15
46
-48
7
13
7
0
-25
4
-13
10
-20
8
29
-11
-29
-20
12
2
-3
-27
-25
40
-16
-10
1
-3
5
4
-12
-8
18
19
1
4
3
-11
-26
22
-1
-38
5
17
41
-19
-46
18
21
-33
-11
-7
19
0
-21
0
9
-9
11
4
-20
-2
-25
27
26
-32
-16
19
-24
0
19
-4
-12
-24
6
22
-25
-23
3
8
-6
38
24
-29
-20
-37
38
29
-31
2
25
-20
-14
-18
-8
-1
-10
13
29
-9
-29
6
-8
-11
8
-5
-5
-3
-11
10
-4
-5
-2
-17
-2
3
9
-1
-12
-1
-3
-7
-3
-2
-6
-9
-1
4
-6
-6
-7
-1
3
0
3
-14
-11
-5
-6
4
3
2
2
-9
-4
-6
-11
-5
-5
2
-5
1
0
-14
1
4
5
-9
-11
-8
-6
-6
1
0
-4
-6
2
6
-4
-4
-11
-10
-5
-4
7
-6
-1
-1
-2
-4
-6
-2
-10
-7
3
-4
-2
-4
-1
2
-2
27
-7
-37
-8
-18
34
-1
1
-6
0
29
-21
-13
-8
-9
-1
-7
-5
-6
-8
-30
5
49
-12
-18
-11
-13
1
4
3
-4
-10
-5
7
-9
-15
-7
6
-5
0
5
13
-18
-21
4
5
4
3
-25
-4
-9
-16
24
1
-20
-4
3
-1
-25
-6
38
-12
-32
2
-7
10
-5
-9
5
-11
-11
11
-4
-21
-2
12
5
-3
-10
-4
-15
-9
13
-7
-10
1
2
-1
-4
-12
-12
-8
15
18
-14
-13
-10
-1
1
-4
3
-10
-5
7
9
-9
-14
-6
1
3
1
-4
-10
-6
-3
7
-4
-13
-3
-4
-2
-5
-1
3
-10
-10
-1
0
-4
-7
6
-8
-8
-1
0
-2
-9
-2
3
-8
-3
1
-10
1
3
-2
-7
-7
3
-3
-8
-7
-5
4
7
-29
9
-6
-19
32
-9
-14
-5
-4
-4
5
-7
-3
-1
-16
3
4
-3
-4
-23
-8
11
1
11
-5
-7
-3
-14
-6
-6
-3
5
2
5
-1
-10
-17
-7
2
24
-20
-10
0
-17
23
20
-18
-10
2
-4
-5
-3
-3
-5
-21
7
26
0
-4
-12
-10
-9
-12
-4
1
6
5
2
0
-9
-6
-10
-10
2
3
3
27
2
-37
-17
-21
12
29
-8
-4
8
-21
-18
-18
5
0
-8
42
33
-18
-40
-31
9
-3
19
36
-13
-19
-1
7
-25
-8
6
-13
3
-2
31
0
-20
2
-2
-19
-6
4
31
31
-18
-11
-19
-30
11
8
12
4
7
-25
-17
-14
-6
-6
1
28
7
-14
-4
-15
-16
-18
20
-9
1
-6
-4
15
-18
-17
4
-5
-6
0
6
-5
-15
-7
8
1
-17
0
27
-16
-22
-25
3
13
-3
3
0
-14
-13
3
8
0
-15
-2
-3
-13
2
2
0
-1
-2
1
-6
-12
-7
-7
0
5
10
1
-11
-10
-8
-7
-9
2
9
2
2
-6
-22
12
26
-46
-14
-21
14
36
-19
-7
-6
-5
-6
-2
0
9
-17
-3
1
-5
-6
-17
7
15
-1
-11
-13
-8
-12
3
2
-3
-2
0
0
-4
-8
-8
-8
-9
0
20
-33
-7
-19
-3
19
-6
3
2
14
-19
-4
-2
-4
16
-5
0
-8
0
-1
-11
-9
-7
20
0
-34
1
-10
11
24
-1
-27
-4
-13
23
4
-11
-3
-6
0
-7
-9
3
1
17
-28
2
7
7
-20
-4
-10
3
20
-8
-19
-7
7
-4
-19
-5
19
-2
-9
-2
0
-14
-33
29
-14
-5
-14
-13
25
-19
-4
3
-3
-7
-7
1
2
-13
0
6
4
-9
-11
-4
-19
25
-12
-8
-17
-18
12
1
-3
-1
-13
-6
4
-1
0
-18
-4
8
-2
-3
-24
-7
10
3
10
-5
-5
-12
-8
-12
-7
10
3
-2
-3
-2
0
-9
-7
-11
9
5
-2
-5
-4
-8
-9
-2
-4
0
-1
-3
-1
-3
-1
-9
-6
-5
-5
5
-3
-3
-4
5
2
-2
-13
-15
-13
-3
6
4
6
-1
-9
-9
-8
-3
-7
-6
3
1
-4
-3
-7
-6
-8
-10
3
33
-37
-15
-20
-3
23
-11
4
-10
-14
25
-17
-3
-25
-9
18
3
3
1
-14
11
-23
-22
17
-8
33
-7
-13
-1
-5
-11
-11
-22
-13
39
15
-9
-15
-3
-2
13
-26
-1
7
-10
22
-23
0
-10
-9
12
-9
6
14
-21
-18
-39
32
30
-8
-3
11
0
-10
5
-2
-10
-22
-6
12
-5
0
5
4
1
-14
-4
-7
-8
-1
-6
2
-15
14
49
-36
-11
-28
3
14
-12
-2
0
-13
-3
12
3
-4
-20
-10
10
-2
7
-14
-11
-3
-13
7
2
3
3
-6
-3
-14
-3
-14
-6
1
5
12
-2
-3
-5
-2
-10
-14
0
-9
-2
1
8
1
-3
-1
-10
-5
-14
-3
-1
-4
-1
8
-1
-6
-6
-8
-6
5
0
-10
-5
-4
-2
-3
-5
1
-4
-1
8
-6
-13
-14
-11
-2
5
9
5
-4
-3
-9
-17
-12
-12
-5
-8
21
39
-30
-14
13
-28
-13
3
3
6
-6
12
-20
-16
-9
4
54
-15
-31
-28
6
6
16
-28
6
24
-12
13
-21
5
-24
-14
13
-6
27
10
-17
-14
-35
21
5
-10
2
10
-25
-6
-1
-18
-19
-9
-5
15
1
-20
-19
14
17
-20
-1
-26
18
14
-12
-10
-7
-4
-8
-3
21
12
-11
-25
-15
18
-7
-12
1
-4
2
-4
1
2
7
-1
-55
23
-16
-1
2
-2
24
-23
-7
2
-6
-8
0
-13
-2
-6
8
12
-6
-4
-22
3
3
-5
-2
-10
-7
0
12
0
-3
-11
-9
-4
3
5
-1
-3
-4
-2
-2
-10
-16
-10
4
9
7
2
-4
-10
-17
-4
-1
-5
-2
5
3
-7
-6
-5
-3
-7
-5
2
-1
2
-7
-3
-10
-11
-3
0
9
2
6
-11
-12
-8
-1
1
-5
2
-6
-2
-7
-2
2
-7
-6
-8
3
-7
1
-2
-8
1
-11
0
-9
-1
-4
-3
0
-6
2
-6
-3
-6
0
-3
-7
-4
-5
5
-4
-1
-3
-8
-3
-5
2
-2
-3
-3
-10
-2
-1
0
-8
1
-4
-4
-2
-3
-2
-8
-6
1
5
-2
-6
-6
-7
-3
-7
-2
1
-4
-1
0
-1
-5
-4
-5
-3
-1
-6
-5
-1
-2
-3
-3
-2
-7
-7
-3
3
-1
-6
-7
-8
1
-1
2
-1
-1
-5
-5
-4
-8
-3
-7
-4
-2
2
3
2
-3
-7
-7
-8
-7
1
3
0
-4
-7
-2
-2
-12
-3
1
-5
-1
5
-1
-2
-8
-1
-3
-8
-3
-4
0
-3
-5
-1
1
0
-3
-6
-7
-6
0
-1
2
1
-8
-4
-11
-2
-1
-1
-3
-6
3
-3
-5
-6
-2
-6
-6
-1
-3
0
-7
-4
-4
2
-1
-9
-4
-5
-4
15
-9
-7
-1
-8
23
-6
11
-31
-12
9
-16
25
-1
-13
-9
-11
4
15
-16
2
-10
-6
-3
-2
28
-25
-11
15
-16
5
-29
1
16
-7
1
0
9
-12
-2
-8
-7
4
-5
28
-17
-20
-6
-11
6
-12
-10
32
-4
-16
-10
-6
-2
-2
3
-18
-6
-14
16
17
-1
-1
-16
7
-3
-23
18
-6
-8
1
-1
-10
1
-17
1
-1
-23
6
5
16
-11
-10
-5
-18
-7
0
-2
17
12
-32
-1
-31
10
4
0
12
-7
-5
3
-3
-10
-8
-8
-3
16
12
-34
-16
-1
6
8
-9
-2
-3
-3
3
11
-14
-21
0
10
-1
-12
8
-1
-7
-13
0
4
-9
2
-1
2
-14
-11
-2
-6
-2
-5
3
-1
-1
0
2
0
-12
-8
-5
-1
2
6
2
-18
-9
-3
-7
-3
-1
9
-1
-7
0
-3
-2
-13
-3
-2
-9
1
-2
3
-9
-2
-4
-2
-3
-11
2
1
3
-7
-2
-2
-6
-5
-6
-4
-3
0
6
3
-8
-11
-9
-1
-7
-3
-6
-1
5
3
-1
-1
-4
-6
-9
-11
-12
-1
1
0
4
1
5
-7
-6
-4
-11
-5
-5
-1
-6
2
3
4
-10
-12
2
4
0
-11
-11
-2
-6
-1
-8
2
-6
-5
7
-2
-5
-10
-1
-1
-4
-5
-7
-4
6
-2
0
-8
-6
-1
-3
3
-5
-1
-10
-9
-5
-6
3
-1
0
-6
0
4
-5
-4
-7
-7
-2
-6
-1
1
-3
0
-7
0
-6
-6
-12
-2
6
0
-2
-6
-8
-2
-2
-2
-7
-3
-6
-1
-3
-1
30
-23
-22
1
-3
15
-31
37
-28
-14
-26
10
24
-19
-12
-11
7
-7
7
26
-7
-26
-12
11
34
-13
-52
-3
3
21
20
-22
-3
-15
-14
12
16
-12
-16
-20
3
12
9
9
-29
-13
7
-3
6
-1
-17
-10
3
24
-25
-20
-15
-5
20
0
21
2
-52
-14
-7
36
24
-17
-23
10
14
-31
-12
-7
6
4
8
-4
14
-12
-22
-5
-20
2
3
-3
14
1
-15
-8
-26
-6
16
16
-5
-6
-15
4
3
-21
2
1
-4
17
-30
6
-30
-25
36
-15
13
-20
9
23
-23
-18
-6
12
-21
-17
6
28
-7
-14
-9
-7
-5
-10
1
-4
-4
10
-4
10
-12
-15
-5
-20
-6
15
4
0
-14
5
-7
-19
-2
5
-2
-10
4
4
-5
-3
-9
-4
-9
-5
4
-3
-4
0
3
0
-12
-6
-2
-10
-6
6
7
-3
-1
-7
-1
-3
-13
-3
-7
3
0
-3
-1
-6
-3
-5
-3
-3
-6
0
-9
-4
2
-8
-3
-1
-8
-1
3
1
-8
-14
-3
0
3
-4
-5
0
-4
-3
1
-3
-12
-12
0
0
2
0
-4
-4
-5
-1
0
-6
-7
-1
-2
1
-11
-4
-4
-4
5
0
-4
-5
-2
-6
-8
-3
-1
-6
4
-5
-5
-1
-4
-10
-4
-7
4
-5
-1
4
-9
-5
-7
4
-6
-6
0
1
0
-4
-7
-2
-3
-1
-3
-12
-7
-3
5
3
-4
-2
-10
-7
0
-6
0
-6
-4
1
-7
-6
-5
-3
1
4
3
-4
-6
-6
-10
-8
-9
-3
2
2
6
0
-11
-9
0
1
-8
-5
2
-4
-5
-1
1
2
-8
-1
-2
-9
-3
-9
-3
-3
4
0
-1
-8
-9
-2
-6
1
-6
-3
9
2
-2
-12
-6
-15
-10
6
6
8
-6
-9
-6
1
0
-11
2
-8
-4
-2
0
-6
-9
2
-2
5
-9
-4
1
-6
-3
-10
5
-8
2
-7
-6
-1
-8
-4
-5
0
3
9
6
-11
-19
-16
-12
5
4
8
7
-4
-9
-7
-5
-10
-9
-3
-1
0
1
-1
-7
-5
-3
-2
0
-6
0
-13
-5
0
6
2
-8
-4
-6
8
-3
-9
-10
-16
5
7
3
-1
-12
-10
-2
2
-3
-17
-9
7
4
6
-7
-8
-7
-2
-4
-6
-16
-2
2
6
7
-4
-8
-11
-4
-2
-4
-9
-11
2
9
6
-1
-12
-12
-5
1
3
-4
-6
1
4
-6
-12
-11
-1
1
2
0
-3
0
-5
-3
-5
-9
-5
3
-1
-1
0
-5
1
-10
-6
-6
-3
1
-7
1
0
-6
-2
-4
0
-9
-12
-1
-1
4
-1
-7
-1
-7
-3
2
-10
-2
-1
2
-12
0
-5
-7
-6
-1
8
-4
-5
-8
-5
-8
-5
6
-2
-12
-4
-3
5
-1
-5
-3
-4
-8
-3
-1
2
-9
-3
3
-6
-3
3
-1
-8
-1
-5
-6
-6
1
0
2
-6
-3
-6
-4
-9
1
-5
3
-5
-2
-7
-5
3
-2
-5
-3
-5
5
-10
-3
-7
-2
-4
0
-3
0
0
-6
-5
-2
-9
-5
-3
-2
1
-6
-2
-1
-4
0
-5
1
-11
-4
0
-5
-8
-3
2
8
-6
0
-9
-9
-2
-6
5
-1
2
0
-3
-8
-4
-12
-1
-4
7
2
-9
-1
0
-2
-12
-3
4
0
-14
-6
-5
3
0
1
2
0
-3
-10
-9
-11
-6
0
-2
2
-5
1
-2
-2
-4
-2
-6
-9
-7
4
-4
3
-7
-8
-1
1
-4
-3
-2
-3
-1
-8
-3
-7
-3
0
-1
0
-12
-1
1
-10
-3
-3
-3
-1
-4
-3
-1
-5
-1
-6
2
-1
-7
-6
-2
0
-5
-3
-1
-3
-2
-7
-1
-1
-4
-7
3
-8
4
-3
-5
-2
-3
-6
-6
-6
4
2
-2
-8
-13
-5
0
-2
2
-2
2
-6
-5
-7
-9
-1
-3
-2
1
-4
1
-6
-9
-6
2
-1
-5
-3
-3
-5
-9
2
-2
-2
4
-11
0
-9
-1
-4
-8
-3
-5
1
9
-1
-6
-13
-3
-3
-1
1
-5
-4
-6
-8
0
1
-8
-1
-1
-3
1
-5
0
-10
-3
-7
2
-1
-11
4
1
-5
-7
-9
0
0
-3
-4
-1
-6
-7
1
3
-2
-6
-2
3
-8
-6
-1
-6
0
-3
-1
-6
-9
-3
1
3
-2
-3
-5
-8
-5
-3
-1
-6
-1
3
-8
1
-6
-6
-14
-2
5
-4
-3
0
1
-10
-9
0
4
-2
-11
3
-2
-10
0
1
4
-13
-12
3
4
-2
-10
-1
-1
-3
-5
1
0
-10
-4
-8
2
0
-4
0
-4
-4
-1
3
-6
-9
-3
-5
3
0
-4
-2
-5
-1
0
-9
2
-2
-2
-3
-4
-1
-10
-3
-4
-2
-2
-5
0
5
-7
-4
-5
-6
3
-7
-3
2
-4
-1
-8
0
-9
-8
-2
-3
-3
-6
3
0
0
-6
-7
-5
-1
-4
-4
-1
-7
-6
-7
-2
-1
-5
-5
2
-2
-1
-8
-6
-3
-3
-2
-5
-5
-9
-3
5
0
0
-4
-9
-4
-10
-5
-2
-2
-1
-5
2
-6
-2
-9
-3
4
-2
1
-5
-2
-15
-6
1
0
-2
-6
1
0
-3
1
-3
-5
-15
-4
8
-9
-5
2
-4
0
-1
-3
-6
-11
-2
-2
0
-4
-6
3
-7
-4
-2
1
-8
-9
1
-8
-1
-4
-2
-3
-5
2
-7
-3
-12
3
4
-3
-1
-9
-6
-7
1
2
-4
-3
0
-1
-5
0
-8
-8
-3
-5
4
0
-1
-3
-10
-2
-8
3
-3
-2
-6
-7
-1
-6
-3
-7
1
0
-4
0
-6
-2
-6
-4
-8
-9
0
4
-5
0
-3
-1
-4
-7
-7
-3
-2
-6
-2
-4
-4
-3
1
3
-11
-4
-3
-3
-7
-5
5
-2
-4
-6
-9
-4
-2
8
1
-5
-16
-7
-1
-3
3
-1
-2
-6
2
2
-8
-6
-6
-6
-6
-5
2
0
1
3
-7
-6
-12
-2
-7
-4
8
-1
-1
-9
-3
-2
-9
0
-3
5
-4
-9
-1
-3
-6
-1
-2
-8
2
-1
-9
-8
-6
-3
6
-1
2
-8
-5
-5
-8
-3
-11
-1
-2
6
3
-6
-3
-4
0
-11
0
1
-1
-4
-5
-5
-9
-3
-5
3
2
-2
-1
-9
-6
-1
-6
0
-10
-5
0
1
0
0
-6
-6
-6
-1
-3
-3
-9
-6
6
-4
-4
-6
-3
0
-5
0
-7
-2
-5
-1
-1
-8
0
-6
-7
2
4
-1
-9
-9
2
-4
0
3
-8
-9
-4
0
-3
-5
1
3
-9
-5
2
-10
-4
0
3
-3
-11
2
-5
-10
-4
-4
-2
-2
4
0
-5
-9
-10
5
3
-3
-5
-6
-6
-7
1
6
-2
-5
-9
0
-7
-2
-3
-8
2
-3
0
-7
3
-3
-11
-4
-2
7
-5
-1
-11
-5
0
0
3
-6
-6
-8
-2
-3
-2
3
-5
-2
-5
-4
-2
-5
-10
-7
2
-1
0
-3
-5
-1
-9
-2
-3
1
-2
-11
0
-7
0
-3
-2
-6
-11
0
-1
0
-7
0
-1
-3
-6
-2
0
-4
-7
-1
2
-1
-8
-2
-6
-4
-3
-1
0
-7
-5
-5
-4
-1
2
-1
-8
-8
-2
-4
-4
-4
0
-6
-7
-2
1
4
-6
-3
-4
-2
0
-2
-5
-10
-4
-1
4
3
-7
-11
-7
2
1
-2
-4
-10
-6
0
3
-2
-4
-7
-6
0
0
0
-3
-9
-7
-9
2
-1
0
-1
-2
-5
-8
-3
-8
-1
-1
-3
2
1
-4
-9
-4
1
-7
-6
-1
-6
-5
-3
-3
-1
-4
-6
-6
-2
-2
-1
-5
2
-4
-3
-13
-6
-3
-3
1
0
0
1
-8
0
-4
-8
-8
-1
-1
1
-2
-4
-5
-6
-7
2
-2
-5
0
0
-8
-10
5
-1
0
-10
-4
-1
-2
-3
-7
2
-5
-8
-5
-3
-4
3
-3
-5
-13
-3
3
-2
1
-7
-3
-6
-2
-2
-3
0
-8
-1
0
4
-3
-3
-8
-4
-3
-5
