2967,2232,1431,1897,1533,1104,1260,1201,742,1290,585,631,392,189,306,102,423,193,351,330,282,428,168,296,194,156,127,67,196,176,33,125,448,58,462,70,468,124,1098,135,1525,403,212,1421,270,1486,615,387,554,414,458,597,924,91,813,455,312,637,106,360,44,343,0,195,303,69,227,558,163,394,226,485,261,630,382,240,413,303,86,203,25,115.26162578641235,145.81880726806017,119.26846483011768,339.26878582957573,321.0863316166709,451.06680497217474,22.497927498487574,356.9210456310082,213.3876436781767,311.3841081876836,206.2119928343972,161.4995390023095,153.968487701519,5,0,1
22,69,708,431,2009,412,731,1265,983,370,101,275,246,240,101,317,736,241,729,628,231,258,492,384,369,324,364,561,64,672,200,516,184,762,396,561,616,265,272,651,459,567,698,484,762,1578,630,2409,2471,938,1908,2458,305,617,388,688,960,396,1529,927,271,553,152,634,96,509,413,254,30,823,407,298,389,157,305,306,291,620,662,497,992,35.73221503468507,92.50262976665606,119.81076574165341,132.16321495566564,330.42781832799733,276.06231482974766,331.97137442836356,363.78114686835943,368.514713423591,297.1755258299626,404.22782670269856,102.58805263652928,275.2045433072595,0,0,1
93,1125,476,538,542,238,251,92,972,74,1356,1060,470,1364,1099,197,1170,952,457,482,335,633,222,580,202,199,325,330,216,379,46,79,398,385,228,590,181,736,139,592,271,551,325,791,646,599,993,256,1251,1455,34,1814,1013,213,811,1012,170,495,111,620,359,235,682,589,104,124,299,414,1,341,19,534,186,269,214,356,245,212,135,53,54,114.24484018336257,88.35664219854316,109.90282553337275,129.86922217509687,230.73562929248703,206.1835209183169,305.86813845299474,56.32222526110257,392.7201036337715,158.09077085032243,341.9965633457665,167.1173834425663,119.9778757325066,0,0,1
157,137,54,409,544,120,530,160,258,108,620,1735,384,2921,1242,42,694,694,131,721,957,279,763,192,201,486,1113,409,503,587,73,312,3,506,203,368,132,668,330,573,320,596,352,694,254,879,555,407,463,151,154,435,477,182,1407,719,1488,1475,1751,325,1109,637,412,28,36,663,714,131,690,1049,300,657,386,500,517,363,259,447,173,239,321,28.572198661193593,109.00730816253575,124.01990311580235,137.90383037501635,137.16214173378893,308.88763744634736,399.47952830371855,195.315109020426,65.78703786305083,205.4281796107308,389.3848202653192,67.03967926697216,282.68436280484,0,0,1
60,293,210,191,217,41,192,475,331,140,722,1083,1480,3373,153,2398,1662,929,1320,1326,1415,426,1278,502,581,8,595,282,349,716,436,29,209,220,438,107,613,236,471,374,332,319,224,45,367,99,411,482,140,407,133,382,210,367,136,775,1049,2962,897,1077,1869,32,1250,32,919,1059,148,1503,857,555,745,28,570,157,580,221,539,396,194,246,223,101.53759993170152,31.26376539420573,175.2797871208495,94.30859142250011,298.55845847170366,123.52158670347727,672.4310193858933,117.71176925585301,662.8171224710674,288.46103536122683,208.17430289062528,306.44209920018096,44.112937588086275,0,0,1
209,161,417,104,383,76,505,342,153,588,62,455,98,122,508,9,963,568,2864,1188,1610,2745,560,2014,740,1031,810,396,1119,350,255,597,585,74,251,71,151,352,505,82,296,287,382,25,299,244,472,175,655,120,308,45,494,84,876,78,632,504,178,2717,2213,1553,1814,689,831,777,1038,705,399,976,763,187,190,42,91,419,122,254,63,295,125,52.42113518281879,89.28916449959627,97.11127252100361,190.13106439714971,125.33602085992678,199.79177267854283,455.787952286354,456.89755516186534,557.1388023744644,331.652676582705,359.09837798786754,281.7663151512052,230.8514159074516,0,0,1
236,167,77,132,12,210,439,87,206,821,226,1835,588,347,519,1298,63,193,263,196,14,407,469,397,111,532,519,145,30,385,226,411,235,420,326,412,333,525,409,543,547,92,691,352,634,420,640,375,566,698,79,494,1407,219,3299,1745,469,1866,683,627,80,404,526,195,830,1107,496,301,333,1,145,284,522,101,359,120,435,71,333,303,134,5.710489233221486,180.8087982962168,66.05669089903863,134.94911436614356,307.26857653362475,251.9316185441529,299.94930618851953,200.16247746714217,314.22428072213484,137.44732990728028,335.1711017736738,118.41761684200445,211.09345450178708,0,0,1
293,245,303,336,266,207,165,114,424,472,315,367,1226,266,1757,1027,145,1486,1098,564,263,292,333,98,146,68,648,859,134,777,313,586,447,229,445,163,332,105,626,229,483,186,471,67,723,126,807,394,503,728,64,607,74,504,188,611,1407,1504,3076,4,389,416,408,362,164,455,729,84,681,714,11,189,228,82,501,351,39,27,124,37,109,114.95371646243726,121.64267274641975,115.55215162301123,128.63900487418658,30.769922408091965,273.09155841895284,377.812277169454,240.9732205717599,204.7877759504094,362.6117838639659,167.03762337940861,312.42096669441247,49.97108510923705,0,0,1
442,79,213,123,540,86,421,53,410,47,586,923,943,1806,983,1127,1089,991,575,571,774,340,280,3,226,435,69,510,48,763,247,566,378,474,737,260,790,18,533,39,695,57,606,110,890,61,340,713,292,630,177,548,228,1241,2233,4,889,1215,330,248,194,29,415,164,664,829,304,326,434,138,299,76,358,187,292,186,361,23,21,160,190,70.47754936742254,81.57427825427783,114.86268717495003,118.35346415085435,370.3177124105732,260.3501659908381,74.8265552579821,148.44621157735708,230.54058568347978,235.80449404953808,336.98207002207414,142.9463389378288,222.31710754216212,0,0,1
80,370,329,30,250,79,256,29,427,365,443,1691,451,839,1886,262,1349,115,1048,693,336,788,315,62,656,417,317,523,69,474,113,562,254,326,151,247,308,418,500,187,43,354,152,26,324,181,251,302,360,27,369,84,1995,1640,1256,1390,349,534,458,655,786,34,956,740,300,257,297,108,341,257,98,29,237,248,175,250,87,404,188,491,308,72.94139177078365,42.257635313873166,104.29092109600515,69.24393515058311,185.39679743728047,228.79652394424568,386.4235063800529,216.5133668411694,309.3545921194739,337.9191974719918,247.47941337864523,174.21884905699608,116.68403183823841,0,0,1
222,341,27,323,206,62,263,57,146,255,351,1431,360,3581,1228,1197,1174,171,2,1434,787,448,55,96,467,1049,462,536,321,245,8,934,500,511,444,488,496,181,352,263,368,384,736,60,800,98,790,211,902,7,1035,520,662,2673,1574,1476,994,955,487,322,193,36,135,261,707,440,188,299,520,420,133,567,46,294,70,540,34,441,20,518,204,80.40383366424034,159.1129851739846,78.19645355727098,187.0167269992878,386.8953750692815,453.16794125858826,122.68976086596167,267.9598493775807,77.322540048581,378.86946347794407,109.20148878280344,342.2308306258967,65.16455762563248,0,0,1
260,61,99,327,27,693,199,694,710,363,737,184,619,116,1010,2241,1349,1882,2023,541,790,316,1114,146,1006,701,8,197,338,187,794,318,439,496,181,493,28,491,80,699,472,697,560,310,286,405,281,291,378,339,454,296,365,89,185,24,482,53,1450,1876,679,1653,2102,85,1352,389,331,439,405,1429,1267,19,833,567,192,305,14,458,364,292,263,1.0071756443913182,33.761026973623586,121.61717675169615,112.67193983841872,193.39552250504664,290.426401459923,273.76704343321825,384.82097423620854,276.31088375016583,299.72205223120716,508.1029322610891,109.94154915699978,265.512483514971,0,0,1
95,200,88,147,224,454,123,471,38,745,249,559,586,355,925,137,2292,1617,2288,2456,393,1317,853,1376,463,1085,1253,331,643,300,108,39,50,470,369,127,402,93,579,53,915,243,567,252,655,520,475,579,208,446,56,309,108,512,101,492,108,877,1876,257,2791,1874,385,1568,530,477,366,986,774,77,493,250,257,582,572,542,989,80,512,54,532,66.887161013988,119.86972858666161,74.4379072222076,149.16830861763864,140.54997776591784,372.56339446739776,345.8405090160427,667.6279467446474,328.0391309450124,362.2271103748175,250.06771382734524,274.53981198559165,212.8994169534666,0,0,1
498,324,108,7,182,26,190,685,206,361,202,536,274,155,1325,2648,205,1873,1361,384,460,1220,555,756,721,486,7,371,275,297,316,75,226,241,223,225,387,109,1891,1956,961,2213,2577,135,1590,344,64,56,461,1258,758,169,914,828,212,217,31,34,205,353,229,638,183,398,411,807,278,1145,200,665,691,944,679,2475,968,553,1974,1003,1119,229,733,71.94534688972232,99.08830814738741,194.54556541443756,36.57626921809646,73.76973951698082,246.11111249238976,176.12043361185803,162.79013035003027,274.1874984265792,283.5874004683486,414.0660035242224,366.70430813257326,223.50189218294926,260.00050048507586,250.08151242294036,19,11,1
394,346,735,416,415,337,448,779,71,469,45,538,231,334,344,193,366,353,431,199,399,203,617,345,941,182,466,514,25,376,11,511,67,1095,1372,258,686,1358,522,815,852,340,381,149,693,928,147,785,913,254,455,243,456,328,254,1,222,439,79,345,62,305,254,675,456,335,405,98,434,191,479,558,2098,1057,1858,1773,188,1193,762,1052,510,54.12838756828683,93.96639771868838,92.31375765168971,172.465049583882,184.86415125247382,137.0458066673346,459.67453386934676,161.32553167822428,203.64217783963653,284.7825059354745,136.03835575250056,331.05760217574834,0,2,1
638,1001,529,515,282,127,199,19,87,236,171,37,181,44,167,57,269,73,231,183,296,70,54,251,388,47,340,465,165,604,69,235,293,1344,470,2809,1193,827,1726,99,1111,160,967,779,198,1066,740,84,8,32,168,119,121,17,212,193,76,479,367,98,7,284,162,549,560,2117,2725,1651,3380,1223,1861,1624,1036,467,803,851,545,182,502,813,289,73.58619462540094,82.167297989582,181.9165497526379,144.34442323880094,238.90846609540827,271.59599956693404,361.4366906847707,154.69054655291654,515.3250693557796,172.21808305319047,548.9121002928151,203.24850454638917,367.25172784472807,122.0608500336861,0,10,1
406,93,44,171,245,381,400,586,14,363,325,1703,355,1425,845,1239,51,1387,564,258,552,106,785,376,32,406,759,270,124,256,82,167,472,50,372,223,696,71,1098,163,767,566,192,91,1227,2225,264,1457,886,31,261,1209,162,1302,607,126,61,916,388,982,849,43,246,438,407,395,574,168,463,82,570,65,373,18,410,131,496,45,428,202,479,76.80574369584622,28.69364666826401,213.25917598042872,111.74002670373697,292.6853084704948,239.84859013885412,112.69490374239294,237.6210384604712,37.17183132268434,274.28678101381905,179.75334311546834,184.98852706120016,292.1803288183916,56.724897458158814,9,0,1
647,955,124,830,810,2367,3676,180,3386,3201,289,2123,16,1300,308,1744,1858,1,902,500,23,116,446,250,136,96,62,79,180,108,204,282,116,271,421,456,198,728,1637,748,1821,1612,27,1383,471,1569,577,1277,1314,173,881,421,58,162,398,234,418,342,329,297,476,427,317,325,649,529,408,692,145,463,64,565,216,622,3,467,253,586,537,100,399,38.79830110406775,70.31282336555171,68.75835307586233,139.13622914902928,142.05348455511879,326.7097328712088,30.748999010428626,642.4485162950031,278.14448087806244,702.6133929635321,259.55699687743487,495.87281576923556,173.48788619049736,244.03221874566933,9,0,1
494,1679,543,61,327,107,330,737,16,143,123,91,339,726,540,48,501,241,314,65,465,549,124,445,195,426,317,247,188,424,189,702,391,495,402,191,477,225,906,336,633,329,60,1795,1166,424,1896,527,1231,119,1249,574,391,694,299,517,162,550,480,3,252,104,429,12,580,305,339,278,628,597,119,65,461,386,215,672,156,447,4,540,136,63.95552619646271,28.221736503872503,99.06026667329013,122.88516954566074,284.6457282746397,445.96451769927427,147.60754762937935,86.07783335765448,196.94720676191804,150.7470987884748,222.532375090765,151.06123143346517,119.68824623596655,0,0,1
489,211,324,987,684,1900,2394,1089,1749,1638,503,851,142,927,1089,219,935,339,84,9,247,359,146,560,300,140,56,228,114,221,317,243,402,422,175,98,584,363,747,503,672,318,418,653,511,534,672,512,1945,1936,3498,1672,2354,820,409,711,300,725,945,491,1186,959,140,446,209,452,220,109,392,370,127,283,87,303,68,242,383,108,315,88,347,102.47106678530733,107.2459613519817,129.82354771943056,382.0815336479025,317.5683126824127,412.09686696758683,383.4737538913084,268.98186026036456,409.8177835594176,197.60987088815216,322.29916604386193,87.94932575197355,350.7784069079419,4,0,1
197,282,53,125,168,141,279,286,407,551,518,565,480,251,341,96,1064,990,707,491,884,457,1035,759,98,563,24,704,112,924,502,512,663,163,387,303,197,584,633,276,390,488,348,306,371,410,259,485,123,684,121,630,12,503,15,120,278,144,228,140,434,2142,67,3076,308,2139,1422,1083,1328,1170,929,947,920,600,892,457,335,211,123,466,157,109.48500454007774,122.51888495184079,195.67659799395148,289.8628472954647,476.33224224274386,320.0007189476831,445.4567508718695,224.4240958392578,268.1353051410149,164.12744320289028,230.148982245446,147.70346864895143,186.1160613609502,0,0,1
3,206,166,32,48,193,72,404,181,200,572,1352,199,2050,1540,1113,702,1711,900,50,460,172,844,357,757,1094,656,125,812,327,494,380,245,170,115,34,279,403,245,496,86,312,227,496,23,616,423,231,204,129,22,79,265,545,1666,1789,2135,2187,986,2677,93,1945,277,1168,55,901,535,787,782,78,663,283,470,196,263,106,512,35,428,56,160,92.38872367268186,206.2421834892559,139.45723073604748,221.17474291620442,366.434995940617,444.04711839620217,298.05324752508034,329.27071632375015,404.0630037183152,126.95059867139119,428.81388782424796,184.000182013173,297.7696619713572,0,0,1
337,84,312,74,386,210,366,276,542,489,140,277,526,50,966,149,1029,259,752,76,2652,524,3400,1385,1676,2028,613,1555,424,793,156,1116,436,1019,850,348,727,124,204,106,174,178,121,346,206,337,355,428,214,164,60,313,126,478,221,54,306,63,557,87,490,107,302,176,528,1800,2,2357,438,252,1042,806,272,382,401,815,35,631,319,258,640,24.221068399557485,159.31995346085438,211.63523338714026,193.02172779182115,583.358793563496,425.9288489026235,369.4293952425004,330.9814634737153,332.9452835170434,197.7326534318751,132.10827561559876,265.59481551105284,0,2,1
605,772,1053,126,930,263,350,85,171,160,268,357,445,431,242,522,288,535,328,335,220,476,193,572,486,394,702,236,349,467,448,843,719,1944,69,490,907,451,235,170,129,401,318,361,748,432,287,639,295,454,230,475,247,412,502,20,408,136,661,266,477,89,234,74,243,225,326,280,194,399,420,97,535,22,647,1745,2005,2120,2554,2,2732,128.1346943700123,216.33243356085688,287.95024426383804,173.32767137470864,247.76401498695603,204.35642729170186,89.75024790480144,296.1670352687798,177.88147115964497,270.414325749244,249.3730886786106,208.56061272074967,0,1,1
929,1609,93,671,287,1094,354,1273,942,61,738,415,105,152,148,232,374,89,278,62,69,327,313,6,387,381,157,3,327,236,256,26,693,30,462,152,409,22,3042,2759,1412,2760,1755,734,1110,843,668,114,903,1088,147,68,90,43,478,366,135,506,129,497,309,227,309,286,351,487,464,440,645,250,473,92,63,355,213,663,414,571,409,490,1072,94.99072167934047,125.91388345563136,77.9772472840267,226.48303841754785,144.25600825742873,76.4970014437868,502.4669209014256,220.02280484284879,391.84906786039346,180.6812177147082,372.2813080452901,190.50443391796324,186.01748046021393,4,0,1
1057,2073,844,2103,1615,1480,850,1236,197,1055,233,568,390,46,337,167,597,108,86,373,119,882,628,435,383,395,246,502,342,480,394,354,174,761,276,613,189,692,152,635,525,658,274,777,163,390,2352,1385,3295,2273,2508,3247,1576,2496,710,877,853,1075,904,1596,250,1251,748,10,99,101,117,88,251,167,398,259,534,302,70,15,149,165,513,37,327,98.4877318043555,350.6725821231698,181.4572387044517,734.6751618774606,442.1430035915982,504.215452287854,668.0526392764618,176.9995019664248,319.7317726278864,113.64368377567278,215.73459139328835,191.15196896777874,159.8332452589404,0,0,1
195,72,140,325,231,47,165,56,50,1626,2233,841,1996,873,1326,1048,1843,1552,808,1832,685,1196,500,768,491,485,545,140,170,450,164,430,156,571,14,481,226,293,312,103,405,222,321,30,1137,843,3333,1375,1579,2719,837,1107,160,846,828,582,1472,565,250,171,29,324,358,187,169,569,367,169,185,525,200,440,413,184,698,33,585,157,29,222,188,106.81547994952962,93.7231514970608,66.32086582724997,58.63667672147482,209.25222534804476,160.74663808836334,616.4062455527817,275.9552701562889,585.3262096910036,307.58503054024976,353.9750354267271,229.88980820870307,233.99653576379816,5,0,1
472,603,13,287,85,1152,952,1094,353,188,177,566,173,426,327,214,422,92,870,453,1806,678,1081,1057,458,854,128,727,141,387,344,366,324,243,385,61,245,310,161,766,258,497,85,379,625,314,816,254,526,346,1663,721,9,1191,1267,56,569,468,440,594,254,884,879,25,555,452,123,237,144,398,84,317,17,348,205,477,422,270,12,690,302,117.63775432449948,122.25220638132176,87.953207027105,68.13433647191451,208.30979333675123,227.3646832237284,259.8760132535462,221.96660554661236,150.04887050452493,221.0351352099232,352.0521365806453,165.91915686364345,233.62451189487103,0,0,1
494,604,60,130,147,145,160,348,58,1982,1628,1953,2509,431,1776,970,1259,590,859,1308,471,688,473,174,76,286,526,592,221,450,352,223,169,288,259,80,366,207,165,201,111,46,101,37,26,342,53,434,11,162,310,2389,1269,1940,1758,835,948,1495,157,761,318,651,933,50,400,374,148,35,178,233,174,66,9,97,51,47,436,37,323,41,236,27.604619131443805,99.53909777346156,135.27770074473133,133.80203741628304,226.18432676828667,294.5302204051392,535.9084928765473,280.99878032348335,408.72590865974354,362.79526219925935,265.17521189605037,290.20189988328707,1,0,1
38,324,195,348,76,231,73,525,63,452,164,1859,2148,1106,2381,1633,1083,1874,611,1076,154,1183,999,236,567,547,47,45,399,158,123,184,308,194,328,43,732,212,637,99,356,166,322,238,2502,897,3030,1585,1638,2032,956,1623,1098,1375,596,1731,459,1245,648,595,299,531,95,632,376,294,189,203,3,379,82,508,116,367,178,370,108,479,203,387,393,64.7376681031461,132.122053315193,46.3268010327318,213.55875208710313,478.2826677718292,540.668466012293,377.565902790936,496.6583259322554,297.8905499849588,344.4895459302409,273.40102537550905,185.38646271266776,234.50944422759835,11,0,1
218,482,334,795,259,857,230,658,18,793,1355,1202,1467,15,843,92,288,835,77,816,7,440,367,687,1083,1231,52,845,482,520,175,585,500,250,525,180,70,24,43,227,232,598,108,567,27,736,142,346,504,403,273,831,72,897,1683,1767,1616,1937,118,1542,556,1113,93,1239,432,1279,1057,377,753,46,355,47,235,53,398,124,119,15,126,40,75,158.901783268513,216.8163427920689,213.83958606232633,241.19649317074152,484.1744036243552,265.45408253283955,406.5388893052521,279.7919690405456,109.37360389532056,313.7871334088056,31.059173729916864,127.69461752690664,108.32243696382653,0,0,1
36,327,221,456,131,639,20,606,15,625,1,605,201,530,240,751,1373,907,2275,1280,1291,772,993,319,1007,1029,1386,131,1127,518,1005,108,1232,712,424,620,87,247,477,286,560,219,202,289,78,390,173,392,5,234,150,566,99,494,66,326,192,355,119,405,585,885,1378,637,702,1437,265,1722,989,678,775,574,376,692,530,471,817,112,544,92,259,197.79598178476806,68.6577847788844,84.82726101849751,176.4545248646688,295.4980382760603,576.108828760869,416.2281858606328,91.64758861706721,242.86844324935146,167.16554018257972,67.53110519226803,227.48319335075868,64.21495203004342,0,0,1
60,141,222,295,325,177,393,55,420,266,654,441,665,327,896,160,593,1679,130,2743,610,1592,1670,671,1500,790,768,1070,1192,173,1024,219,36,693,653,257,866,339,446,184,542,399,199,216,325,353,185,67,377,26,482,119,920,221,629,398,261,567,544,2613,1146,2145,1611,35,1543,948,1137,765,221,766,499,269,432,273,13,96,48,91,252,254,99,48.90832974168157,168.2280352522024,74.85645004700255,109.57839893529076,158.70115390254728,584.7804186092974,271.03080089284896,551.557834783201,139.59870370235222,525.0458860031144,68.08747339997392,240.6167223250285,168.08607152782912,0,0,1
534,121,350,137,381,463,77,283,100,335,65,676,223,338,154,151,264,975,314,2532,831,1175,1441,104,1052,792,1620,175,1137,740,699,178,1094,661,468,549,235,403,250,613,97,797,383,647,400,397,154,461,314,240,377,87,320,123,376,552,337,480,1247,1641,562,1165,973,141,1063,384,407,404,330,508,229,315,85,395,293,27,99,138,67,339,285,82.14449669677006,53.868376686045316,76.1825051173131,125.10557225249123,198.13003936808775,243.0147981370501,555.9196876867335,210.4933496789092,371.3701849067209,5.278190022601248,291.32575882601253,91.29695192973796,148.316658712771,0,0,1
121,298,129,252,22,355,340,359,262,430,58,723,453,732,820,314,706,93,967,1398,1513,3689,425,1785,1323,195,1211,574,1338,20,1181,822,456,225,375,332,261,728,131,359,160,610,99,535,153,437,136,144,113,505,285,267,377,260,391,115,251,243,104,302,125,1260,1980,65,1240,1571,703,1434,179,1061,660,693,1218,134,596,494,69,40,170,365,53,74.62566246270626,53.43773321918141,86.95604637415364,44.52282117280582,65.78256322917191,228.2167782238164,637.4007359000481,428.3610999048913,339.46365935862246,442.049858060639,51.296130675793506,335.6915583530126,67.12141929459392,0,0,1
54,75,166,144,318,80,176,340,242,546,699,549,980,223,938,189,1025,1205,1791,3348,64,1761,1872,23,1527,480,1382,131,1145,885,521,53,787,163,792,672,360,589,22,309,87,233,167,349,180,24,2,183,253,25,275,434,41,114,241,77,58,311,147,1331,285,2088,1744,211,1931,1477,700,1118,292,1733,697,1247,1306,23,686,299,292,179,303,301,166,52.70805556695372,25.66858612474755,60.04108773448439,42.972198016743874,64.35347698454218,329.68483296362706,477.69362358113176,696.0144405276164,199.19238475882912,555.2490799422358,181.6998035785474,309.07310492935477,89.8110454910832,0,0,1
71,139,533,277,316,257,368,418,89,682,3,771,185,797,742,356,1766,1,2680,1226,977,2509,933,1880,1100,761,967,284,1511,647,428,713,408,83,81,42,342,514,49,541,61,525,135,254,56,361,297,209,277,37,59,129,41,62,445,108,415,8,77,1726,1945,866,1965,1303,979,1569,107,677,616,309,1110,628,150,321,272,221,112,266,87,247,201,76.12618746385193,49.613030307090725,70.86889081699135,82.91513386153862,58.78006145794677,196.81704185412616,361.93328195367314,565.0512171963693,447.5847806902174,371.54032830972636,456.7209163180449,278.98851101321696,277.34542959611366,0,0,1
98,20,250,245,507,215,152,15,495,27,663,1317,1265,3276,121,2343,1629,738,1722,620,1628,36,1503,1031,590,436,410,380,223,675,299,288,226,335,255,227,286,286,229,234,360,18,181,238,310,266,183,312,92,200,249,197,110,363,105,1379,1477,172,1073,1610,473,1255,633,468,742,281,1189,764,54,453,520,217,19,59,21,42,138,42,119,79,454,80.18335755998942,27.580614462164466,71.88612904091768,88.40373883351025,102.10502558640295,315.36523948652405,488.13930756286874,446.7207258756534,460.82781421469673,221.22061005942484,421.06719460648293,68.424947086703,240.68105911491563,0,0,1
290,269,460,100,487,17,554,130,630,2,845,223,934,594,296,454,385,1961,269,1144,1138,316,909,805,768,445,743,52,176,843,426,801,835,140,536,336,771,22,843,454,446,306,640,324,391,18,512,163,440,717,273,790,50,568,311,487,475,46,1465,1243,1101,1688,1064,1455,1585,582,1083,511,999,1257,289,1045,470,386,234,136,109,41,301,334,42,32.08816966764579,97.45825254396021,109.01249132447435,219.2569207773678,304.65772803262354,455.1779929390785,274.74222131392764,276.3541723539426,187.34925198502572,296.40393438095543,358.94675094905074,211.1088073809309,238.19369223209665,0,0,1
209,44,260,123,213,259,129,429,76,446,331,845,7,1069,488,688,723,315,733,1248,248,1692,826,435,523,799,353,43,487,111,159,30,527,152,1156,533,600,689,107,259,197,225,88,257,21,308,87,287,156,332,27,488,223,770,365,425,462,168,574,77,515,653,1047,426,1617,103,4,167,514,855,406,470,419,424,703,100,994,1137,52,724,177,70.3887879752147,104.67977336701293,98.26520956550563,49.20189032841947,229.14100053242328,52.82733394449081,376.2623231555523,67.63049921434985,176.47004167971923,105.18428533495931,386.98412062111504,52.38698419715353,284.8965772940938,0,0,1
572,357,554,710,57,389,179,568,265,539,75,497,78,489,327,86,241,58,308,305,737,917,1263,3129,179,1945,1385,111,1952,397,1490,1120,358,939,204,633,63,801,494,379,451,200,211,407,276,92,219,129,21,425,102,389,284,227,293,431,417,55,256,310,405,297,41,107,1352,1138,444,575,1278,897,377,700,94,612,278,678,851,246,433,737,286,21.680258917106546,74.57796234464104,71.52321812165445,65.53062744334713,102.51411183344467,98.16967170256902,429.6649428569401,459.07034463258043,236.48753392636004,463.27461321223956,195.07958249083367,292.5010529060791,174.00562251463174,0,0,1
72,120,288,16,454,72,483,122,768,178,611,319,649,818,1199,3,2186,750,451,814,123,1227,1,1226,586,610,539,774,343,789,716,312,541,460,556,245,520,208,590,105,479,95,475,21,611,366,336,185,497,172,556,267,352,668,262,545,51,437,616,2029,2804,608,2333,1668,1024,1772,402,1275,128,1370,1236,16,461,8,161,236,534,295,197,40,284,94.82692241512694,29.73671296168831,91.78474191796886,100.88495557697004,194.88536694682853,244.41737255265872,619.7433471072745,286.0028159107714,454.66310987333554,449.355849532842,112.3852206049969,288.1590196823167,85.52941308513702,0,0,1
269,22,377,153,437,53,491,224,374,97,449,424,586,708,1912,453,1324,735,935,1192,733,604,49,290,218,136,423,195,27,253,253,404,455,31,258,244,364,237,719,1084,1800,10,1149,1945,552,1562,1185,488,1361,55,1331,757,408,613,196,207,161,111,410,5,618,127,543,96,528,357,384,450,278,467,13,473,82,1602,1327,1563,2071,565,1606,1613,652,75.53469822238358,87.53357696775065,67.4747687214716,123.90983469772465,226.79886012667185,320.60475798471094,149.71136942566096,360.4679499206668,308.037662799191,57.018330548734944,428.900205231897,104.78918058972494,202.9285498544709,306.2139953938368,130.24032246301846,17,8,1
1263,87,1302,731,448,769,576,159,421,224,431,19,372,145,132,25,160,30,144,107,408,104,320,71,452,268,10,258,98,437,63,437,453,739,917,1765,323,414,300,42,746,54,361,353,223,190,546,492,80,411,237,389,463,179,529,40,518,150,259,259,541,563,298,469,124,344,107,178,257,69,586,721,386,1160,1172,525,1985,483,324,1032,595,95.8791230144748,51.77690672297613,125.23214431995287,38.16549524574211,31.684351421482503,175.52164906637663,393.501952722173,237.72596679330536,91.32464580526522,368.0312676550875,125.87266497640356,102.29165781142449,192.4203058551826,0,0,1
1126,510,398,639,200,332,186,684,525,528,863,15,819,306,621,410,580,694,100,512,149,415,153,452,185,341,141,239,572,395,498,623,133,747,246,1798,1714,499,1343,1295,604,1751,54,1319,680,875,1177,9,441,50,183,22,70,137,107,164,260,196,600,5,288,77,700,6,753,499,468,710,1691,316,1147,947,450,1179,243,891,188,457,295,247,385,32.47910327334865,41.261634302144394,90.52237634462725,157.28995554928886,80.55038132363924,85.3203381144019,481.01605489941295,78.22646124013023,312.6838063842446,229.45155345964707,484.35908674889697,48.47820539970436,243.6376038212995,79.63238645529404,0,9,1
455,544,291,578,293,810,69,767,546,261,252,274,73,729,541,374,199,578,317,357,664,288,519,235,402,190,425,141,38,1665,657,2015,1328,368,1013,1386,103,372,201,637,857,260,990,936,120,628,443,226,141,454,552,64,326,69,157,91,306,89,518,110,472,163,371,835,46,965,417,52,1616,470,535,1838,635,1331,474,263,475,37,407,329,299,87.24027316551587,30.88486852242964,89.85193618086129,124.41635737692395,416.61230515872313,171.1873447600722,229.33210870238315,66.07632938093948,341.9161250707238,150.27252778550366,408.78245869194967,10.205182266071429,0,2,1
451,816,232,489,236,630,361,481,548,226,439,51,208,149,420,131,338,16,209,236,655,225,605,94,548,343,12,1191,1262,867,454,368,390,390,665,358,269,223,88,112,157,110,91,250,29,278,55,303,121,292,352,19,457,3,462,67,516,373,86,93,288,224,311,772,22,634,122,1532,530,3204,890,856,1439,807,948,437,582,265,505,648,74,101.38286100999125,71.64992158303849,71.09132192699171,108.00042396101192,60.97726010571483,136.64196827549694,564.9477587552946,159.89836279881743,313.99401473888963,137.34563188426236,253.8354939251075,94.85292342225398,147.2283547588947,0,0,1
103,93,312,211,428,111,473,346,345,300,371,307,48,510,167,242,65,96,32,188,808,1363,2481,21,1528,1932,596,1390,478,943,865,525,1411,510,433,393,24,211,545,367,28,41,159,126,256,730,46,355,44,337,62,239,37,43,17,111,114,398,351,476,2040,452,2742,884,478,973,839,1084,823,472,801,183,423,116,40,450,359,117,478,316,129,157.72567706474064,32.090976905330784,77.71405459220863,16.536721807038504,50.6731191066822,82.0637297737091,558.5544408520781,101.09277210753004,467.8426212369527,130.9812881063692,401.89587026804173,238.9380791174523,257.910497842728,0,0,1
108,401,463,109,540,239,367,334,278,292,516,100,608,190,130,48,279,90,436,283,1821,1550,1113,1444,378,1014,1200,688,1198,177,1349,1459,159,619,53,355,8,670,519,128,226,211,71,335,14,507,195,201,365,307,308,234,169,84,126,25,31,285,225,350,1471,2212,826,1533,627,466,1266,161,1279,249,852,582,448,54,243,188,387,398,44,237,152,161.52479336808074,78.75082866372321,68.91784773415276,149.77509747310023,30.717309859426166,52.99065349040211,512.2436409730246,72.71608180506223,500.5886220516834,142.87358735957756,382.2158882369793,113.0968003127281,263.47166092185506,0,0,1
432,152,744,427,468,550,18,422,20,762,186,833,408,501,680,339,540,445,441,238,589,1742,1370,917,490,40,489,83,161,54,131,369,110,335,494,130,769,286,474,236,425,280,236,492,176,424,304,576,40,311,123,177,198,73,645,288,140,252,2160,1484,2115,1750,545,1439,128,1737,443,1411,1201,276,849,446,795,179,568,129,347,131,181,170,144,96.24419888106476,91.01576557270194,143.25789029041567,96.59490714240201,119.40350160798506,306.8826710615651,646.644150028636,146.01565020241247,279.5677218684744,236.2918367535953,149.8607974626334,105.66743736024314,170.82248189497182,3,0,1
187,443,148,499,70,342,237,226,145,417,167,589,150,426,1403,2151,9,1147,1200,293,1093,162,870,898,86,653,569,112,754,342,459,483,384,613,87,511,225,215,200,102,190,261,385,142,66,115,42,47,133,76,8,378,1399,2253,1229,2286,912,1156,1853,414,1752,176,1394,891,773,669,270,193,512,671,63,416,112,375,10,695,465,743,603,167,118,66.93658854747957,52.32231053120378,47.07299707791872,167.38408060326486,168.62714046084042,376.55248832313623,294.26516901344,538.4517858191975,93.16800071609484,485.4119163241215,156.12034520697662,336.8171283929563,116.2975696949215,0,0,1
105,305,186,636,244,347,417,420,362,461,546,68,21,216,883,280,513,186,1333,1007,283,1117,149,845,457,462,1237,436,613,399,318,191,614,752,9,280,239,293,163,660,118,656,144,495,130,171,100,344,108,402,209,62,226,498,1653,3068,49,2803,2135,1241,2042,739,1640,2,1493,894,681,224,345,22,431,386,110,231,40,335,35,472,199,451,241,76.26148881434123,8.150741921305293,152.2068094686146,154.8409138666806,184.0289939792097,231.28943517161926,635.879663125847,364.9770899679892,343.32715538989845,395.78647220309546,142.37864962176485,370.70070821477356,48.44543140456046,0,0,1
425,360,5,129,31,111,269,287,311,860,315,2205,1286,267,1674,322,1189,457,1125,1648,9,1174,595,294,412,228,657,83,37,412,69,386,170,218,379,241,509,306,848,11,823,242,480,320,297,584,350,1994,244,2962,921,281,944,977,571,348,713,793,139,1035,473,99,400,169,395,732,213,294,145,354,350,460,867,212,753,184,411,373,333,451,172,72.70952394433121,77.82427191436496,60.417819125498596,39.74194538040184,147.6073714154057,109.82672986194507,374.61937975075733,492.03622650809626,261.8184408101382,456.2244651673577,36.165861501266676,307.57668821128937,29.40930434105967,5,0,1
381,151,499,395,583,702,167,467,298,2112,34,3519,2244,789,2696,1241,1039,271,808,923,368,1962,1101,404,729,140,206,72,669,414,490,663,162,565,193,428,59,326,87,670,126,786,522,340,29,980,360,665,758,87,1222,2154,847,2331,1016,758,671,728,88,1017,513,171,195,272,858,1085,248,237,5,206,198,443,355,113,3,27,88,300,116,215,85,65.71513257204977,31.99118941087073,166.78693832857164,147.7333025589107,469.67133322143474,216.382745661942,437.01069940587945,472.6080141339763,500.06493245289516,278.26187330064454,323.58364183085615,204.17321201167366,167.62936729031048,0,0,1
389,238,228,508,207,487,144,386,70,474,32,492,399,1504,2883,248,1734,2463,90,1801,14,859,474,858,1596,768,468,362,88,469,97,321,87,323,64,534,2,620,537,6,424,53,262,226,866,581,945,326,2811,1178,1268,1818,672,1602,993,1579,280,576,309,365,463,753,183,418,275,269,99,580,246,377,345,6,210,47,216,148,71,19,294,177,570,65.41834714890656,110.45556172492637,124.58920674596048,285.47402567215187,248.17985578804374,401.3584467600744,45.966707558767716,453.0519234572357,340.75152688474407,288.34257388908765,453.39358681632115,154.02907519282275,262.61193806227806,7,0,1
249,334,483,619,86,741,523,1968,2044,1326,2148,764,826,721,748,907,116,1007,640,102,316,163,103,192,80,232,133,370,306,283,281,296,299,158,283,87,275,269,419,64,349,1091,1519,4037,682,2986,3187,488,2264,673,1892,212,1589,1666,197,1202,609,6,94,359,55,372,143,424,318,206,206,369,265,253,393,163,1,267,171,55,29,81,125,484,117,32.84847560598097,132.09146992275515,103.5047193675031,165.05930958556908,104.54099750000456,282.3189511410933,425.2767792842521,541.1401719495387,560.8764360508658,432.9140688373638,460.9191885182604,317.3886012059097,270.95278920475613,125.8343025978228,9,0,1
17,1568,544,2180,1627,178,1327,659,587,459,293,929,397,234,199,170,257,416,319,150,73,218,79,30,158,322,207,335,79,293,79,483,1,509,173,399,534,308,387,267,519,121,1087,508,1899,1190,690,1606,325,1662,510,1483,310,447,136,844,205,848,193,448,121,670,259,625,434,573,456,33,61,280,172,329,363,59,64,305,400,308,397,85,318,106.07845915546575,0.7052106885894522,161.4829687890109,133.5963064514119,429.8603821300586,393.5750036617271,22.80813023759072,389.02065985472217,77.56775027148802,341.4398843352071,113.71616159330843,266.51706682426305,99.7952303050051,0,0,1
312,468,266,1680,833,2023,1808,89,2048,1394,940,958,176,1132,757,445,722,359,290,177,338,312,2,205,137,10,148,521,6,586,399,376,392,337,351,440,450,404,531,368,438,328,511,59,1040,630,2075,1669,850,646,470,1062,340,587,593,183,49,982,381,1009,905,54,406,137,415,40,613,321,299,372,255,246,155,36,444,238,176,195,229,84,584,86.93557657845693,86.17637523116274,138.68380379118636,108.18946142238094,370.15581178741473,280.1020051025705,96.11227183406885,469.50296572222396,235.86035440689113,332.6123434915299,293.26486253723317,274.00646320198194,165.64306145957866,0,0,1
556,267,866,120,905,775,1279,279,1490,863,481,715,759,359,413,231,685,1192,389,675,812,148,214,156,94,222,54,326,17,596,7,482,292,211,355,255,343,222,594,250,415,176,1446,950,2069,2237,356,2797,1031,1882,1099,727,1246,291,1016,652,147,279,218,291,21,334,195,240,18,376,129,780,478,161,248,191,336,43,560,252,236,364,255,517,325,47.308764102433344,140.96899956173036,102.9705066608718,88.54456556417959,149.8879208716676,282.0883450282559,506.5184428992949,303.8267034488717,255.63884415717922,433.8274030760444,307.51661464747673,300.12998174933523,172.12233925100756,6,0,1
297,186,757,1694,655,3360,1504,553,1319,261,441,308,612,433,44,205,106,394,663,86,770,189,560,237,470,516,74,593,323,712,157,694,59,867,386,637,495,449,767,307,1294,162,150,1168,1505,478,476,943,28,1210,394,1394,354,806,500,104,210,18,533,415,170,430,48,562,239,575,483,83,397,154,232,79,327,219,250,253,25,341,124,51,182,132.80468208774167,77.09922820352654,44.66293835342275,198.1701072913448,158.4773564267148,298.44367898761885,373.0858542516993,134.35092061101778,313.36867244768143,266.64763183633517,468.72805399097115,146.28386706256018,174.01197396843452,0,0,1
128,549,245,1321,640,2200,129,434,537,566,354,28,316,276,308,63,363,825,480,104,477,290,22,155,286,172,27,216,526,148,312,86,400,273,418,344,330,549,29,610,295,489,223,378,545,1175,361,2265,843,807,1856,301,1567,30,1158,593,540,967,104,124,590,284,408,645,16,282,220,510,55,521,272,263,75,312,92,566,239,272,189,251,53,84.38653304875534,73.01850728606466,108.9213775432612,89.26430577098093,264.4000390034011,323.75433752691646,149.42731913692305,344.87788078943277,278.67670128564936,321.17569610901137,191.63681566490396,261.5760317842164,127.94111553696287,0,0,1
122,84,118,286,189,484,324,794,2428,1283,620,2297,637,1442,467,774,1267,119,1375,838,386,692,200,678,7,526,396,238,388,123,515,248,258,96,418,91,531,225,338,101,47,50,290,254,592,338,1511,642,2289,2315,365,2327,1699,1172,892,199,540,281,459,911,975,2,820,486,203,7,749,386,416,233,355,144,236,234,170,298,125,563,103,453,343,27.02744385911725,88.34160416622599,67.38563981527592,83.19629258208501,334.10131343908745,175.9426616222767,443.19121440816116,50.6310901009824,607.3771140531521,36.55849454465323,513.3177546126627,82.55952638445424,270.1365114649245,4,0,1
208,188,631,613,180,762,1240,811,2367,336,945,1431,260,1158,208,678,827,25,634,642,562,195,82,120,56,89,196,153,14,189,350,182,697,56,574,346,603,56,822,36,1069,241,2391,748,1450,1611,287,1082,164,716,581,279,528,23,209,122,632,46,407,262,90,207,429,176,154,663,1152,1246,2638,199,1437,1658,125,1461,100,1131,730,506,964,328,5,21.095077579748168,54.51069416054065,32.00822334320495,73.19001883359665,239.9282356076901,107.77624329545286,271.67435795723287,153.73762304020596,307.4715348757843,396.38400889572796,382.91658307584083,473.357320089416,131.2256564320977,313.0207135334712,197.51784143477497,7,16,1
533,125,339,116,75,204,3,312,106,552,233,1770,6,2849,1216,1368,2457,357,2381,20,1666,993,803,1365,76,498,354,222,480,12,639,515,403,359,212,50,590,225,290,114,212,212,140,343,34,398,207,558,483,381,560,29,851,984,1922,3234,116,682,610,320,347,302,700,339,24,94,104,475,983,579,443,743,79,200,251,502,124,255,707,261,270,31.9585336106601,52.927282310936256,147.78919927491813,164.55580562958627,176.09281998423447,323.68666532870793,472.75553641884426,580.4218109240618,368.6945948091711,442.5750910541417,10.047904488637817,328.1628405742467,151.84906100052132,0,0,1
46,283,16,395,93,440,461,269,777,6,399,640,1515,2482,529,2620,2533,799,2755,934,1593,1781,159,1097,138,624,364,271,385,245,426,65,294,195,201,276,437,182,366,204,259,187,148,232,446,7,122,130,39,39,189,119,111,998,1536,3387,596,984,1228,73,648,656,752,332,341,648,401,288,271,219,468,21,95,301,366,137,53,155,230,348,191,77.1298096625418,87.42447556550479,58.74481710689563,154.10212664710446,202.2236463052726,285.9977121629091,220.77719063600512,580.1866725874996,312.53692939563416,618.3578045035702,214.74168713576515,419.1441761842038,146.99333291151765,0,0,1
355,159,152,81,263,52,465,419,282,566,164,497,167,2058,394,4274,1262,2334,2463,805,2072,965,1964,796,772,1187,32,53,190,75,365,634,1,663,214,260,241,148,505,23,568,408,656,345,611,8,180,573,1510,743,2864,491,591,859,177,566,366,737,506,160,196,330,889,667,224,621,32,502,37,675,311,308,25,47,92,440,280,262,191,346,414,100.85935708198446,123.50887374128092,149.51610337482356,272.2784573839214,141.9023918741095,418.81203142047576,544.3449227267864,563.3585738869501,150.0099090323036,492.90166778940875,137.83051625635485,351.8780851582529,47.051028771021116,7,0,1
593,753,354,545,176,800,487,578,1087,2182,3890,891,3832,2406,1245,1880,1349,1634,482,2134,1525,441,559,175,295,391,472,186,137,235,88,71,223,83,620,61,385,163,1227,1134,521,176,1144,1173,506,882,100,1173,830,1034,1719,335,1184,727,536,690,29,651,216,473,198,289,116,267,48,558,361,469,467,154,418,233,542,262,508,4,505,250,920,2624,172,19.94074301049066,88.09114522648223,93.77893131586936,208.81903287970908,189.65141264325013,430.5406917111466,359.35161559061856,501.58196040659124,497.0079794932123,460.8229158487068,531.4033012301644,153.48595872336307,278.0933551759876,129.6860944881651,12,0,1
4187,1863,1673,2316,10,2038,347,2251,1205,624,1177,131,99,493,182,465,722,157,85,191,694,199,521,542,294,357,311,238,255,341,81,343,315,435,180,432,263,153,454,1269,2582,919,940,2786,1349,1352,859,605,924,291,1360,761,348,660,144,83,226,414,76,114,123,176,494,445,498,750,107,557,43,1006,1270,889,1280,725,1257,1554,842,1085,13,711,477,65.32696801638001,134.20157204150053,207.06049018092858,133.37281291752083,172.3567235755828,91.01936105020123,518.5818076975644,372.06533962611167,462.19171862448974,477.0627711118828,426.55655676235745,504.70029947602313,251.49394313088288,0,11,1
87,58,273,593,191,435,123,777,336,577,535,341,411,259,472,283,753,30,768,13,722,84,590,53,724,138,414,500,425,1424,1724,120,475,1010,110,879,73,795,690,314,686,170,56,214,42,410,113,440,235,693,37,538,479,216,297,210,17,250,110,246,203,414,211,669,231,859,1791,3034,1133,3218,2473,766,2070,309,763,322,1444,1382,287,870,482,85.9226279466366,88.9139448710335,131.72600834315983,234.01183794209646,43.5205922537065,264.8522189921152,597.0849936254982,310.99782587678914,292.89552029471247,376.6918013649967,364.5166590294888,229.76243769985066,233.68943102018565,0,4,1
