1118,449,1141,297,970,310,832,339,697,324,596,537,459,761,325,659,68,843,14,698,166,696,342,766,414,928,388,863,524,986,1285,341,2303,500,2453,1099,2750,591,1834,295,2090,543,1975,1024,1719,969,1681,816,1493,1203,1244,1417,936,1354,685,884,174,529,96,246,114,195,259,261,81,315,70,484,15,614,125,478,31,707,123,615,81,603,313,470,942,169.36921295906677,389.70482417673315,1011.3100746508464,1937.1864561472792,0,926.0042346015488,862.0349883764998,223.2025806371707,96.61524963726647,0,311.65697607529796,64.07232759564452,206.0878947725648,219.58532694924958,0,0,0,1
847,1830,110,1732,1114,1591,905,1246,1081,1077,1142,880,1119,59,976,396,741,409,301,591,187,620,424,463,768,139,788,3,772,203,692,53,733,84,620,128,682,261,560,394,416,619,426,848,376,887,409,702,1007,154,1128,498,1252,766,750,1296,330,1403,22,1211,366,1246,849,744,972,578,1136,248,918,5,669,197,473,486,64,158,602,116,745,32,817,160.4056142508405,191.95903204169323,276.51903919457703,623.9188124683038,0,147.76949110015912,360.57255792608765,1743.1528234565683,197.41109767939,0,782.0814714049836,50.68988088354198,237.15790517506835,231.44075557282977,0,0,0,1
551,684,660,641,767,524,951,284,1018,179,1000,737,1157,781,492,776,328,544,993,419,994,392,658,108,1199,356,1275,825,855,1020,547,1124,333,1230,93,1133,407,736,520,626,880,494,1036,23,951,225,986,336,834,791,599,960,87,777,364,842,779,565,969,686,947,2072,1427,625,2607,116,1429,710,2222,31,2616,666,2108,1680,1021,1897,568,1945,84,1947,818,124.0940579932307,180.80459880925264,93.77060404926112,577.8792055312509,0,220.20942872638312,1546.4860295101403,1159.93282702798,1703.589042407179,0,430.5611728304905,443.0804382587181,73.97829002287847,331.18327700948726,0,0,0,1
1140,735,783,855,592,796,403,963,38,922,232,999,507,500,727,542,794,304,1024,194,985,709,1751,1412,1831,1844,340,1964,291,1464,147,1571,844,1420,952,704,1230,139,1073,183,672,236,702,288,546,538,274,512,110,506,9,443,60,454,403,164,399,125,214,350,269,307,176,459,305,359,132,490,126,400,32,626,270,581,206,261,279,128,430,58,167,96.06985373697003,0,81.57460978464411,471.2671251633919,242.83990217817387,833.9281149276364,0,1337.8009286863066,1077.9934400355999,242.98585030582385,226.20675963759257,0,269.02809544337447,160.88039295789542,28.352929658272217,0,1,1
178,73,202,66,222,299,256,578,254,655,291,1013,157,1080,55,889,106,908,425,706,710,378,689,176,777,286,454,303,272,821,1040,676,1685,534,1970,577,1297,456,1236,750,1048,916,543,687,158,574,164,366,308,61,254,128,203,368,308,11,302,125,349,437,358,444,184,596,152,758,96,1008,11,891,193,922,399,316,832,1094,562,1315,1205,1240,644,295.45059064449146,0,302.111184003325,386.6268738813934,680.363209556456,103.02307514867667,0,297.33294519753576,1391.0552685193227,211.0454561574076,472.87655458889844,0,268.8650748683555,217.84611340728003,290.8818234028011,0,1,1
1293,1231,1224,1916,585,1889,388,1818,874,1642,1676,1322,2012,709,1832,326,1327,244,1344,14,1063,318,695,476,618,768,185,666,129,765,532,701,954,487,1132,166,1189,300,711,884,788,480,742,1362,813,779,1191,1189,1018,1516,400,1213,59,862,243,480,495,126,546,291,276,546,112,669,63,607,406,620,394,615,591,500,831,359,1006,108,749,151,718,392,581,155.98023513888643,290.9911449044447,326.9924383507664,754.4076320011695,0,644.9772651031973,1150.5658012450192,641.5460727216514,1561.1192363647906,0,404.9046667469071,682.6265220544077,201.73607821949065,328.32395523149006,0,0,0,1
594,288,708,269,1190,162,2237,1799,1327,2409,620,1207,625,1505,184,1718,229,1425,601,957,914,460,935,134,882,163,392,61,130,241,291,127,346,89,482,245,697,189,637,130,716,136,739,149,697,330,719,660,914,680,300,541,138,957,660,855,465,528,428,658,823,766,408,622,170,666,161,936,121,741,239,662,124,472,106,458,230,368,500,149,470,32.432829737954016,230.4672324265783,140.62666487572918,0,278.3516901578075,1377.8556896034402,114.92410082426899,1051.418694349665,848.2588286494922,0,380.09201298199713,53.97325328070201,254.0566207569355,238.62325152032867,185.9868788212765,3,0,1
123,781,53,766,131,828,426,881,764,658,974,390,1062,221,700,77,234,623,337,972,61,639,63,1221,395,1336,804,633,1269,185,1265,145,1652,301,1520,611,1253,623,964,531,894,649,698,700,274,795,32,718,128,644,226,823,444,657,499,396,759,192,1031,24,732,175,1351,164,1248,279,14,61,49,406,329,438,69,577,335,426,521,79,430,107,527,194.76581442167966,56.12117495391991,367.4687546892933,427.25423646238596,0,379.6774453401203,1438.8357105528657,571.9055816139834,500.279655792438,0,648.8031158344614,112.33953671326829,128.32901444635365,94.04430046210123,0,0,0,1
75,591,59,535,66,567,286,385,178,418,399,348,584,254,658,209,902,144,822,237,837,32,869,327,642,9,810,508,674,648,817,293,530,307,605,492,664,562,386,496,287,563,321,703,153,655,35,519,23,505,86,538,121,550,86,416,2,367,78,480,15,607,47,499,429,379,1176,148,301,477,1011,748,1727,1468,648,934,304,1022,375,1093,309,41.5919473174705,115.88313727165036,204.9058674326646,174.17875531738574,0,273.8416254473823,1316.8271979912865,426.0880762694628,355.0629043037078,337.51150572482385,159.64991441213488,0,89.52692628678098,62.855645725316386,74.99892003138146,0,4,1
875,595,386,467,87,453,184,441,441,216,750,4,680,0,639,108,758,136,881,333,659,550,518,497,514,645,377,762,50,593,305,409,821,374,38,867,539,222,1249,128,560,276,659,237,973,162,946,171,691,273,622,455,480,653,260,350,405,190,489,122,568,284,492,130,360,111,288,57,461,89,452,25,561,74,670,300,573,453,495,812,861,124.19775529627401,124.31067812843656,146.45882894183916,262.42152875261957,0,444.3280994940563,975.8300277756524,742.5639069181225,160.4164331062389,0,40.64200046281633,148.55378327582275,56.57772559032963,119.15986013463305,0,0,0,1
1074,94,731,581,906,430,613,498,527,390,398,196,62,142,140,139,223,470,342,757,93,675,223,744,348,473,539,280,785,152,720,87,591,113,616,322,452,686,271,783,150,1046,88,1073,554,846,767,155,1391,637,1336,1739,542,2554,50,1779,404,1753,1255,1421,1422,785,1361,169,1353,169,1385,625,1011,786,309,384,146,258,73,70,187,359,319,537,314,234.83255967313323,71.45212825833359,243.36884807829662,12.51795086379532,0,654.0413022126355,566.4853291393696,1213.8720776996727,1374.5997802228449,0,678.9788589081036,142.42491132702432,255.62303614638256,143.6531192601338,0,0,0,1
695,140,793,51,681,301,637,524,460,499,117,436,506,629,842,133,1336,902,1887,645,1126,605,1214,678,1287,437,849,719,412,689,69,418,76,227,74,137,64,211,298,261,328,176,352,368,535,277,552,217,772,14,818,225,805,551,712,677,573,560,470,1728,3366,194,3141,2032,2393,1795,1748,2155,975,2372,252,2244,948,1680,1549,1350,1757,1019,1861,465,1741,303.84572418793005,490.6359805579545,201.729473532774,728.0224056424944,0,567.715344605023,1367.728811356793,841.1673707034656,1872.0061256824974,0,1096.1195678938896,348.5187620289053,308.96081708630027,230.80200963234157,0,0,0,1
96,1134,94,937,207,713,268,475,558,450,741,1,631,309,550,104,678,271,764,538,727,507,821,763,625,1467,1282,1662,1196,1266,933,794,1141,331,693,338,1523,177,1228,578,315,722,76,564,11,671,627,28,502,474,207,655,251,753,3,919,163,998,321,593,565,527,747,338,819,116,721,399,835,102,265,863,722,2643,437,3077,761,2420,1017,2439,1887,433.5784174920125,612.3427986706903,349.3520382488273,654.1727554866948,0,917.136719633447,217.89454168167327,1032.5042566014633,1049.1988677598276,0,887.4954734832254,699.2070626183238,394.9318770408372,377.01170023183806,0,0,0,1
2066,2559,859,2355,144,2198,525,2298,1005,1729,1059,1408,1026,1038,1141,643,1093,368,884,129,779,57,719,222,632,689,526,631,154,735,147,929,561,1032,233,304,1055,417,874,708,993,178,176,1267,13,1704,495,1126,511,573,604,290,633,257,315,142,184,275,104,291,151,560,214,776,137,950,210,939,49,1246,12,2790,1680,2443,2997,1316,2572,374,2714,354,2506,189.89421578472565,212.95620857503692,363.7269587978243,278.39898472756005,0,466.1096542980714,1145.6839944061119,1848.5184219609025,1399.4054799704636,674.2037940712329,738.0532081675443,364.16700569357636,290.23256615381484,121.7634995940746,167.44956866214397,0,12,1
641,2144,1438,1438,2091,679,2046,322,1995,268,1410,385,1057,580,499,610,198,385,391,467,672,616,1093,152,1145,203,993,486,931,815,557,866,908,350,2173,1042,1287,2573,827,1560,851,1213,609,2126,173,1796,476,1250,774,770,694,535,805,209,803,54,707,193,582,438,473,318,413,237,532,322,724,435,538,479,379,386,529,512,429,729,166,984,317,430,1595,120.72115558176448,295.5977569830828,279.0704808243113,924.015285762505,0,659.2986974808914,1391.2327487265477,1506.602267777999,273.3001743468549,0,796.6760423386335,213.88845428494164,319.48725071322787,372.0317732786769,0,0,0,1
1518,1341,1772,1445,1307,931,1451,880,1566,874,1807,337,1682,50,1611,272,1628,738,1322,776,1264,675,963,577,886,675,681,665,442,671,219,789,59,603,380,483,423,128,446,296,323,1473,73,1654,1225,2,2872,678,1743,729,1401,809,1730,1230,847,1745,130,1230,369,587,167,585,417,365,606,90,415,205,471,511,384,775,226,886,36,888,225,880,335,922,719,110.60033304565053,209.17500336456484,106.72054497063371,213.50767029049769,0,1288.419690939253,1102.7411203706404,1751.29982207182,768.1094965568568,0,638.7859087669101,432.2507122881357,164.53401038542265,138.39232974341706,0,0,0,1
789,979,214,965,269,94,2075,856,2234,1635,1976,1224,1453,1436,1490,1678,1401,1898,715,1969,178,1655,293,1497,562,1250,558,831,615,584,488,627,347,534,296,426,301,221,97,301,77,223,150,613,146,486,261,325,260,371,1157,2390,11,2316,608,2609,670,2582,1513,1969,1864,1127,1540,340,1647,40,1257,583,714,468,488,612,198,890,374,620,591,585,769,369,887,282.0573864126279,65.63176433957179,720.4563361032548,756.6871247410593,0,1016.2334475896768,1954.9414069892275,843.2662747371538,1554.8197980154325,0,370.9319242664384,321.57888327566343,236.35721018800237,159.73349756952908,0,0,0,1
179,1002,170,1053,637,808,675,606,841,176,923,397,524,138,509,186,2646,2020,1811,3755,102,2405,306,2232,635,2490,1408,1715,2128,623,2277,22,1998,449,1698,985,798,730,159,519,180,397,555,330,860,215,955,18,1179,610,883,886,472,966,242,836,1056,188,1378,1654,135,2326,125,1808,4,1944,643,1865,915,1029,1059,179,1117,472,655,428,611,516,396,706,78,230.03044971186947,277.08731115145196,347.83762179420023,831.1197204225763,0,455.42184839992035,1487.0223243420767,618.7890698455917,2389.079411248426,0,333.3148665556405,820.0464371785873,204.50094932121968,510.5237719342249,0,0,0,1
646,302,323,182,404,354,267,342,319,242,327,384,130,507,76,507,30,674,193,1145,1168,2546,326,2825,454,2889,678,1748,790,1364,969,1187,1342,575,1700,0,1528,574,1217,592,803,623,591,673,179,380,202,112,294,171,401,129,553,319,693,279,949,6,736,149,971,94,1013,530,941,255,1003,289,999,822,490,364,45,126,148,323,137,434,373,580,673,306.7678250405924,242.8614804352926,341.06095748248094,544.1721727625105,0,752.5564115068053,1396.987479306826,1324.0937346223363,438.2624723255328,0,607.9424069259666,215.44452161172973,56.57461531545248,311.22586694988667,0,0,0,1
423,672,316,543,175,662,198,583,531,454,647,312,766,52,829,380,538,509,368,591,32,409,278,30,286,384,19,476,191,175,1714,1759,924,2682,1263,2709,1582,1037,1434,902,1869,1009,2099,75,2032,1011,1126,895,863,981,493,611,10,8,74,211,65,497,245,660,163,660,38,820,200,658,348,398,526,203,366,107,216,478,1110,1300,593,1359,1998,1188,1447,212.46018065854037,62.391866570150675,123.42134739242312,484.4767350849477,0,777.8928589465262,683.1314123950618,1279.0233082377576,724.9255409271965,0,1301.3567338208647,419.8136248843579,429.5746863406155,581.6114695917012,0,0,0,1
855,658,1008,1445,952,1658,133,1042,357,630,287,743,350,442,511,269,428,125,214,313,402,307,486,227,353,49,323,303,155,266,75,394,116,418,258,284,167,659,661,1762,236,1251,682,1017,255,1017,448,706,837,307,619,98,389,152,258,337,160,365,287,175,425,95,449,305,431,378,304,473,275,736,169,671,31,760,189,744,445,600,757,269,894,166.93409094170417,0,99.10179968204375,232.06820521921563,374.7341731301847,818.3161883684867,0,535.0086676709236,1072.2057748071968,122.97383553014656,385.35771183477556,0,189.79147871810696,159.60344089262148,93.00090235516382,1,0,1
45,358,751,196,369,192,7,1612,17,1818,351,1264,565,1266,739,952,1033,563,1064,113,729,168,213,142,177,257,169,145,477,29,476,239,604,577,552,395,491,756,227,995,204,634,358,618,737,689,316,2893,1388,3296,2588,2530,2473,1354,2246,823,2409,507,2212,511,1895,977,1452,1348,1083,1579,765,1264,675,1053,463,766,510,549,288,416,228,335,39,5,96,304.1467122267674,310.9216670536699,453.3249446008652,209.0047669367768,0,1328.629953184859,1371.5901970643124,2055.2218736732507,214.74014799929233,0,817.1809882545526,171.94589203265173,323.2548947989535,269.43245099505214,0,0,0,1
191,349,114,593,202,760,67,864,58,474,941,229,778,505,571,397,1135,900,360,1181,65,1148,173,982,737,508,740,173,637,55,667,495,465,657,317,738,96,833,85,911,236,913,511,734,609,498,761,459,1004,209,875,256,709,464,465,602,763,481,852,1282,414,1786,678,1751,45,2408,1096,1713,1349,1100,1734,500,1734,401,1562,774,1104,1025,772,829,271,123.06758957986459,271.93612136835554,92.76176829904512,281.06498856770924,0,806.4102011383537,965.4413054783699,402.4309941405393,1661.0481838541975,0,898.3365509591642,208.96091279998734,18.604282511153748,189.2934607616039,0,0,0,1
807,28,583,261,489,486,595,874,359,1025,143,1083,115,994,507,910,823,778,991,447,225,857,372,863,885,245,295,336,475,1270,14,1291,237,888,391,767,654,577,926,239,829,100,945,238,672,446,418,627,375,884,102,795,59,777,353,760,706,539,840,216,1029,84,1065,558,845,88,507,556,1631,371,1420,82,588,500,1242,288,1536,758,1000,1143,559,86.13692551133488,30.7672538333214,321.656375456928,339.3505230456185,0,666.7713344918182,1535.059088955967,448.2018736790998,594.4258765780831,0,214.61220618581385,299.85560854886376,133.8718367383172,125.7253650658841,0,0,0,1
1502,262,1565,87,1441,244,1132,109,1093,350,771,367,504,433,384,692,226,942,178,773,465,745,589,590,834,289,868,383,986,101,1581,475,1511,1250,1344,748,580,588,475,772,657,840,348,809,113,583,78,236,123,241,150,178,45,219,49,508,35,495,157,622,245,620,186,779,222,795,463,618,573,467,854,383,222,586,576,1858,4,1942,37,1106,435,167.51988083907395,59.99679773236983,251.04867196539905,306.1511253648736,0,632.3823625782111,1340.43507545573,1059.5992288733828,249.09985169800854,0,403.77676270733446,332.5415873437215,303.60378549370944,334.36186524727555,0,0,0,1
1729,269,2039,788,1595,1430,1052,1712,686,1833,295,1896,198,1470,182,1061,125,819,194,548,40,403,50,383,132,340,135,229,284,144,347,114,251,152,341,904,12,1185,994,412,1064,919,1131,867,1803,311,1931,20,1474,292,1267,625,883,712,406,576,282,713,52,621,144,834,351,792,457,744,517,599,414,721,384,592,386,538,361,645,654,335,692,9,615,136.18193463588418,50.45609191666846,350.4879562274468,660.8908674306147,0,1096.5926511243817,769.9205370280552,1437.3514332328903,355.7838182463099,0,769.9990098415733,240.87748753776856,260.45783984605515,250.25766851230762,0,0,0,1
266,655,1151,1782,421,1767,410,938,605,1502,249,1483,258,1469,431,1256,952,895,1005,702,1151,234,935,228,661,112,517,115,450,298,624,77,546,61,570,128,547,561,360,692,184,681,123,291,159,81,557,828,908,433,718,225,1322,422,1597,681,1181,822,715,644,393,604,355,666,9,622,103,507,55,739,196,637,208,612,284,337,130,486,86,493,105,202.90377257529883,417.65616509204256,96.80778858349383,510.25444321380365,0,631.4158455407974,1372.9630587399245,910.8084258551013,199.75674640469967,0,403.1287461342624,204.80869106851924,163.7273271341046,156.74381868055352,0,0,0,1
370,196,280,414,389,446,179,873,1726,582,1860,1171,1867,819,1549,1666,1429,1854,898,1824,23,1927,538,1643,1195,18,1569,677,1220,750,645,779,246,672,273,399,479,388,734,159,923,90,1003,443,906,921,630,1055,258,1203,872,2242,221,2219,1160,1546,307,1095,90,1591,586,1504,755,1108,828,808,854,505,661,276,583,45,670,184,474,170,667,236,502,242,574,100.9834263595368,280.1726506542684,385.7622592193028,294.6746217643768,0,1078.3565980231215,646.1825170433767,1945.5677002131742,1116.7194829847595,0,540.1766446228806,265.8136785264328,230.01895606494418,99.3276895269193,0,0,0,1
342,247,323,243,310,347,616,143,574,7,748,158,663,677,447,147,1639,846,1865,1217,1296,460,603,215,1330,460,867,688,471,693,235,896,64,950,241,940,270,975,321,800,278,736,331,579,152,582,298,592,525,384,633,328,739,203,740,35,663,365,439,1401,384,1559,1611,482,1818,576,1047,700,1390,196,1420,316,902,693,570,544,74,509,425,91,391,345.3317981580908,142.29568159436252,410.58955653448805,91.41866625289589,0,904.469706513159,1166.4614968308915,876.8928962375949,751.441641810515,0,506.4217882469634,159.75107437042368,73.92509487261414,288.14523780963367,0,0,0,1
37,546,230,456,401,246,369,39,388,184,175,296,234,651,9,669,489,566,770,349,842,110,881,592,999,401,1954,1963,390,1496,499,511,790,1399,392,1441,143,1354,531,1222,945,626,953,446,744,381,851,271,596,139,442,135,346,205,547,8,482,141,388,163,140,107,283,325,321,663,28,440,446,1779,1383,1869,2094,239,2562,7,2208,455,1976,1245,1793,203.42214251044388,58.4062364242686,362.74629340719343,351.783236924706,0,578.1770684660539,1192.6104852028554,1275.4928282008598,1145.964951183624,0,584.6517176784763,338.7559135347782,472.0211084421496,120.63029468565509,0,0,0,1
1404,1108,1507,614,1498,94,1083,385,585,704,268,732,130,797,91,886,188,799,460,608,400,578,328,489,207,662,210,494,167,430,189,608,516,420,528,36,951,223,1956,944,1064,1692,733,1111,678,1468,186,1629,294,1140,926,765,1312,237,1488,1,1130,476,738,475,277,559,18,598,277,371,512,92,589,78,537,476,622,829,151,851,168,718,437,533,610,83.3404554384428,281.4159267183317,182.72284314318898,37.87067733220209,0,158.25338069058748,978.3553899631396,1333.5085413966553,1229.9134771181853,0,227.95737178904633,139.10269936990906,127.44984564102418,55.68871323908202,0,0,0,1
303,1350,865,1120,1172,133,2424,335,1493,342,1207,183,1931,349,1410,721,648,615,546,623,317,498,158,332,199,97,214,229,288,330,288,85,501,23,441,21,443,137,567,240,525,433,189,1184,141,1935,1394,1655,2102,1316,1592,1156,2150,429,2090,204,1855,294,1555,1296,888,1308,475,1176,155,1133,59,554,166,132,257,195,55,228,83,417,279,549,839,391,925,139.31911135780783,361.58740745397046,109.07544110637487,758.4522027373158,0,264.16707761937175,1476.411546454372,973.9966024542695,1264.5836919260807,709.6626486388622,154.99761518711287,0,272.8054516551236,99.9186176782393,367.9845522427935,4,0,1
26,815,230,744,194,567,326,691,818,895,1269,153,2327,874,1244,890,511,765,999,962,230,851,310,271,340,47,415,234,500,583,344,791,14,614,65,589,64,589,437,453,512,207,651,27,668,334,693,790,578,1097,330,1184,412,2398,1996,1663,2642,516,3430,132,2605,735,2051,1201,1774,1365,1147,1637,293,1392,198,1047,371,551,470,254,409,195,191,153,185,187.84294247639536,191.6129934857438,199.55325697410487,753.1996380664406,0,281.9822157512775,1109.5647563370749,1651.1351078080513,1530.3548545708773,0,831.5861763486906,301.4700535163171,372.9114760999592,33.95724054865362,0,0,0,1
410,110,404,167,677,54,671,339,497,495,405,638,199,896,298,949,686,1966,157,1767,1301,1047,261,384,131,846,458,182,101,175,285,169,594,14,518,218,486,267,588,365,676,642,624,944,348,798,298,1028,1690,479,1151,887,1295,307,1430,1153,1053,1616,281,1304,76,1089,588,496,755,212,730,161,589,403,250,488,15,617,372,564,560,445,494,257,692,216.523326157142,89.19383240650086,294.9321776909485,123.42697517440925,476.95371351456174,399.48388126013583,782.127348614003,522.1342191967334,1176.9485090288194,615.8079331145639,137.7037765954811,61.28567544008831,201.80097487547985,124.4501765747546,251.38034783258985,15,0,1
145,490,435,86,362,15,242,394,649,1069,905,2307,626,1823,370,733,379,1244,235,1540,146,1262,112,1109,402,603,521,293,404,259,759,152,707,201,656,257,704,299,641,483,626,635,595,609,454,615,524,837,390,883,118,603,350,971,206,2311,1710,1622,2652,801,1776,350,1863,208,1313,265,1034,866,928,1231,390,1366,89,984,153,567,224,191,210,60,166,258.40527049704167,341.6090719079863,324.522667331973,319.0988368357629,0,444.2226271814618,1718.5087103693202,979.3277831087673,1002.1920501467663,0,458.3377982480001,96.58524434429879,341.3280375060846,82.06745756247878,0,0,0,1
287,35,359,82,492,219,507,229,792,415,797,747,680,1031,630,1111,543,470,1093,1013,786,1243,160,256,6,236,550,367,66,180,93,272,351,43,565,32,669,37,676,137,796,269,783,623,654,657,522,540,343,777,209,461,476,82,1675,1318,1774,2519,425,2863,268,1908,233,1829,668,1572,1139,885,1353,494,1313,62,1115,344,688,369,374,357,67,126,116,146.13456767209846,231.74333780403927,580.3895717104759,0,267.93939626927516,954.7848624116879,946.9261047446755,941.7247577112701,1161.13146813849,606.4729975278577,0,279.705578594263,124.66199781408524,319.1041662000772,167.0769926835389,7,0,1
105,288,112,480,46,766,197,716,352,662,597,651,984,372,1123,93,1125,25,964,728,470,706,45,125,302,614,424,427,944,59,740,155,375,273,219,588,369,572,465,196,545,144,650,192,684,477,521,596,336,644,67,664,184,619,503,234,740,214,590,457,126,1842,2078,1830,3933,211,4440,789,3219,1233,2700,1500,2172,2146,1042,2284,125,1996,699,1808,855,207.42758367283764,265.37784149371004,152.41444068669907,766.053116056756,0,1193.1176178399178,920.9439442681332,970.3734204016218,2288.818360675374,0,832.9963475033551,535.652336963309,244.9230798724219,302.12891342716733,0,0,0,1
1223,904,631,829,48,562,240,291,450,225,611,140,900,184,926,331,1029,569,756,988,462,1227,188,1296,308,228,1178,404,1549,985,2017,423,1350,233,1371,189,2005,795,1431,969,721,893,302,630,242,347,119,274,115,187,126,165,67,242,40,386,159,411,209,600,315,502,109,521,221,637,583,530,633,276,988,1362,2395,285,1749,409,1344,111,1334,212,1318,141.94669516520878,242.42721388102586,169.05487089642713,940.0351921680257,0,676.5781699109128,1439.4045275378437,523.7141104529666,904.6437565196186,0,252.95141929160047,285.9132364590847,151.77200809989083,189.19999538033892,0,0,0,1
770,820,557,632,644,182,660,7,427,100,122,48,151,202,35,351,179,516,87,565,199,736,7,750,46,806,215,751,421,567,708,109,701,264,34,190,245,293,28,477,373,872,243,1033,812,1126,785,882,1050,392,936,50,790,282,641,822,201,710,38,778,236,712,656,488,924,99,1024,130,962,531,825,1052,107,973,256,834,609,1292,237,3368,1716,160.04459222448713,237.91729320810043,199.14099624589838,83.56113486310251,0,869.1134807952296,553.3858501150803,990.6985930874653,1019.3510501380445,0,285.3016635299704,201.92328634708701,231.14771258306334,150.9535138965244,0,0,0,1
2002,3138,822,2140,746,2158,489,2447,124,2040,1007,1483,1460,845,1569,620,1411,214,952,221,469,151,353,295,222,149,98,23,329,148,188,320,254,335,237,394,83,216,1446,133,2064,324,954,979,1335,903,1165,1428,646,1518,97,1395,284,1207,444,876,689,616,682,258,660,19,594,288,565,476,356,786,265,872,162,1096,4,796,95,789,281,813,755,588,466,153.58457381134514,303.45162871302375,176.60477748152937,0,898.8265857967315,718.9368363093297,1846.72931801614,312.08396876310775,1230.494533378883,0,268.23386673218016,416.0642763079968,112.78306068812144,159.9084403585636,74.27436864132241,3,0,1
619,166,2667,2205,2440,3723,1421,3267,264,3047,251,2856,905,2411,2081,1352,2453,499,2326,117,2132,352,1590,708,1101,783,584,579,282,595,80,526,340,622,730,490,1063,2,1108,399,1027,743,892,1164,971,91,2104,937,1323,1503,1156,842,467,918,492,1182,903,1142,217,1095,119,865,459,440,361,246,271,173,215,33,23,98,104,158,93,371,58,250,143,503,43,253.20294376582308,212.95031118801995,452.9611258806183,246.12968335345377,0,1404.2976055665695,1336.7730285987036,2366.8812400670836,1147.8583632017753,0,617.0094598575198,507.1774112930725,267.1578195762413,442.7969161624905,0,0,0,1
384,154,434,288,588,522,337,482,1512,1070,952,1501,423,2152,710,2004,319,2176,526,2025,685,1851,1452,1077,1764,398,1614,84,1483,334,1257,569,864,510,668,554,277,537,311,585,83,593,78,605,46,600,28,516,72,686,290,508,597,1089,182,1564,458,1207,302,997,196,1100,95,793,99,596,82,404,121,134,55,15,69,194,263,215,468,26,474,3,435,108.26632878423436,278.52270404402225,72.07170127701518,734.8996969871364,0,598.5616426066742,1458.1411141088092,863.7525300502219,1203.4607834603996,0,410.2974402330424,184.35750540220272,146.37403177604673,149.2782648588614,0,0,0,1
19,629,254,326,489,205,394,182,630,88,678,311,569,645,397,880,381,267,1560,1436,1125,1786,1526,1108,1467,1334,1190,1521,1157,1395,607,1491,230,1206,421,1092,735,875,960,593,874,301,977,207,1046,88,995,66,1058,647,819,865,665,1062,363,1078,42,837,329,17,1430,626,1406,1277,18,2194,577,1472,665,1021,763,1240,972,485,1031,51,644,48,390,244,237,193.1737640595823,314.44132909922723,339.8134329243379,554.1750389815012,0,941.9825701678349,979.5463286492519,1626.552003971026,821.8843995937137,0,621.5489810344488,288.5171736187317,191.03745319235486,116.49625077334895,0,0,0,1
492,78,405,45,328,76,415,195,395,419,249,418,249,467,26,515,67,546,23,628,83,840,167,769,819,2147,597,1672,1021,1221,665,903,791,1004,1085,721,1075,122,1137,312,934,503,691,753,146,564,78,489,408,222,610,58,632,271,680,606,645,776,526,1079,409,1178,105,1030,247,420,820,175,1515,1097,462,2122,188,1757,55,1634,370,1468,660,934,642,141.2640564290601,257.5371396962273,287.0725634058353,588.6467989130267,0,344.14148253298384,863.3328602490316,1329.101641867614,1128.7686066591966,0,359.2259712445648,266.31718036101,297.25883266575937,82.5177037174563,0,0,0,1
437,800,95,456,208,132,245,12,341,171,147,312,204,472,124,569,160,689,3,555,73,765,442,638,848,395,916,284,1046,17,831,905,757,493,790,1134,974,564,1287,1357,678,1746,316,1486,458,1286,1143,1046,1603,443,1690,127,1521,106,1265,324,1215,413,814,634,548,739,564,931,224,933,292,766,291,580,735,191,666,429,1333,946,1648,2014,282,2766,398,397.5578297803242,54.30588129805583,418.06314628470693,85.40523849208356,0,670.2100566240409,867.3047865328012,1239.9332067633472,1133.7152845438266,0,682.641674776572,448.75263677587037,416.6670938906725,290.1828284895837,0,0,0,1
1678,919,1080,1037,1329,947,709,1121,89,797,140,485,181,312,320,254,309,85,64,152,9,83,50,229,198,390,473,259,626,35,852,212,879,492,800,674,891,731,70,1518,1794,51,1566,873,1561,657,1131,1577,697,1785,183,1520,610,1522,1264,941,1622,232,1470,115,1192,320,884,482,628,603,239,791,23,647,125,606,160,663,285,672,487,500,500,703,410,107.90124570966645,403.00716783890437,187.4358010228616,499.6206203122986,0,479.93399546187607,858.2667086910201,923.0219733456383,1550.8265861386594,0,381.22065135498565,450.37991705113785,108.08533693958903,227.8831962630051,0,0,0,1
418,360,985,376,719,690,25,831,161,1033,144,1297,328,1316,519,974,646,698,878,433,977,37,1148,254,863,249,857,475,807,398,740,477,577,857,441,850,295,909,47,1077,416,780,533,378,851,493,590,3093,1166,2827,2408,2442,1986,1696,2314,1023,2362,722,2451,463,2263,1929,110,1704,269,1500,513,1103,319,826,150,850,223,632,379,423,521,84,522,35,541,220.24464325036934,493.493236022758,260.105393265009,674.2543463933764,0,122.33099566340496,2146.580712273847,1252.9186159109559,1111.0995492020083,0,594.7397915744099,606.4180618478529,151.69350865993562,180.42306074827627,0,0,0,1
0,740,277,617,372,496,528,125,1051,597,682,967,366,1573,416,1858,386,1904,862,1617,1029,1066,1120,554,1070,56,697,261,520,556,91,743,260,672,549,615,843,326,776,217,1021,3,874,223,648,461,620,670,250,808,321,701,383,192,1860,2152,436,2197,613,2085,653,1559,1238,1142,1573,868,1700,25,1754,743,1190,1014,710,978,272,980,58,742,540,408,579,76.33327458758184,276.249796439549,138.79090078600373,478.15250651367006,0,516.3334436195277,1095.3194656884332,612.2163331430779,1977.9853193401946,0,696.1107584158366,273.1613548555798,249.5098398708673,249.5096456466959,0,0,0,1
184,730,13,625,157,706,295,583,538,495,638,393,847,165,997,54,1114,54,1123,180,1248,505,753,120,239,356,545,495,839,404,753,412,1057,205,966,181,905,349,686,669,417,777,271,936,110,940,69,941,310,780,726,497,804,64,689,131,675,464,269,757,605,1584,2007,1430,3716,272,3653,838,2181,1155,1892,1420,1547,1520,778,1595,138,1426,672,1192,851,230.53298963425814,59.90967597758299,383.68429278788835,505.51323602354705,0,1357.547619790923,86.25746999996177,1379.658443644104,1751.171637770718,0,589.265895933729,448.7683375523252,86.0479131485515,345.32539912127936,0,0,0,1
803,639,429,423,356,36,222,175,164,262,48,267,110,315,365,567,276,441,222,814,29,836,131,742,193,259,1327,1786,308,1168,585,1454,225,1809,878,1596,1559,934,1353,517,1438,121,1522,694,1008,865,638,749,419,915,45,703,432,581,638,456,819,249,1189,143,1228,228,1064,443,980,611,826,1015,643,1344,211,1201,682,1514,1424,358,540,146,960,608,1335,143.80062987567246,335.8438489140246,425.14263439336594,408.72774157677304,0,404.09410104578365,500.005329814885,1637.842590391973,860.3732819560654,0,616.6545818297013,138.08108057588126,247.1576278788499,300.77040245822036,0,0,0,1
333,953,666,550,279,562,476,170,354,31,45,252,191,274,21,375,6,330,10,408,249,380,344,402,362,301,688,47,589,322,302,425,47,624,384,616,252,951,736,672,105,43,423,820,226,1213,2,861,248,806,438,428,484,176,578,215,702,131,598,136,581,233,592,340,658,560,551,788,426,875,362,959,327,1035,298,933,170,749,1242,685,915,120.68521944223,95.79698380143316,195.1915635762769,242.10030860345114,0,150.40473729241376,1091.4408720662666,549.5657929472486,294.54667582379517,0,173.46273488768,262.32285136936537,70.98985865905227,176.6977656638583,0,0,0,1
1347,325,1605,300,1644,346,1667,880,1621,1333,907,1708,228,1582,512,1301,698,1066,1074,541,1075,47,926,314,801,665,492,931,248,1059,100,1061,366,904,736,562,957,53,881,552,1489,1265,1123,2057,54,2419,98,1829,384,1709,621,1414,585,992,854,574,801,143,661,68,330,144,120,112,9,70,401,295,212,272,222,428,128,412,86,435,353,400,601,388,689,152.72683046331966,264.95356197168536,269.73568144172265,429.5776704550139,0,913.9326575300831,121.10070925089056,1743.7905288954107,1330.025441904514,0,464.11681184602685,384.3317149904292,54.074864222480635,147.20595085430594,0,0,0,1
87,651,114,544,615,1381,1161,1464,1618,469,1902,388,1311,453,1641,139,1491,295,1022,775,524,1113,90,959,226,647,326,26,225,97,242,83,359,177,470,299,619,272,880,10,933,172,909,116,38,411,417,82,324,269,445,431,485,928,186,1321,285,971,581,666,865,484,984,221,974,52,1049,349,810,432,770,603,476,722,281,884,139,968,103,771,361,91.67252675770662,0,288.66982296844856,228.60772912369353,509.00974338563054,730.0145128628899,1243.9508009842575,944.5624102006467,0,516.0019880656555,343.3011614773423,101.04770721245131,40.96237188756113,241.12587304215378,41.88975461776874,6,0,1
717,462,491,856,246,936,310,935,336,1243,1176,2584,92,2320,9,1198,540,1811,73,2100,683,1591,1105,1012,1590,574,1724,82,1578,345,1379,373,1207,384,885,467,746,211,656,323,433,178,421,303,218,125,284,213,418,451,162,316,89,700,80,1440,1298,820,1362,674,675,620,871,483,680,212,181,15,288,65,68,173,283,156,185,152,148,159,265,316,200,221.76687501901688,128.77644183447842,594.4914781703492,433.05926407038197,0,504.46385400740064,1792.0237529251092,752.6399698139916,764.7455369323458,0,320.95349631656313,142.88882965301192,148.89138458992565,199.02089753827556,0,0,0,1
394,180,375,436,193,423,158,723,198,812,653,555,827,400,991,21,784,913,641,2510,1460,1935,2164,1577,1644,787,1761,278,1788,41,1390,532,809,798,650,692,307,615,86,288,108,2,129,132,126,451,79,448,85,470,146,467,223,427,428,381,791,222,636,79,736,332,582,929,1423,180,687,56,396,501,95,706,164,748,6,587,24,543,58,587,297,215.83018501672274,179.85455628066325,465.36163662325,296.6540935077742,0,848.2252133130683,323.43375468265685,1000.2122354427158,1308.4377319077148,0,690.6848359824662,186.8767782336172,292.90387378095573,192.17815116451627,0,0,0,1
368,406,227,538,92,459,56,535,263,648,375,440,693,322,668,374,817,462,1068,99,995,52,999,195,914,514,1347,1029,1724,2269,860,1867,791,990,858,1405,317,1578,128,926,27,884,301,811,548,796,521,653,451,569,396,358,389,245,216,353,483,308,633,57,556,249,541,376,679,686,434,870,56,946,708,1389,888,1956,2339,753,2113,797,942,587,1321,416.42359596413473,197.7060514828014,393.1376266516654,465.4896134358717,0,679.9885918160687,1772.8032684019163,646.6848841552285,725.4276281957726,0,377.3168976981994,414.2413453239631,177.6158817123763,234.93137425855585,0,0,0,1
248,1655,203,1275,107,966,245,702,322,344,38,331,138,214,39,45,79,196,58,171,8,56,91,14,182,262,191,322,178,466,13,584,56,588,264,334,1596,1719,616,2014,167,2233,425,2000,489,2095,1317,1672,1457,1033,1708,160,1839,455,1528,677,1301,918,997,1120,398,1010,60,838,294,611,528,599,962,276,1160,127,1224,333,1093,782,945,1128,559,1176,564,132.60895154187355,407.37634773389686,228.15424819738487,628.5151765835335,0,101.75305892207861,937.2414954486649,1490.068096968344,1361.0152309929533,0,274.28672138816506,500.1951231597922,340.42948822806466,149.47767073803263,0,0,0,1
1207,115,1237,537,1047,166,444,194,564,90,548,13,307,98,510,115,462,120,508,270,505,437,267,553,88,640,100,656,155,716,14,716,114,690,177,534,616,323,658,65,732,270,457,1803,1628,1291,2844,195,3077,224,2349,836,2342,1547,1666,1833,801,1870,219,1701,747,1341,864,928,972,437,849,27,738,264,495,536,415,679,371,949,25,1134,318,1071,453,236.53213931579364,119.37314015389414,295.8776330497971,331.0361183437778,0,858.3871460477493,444.76000037414326,1724.8683477825039,1510.2248242867101,0,502.65161679116375,651.684304678636,87.8574003116351,333.48550797700386,0,0,0,1
909,856,755,1042,344,1055,167,479,180,1124,613,769,203,145,75,134,195,190,478,31,621,450,377,430,392,546,196,526,11,702,227,160,353,15,410,71,445,33,544,92,676,212,521,192,722,360,737,547,423,639,261,1268,385,2378,1524,1566,1836,1155,1421,958,2132,132,1956,60,1334,422,1206,960,462,948,243,845,80,681,425,200,447,27,514,434,330,56.94442675312294,143.4342957996373,313.93082671182435,228.40875684569892,0,451.93602423351916,1206.412141055118,1150.4025008295353,718.344161927873,0,843.2468542169631,139.76489278208484,259.81966991104895,180.84595645564013,0,0,0,1
616,359,788,94,944,142,902,390,600,549,462,793,393,1155,84,528,428,241,71,126,60,891,441,1386,362,1598,865,1460,1168,1005,1331,454,1190,30,962,355,821,702,433,804,121,620,283,578,594,462,1014,221,1211,35,1059,420,1027,754,726,1003,250,1158,101,994,424,615,1589,173,1353,487,943,1534,934,1613,257,1579,57,1412,321,1210,1031,528,896,4,599,126.08071748603102,107.48089823860315,52.63790385406739,769.2742415163054,0,435.7027656556704,189.1433913119448,1075.4333248721166,1660.4026303101193,0,642.565960297125,175.4434986487498,133.17018452260544,103.6322981219141,0,0,0,1
222,65,241,257,219,420,297,552,99,541,18,804,109,878,199,897,421,346,1077,708,484,601,290,1032,664,1515,5,1789,673,1275,826,885,1053,512,1073,191,713,489,478,669,343,780,95,917,143,828,395,698,552,533,741,581,799,459,865,52,805,281,685,526,565,834,796,468,1855,1620,1127,2673,431,1971,248,1729,376,1614,320,1256,1112,551,1237,53,887,124.22913444816002,39.44402479676254,458.23076797443747,184.58710639206004,0,567.5731252446684,715.3871592427167,1952.6209314962043,411.64684015174646,0,572.7474881749907,305.15587573981355,172.17720261219995,100.49027265200498,0,0,0,1
34,17,73,176,74,393,189,523,239,622,346,956,299,1047,163,932,406,1106,781,606,929,15,1306,212,1740,923,582,921,847,384,1048,702,767,1003,743,679,449,925,228,794,52,759,159,659,80,749,30,643,147,592,344,526,646,332,710,47,758,249,736,643,416,678,175,760,407,611,1412,586,3017,1032,2639,2442,1903,2281,920,2187,318,2092,459,1882,1313,32.41621665323554,228.2937596823255,527.0722377717115,423.17353359247795,0,982.3249525996986,289.7324440066911,1821.3003226514302,1176.5446389275785,0,694.1894286518686,613.0874094255629,296.8043461317189,214.9872447613509,0,0,0,1
1121,1338,689,1357,384,1185,54,762,198,248,62,20,31,187,205,403,357,483,530,706,879,553,883,187,937,206,631,225,517,157,1063,827,2067,1913,341,2688,979,1634,572,1645,1111,1919,1780,883,1760,6,1370,321,868,401,624,503,393,530,156,341,16,377,133,527,29,596,336,701,287,592,282,724,458,496,408,406,342,407,2026,1201,2208,2745,1506,3186,1139,346.3538190713366,318.71536413400565,419.31914267507767,639.4058429699068,0,541.1893961451942,1016.0891213480177,1228.9368178904126,360.92010599518227,0,1459.2941153915376,410.2407734321606,626.7864833012851,800.8068403786236,0,0,0,1
2391,506,2505,397,2061,542,1391,1196,770,1783,131,1557,428,1524,647,1076,975,414,863,88,792,395,540,608,580,896,453,1145,89,1114,278,872,545,537,914,133,874,71,338,924,73,1168,613,1888,353,1685,579,1751,928,1722,1119,991,1430,495,1272,26,952,411,647,536,369,632,222,857,125,826,121,805,361,793,489,730,618,570,865,485,892,382,834,40,963,385.47820932811584,111.99167443368623,433.558806066716,739.9438771425797,0,504.0488319597616,1341.7874451760579,995.4775683230994,1445.9912420060573,0,469.0516542584835,581.7778592621901,282.92373409082006,134.46975627862477,0,0,0,1
330,859,335,332,796,531,829,1289,1168,660,1137,1329,641,1685,486,1707,171,1862,937,1388,1278,904,1369,489,1458,210,1044,86,972,248,521,401,319,526,310,822,132,682,102,897,282,714,666,412,895,410,1543,2712,130,2396,1121,2636,1105,2214,1563,1796,1876,1290,1980,456,1469,25,1040,256,602,422,208,634,169,598,553,389,611,370,827,501,563,916,276,842,61,94.69475495578348,355.8159495031034,324.4796715740913,452.11267681125423,0,1149.4247474280342,395.33524989399484,2029.121081115685,1220.2049812784107,0,770.8508158441872,492.4328090414454,306.7379432727534,65.02266424627904,0,0,0,1
712,137,579,280,613,499,480,850,173,836,261,766,376,709,318,539,629,133,1070,836,1024,257,1557,521,1245,808,1075,1192,545,1218,81,855,333,613,467,154,499,220,480,456,347,803,147,828,65,987,218,983,590,868,768,584,1015,239,937,22,993,200,82,45,11,419,348,419,489,483,540,1177,43,1282,470,738,585,627,932,82,730,429,583,571,324,123.19584215444554,99.0873955966008,182.86607369826535,378.43394365030144,0,734.3881824348755,650.356434957797,368.6954814371833,1351.6689908714868,0,111.72092727606031,428.26884852390805,159.46114024197294,224.89728236244952,0,0,0,1
784,173,849,222,710,571,472,652,380,836,257,872,501,596,712,293,1118,80,1102,672,887,661,549,1211,388,1442,1038,1476,873,1295,1244,826,1456,703,1749,382,1477,1232,793,1510,528,1408,319,1300,4,1121,346,896,494,640,737,447,844,338,1059,63,1022,435,887,653,586,779,234,905,535,1358,1312,1248,2222,277,2582,529,1693,880,1419,1069,1438,1185,740,1291,34,124.91388303881884,443.86801571180325,280.00280709872465,348.72582892157675,0,795.7869831179698,508.5426355391188,1792.945321399947,1261.6431032813823,0,1035.7695010889627,241.05059876831197,227.71137321703952,96.58784132908289,0,0,0,1
914,264,452,429,226,499,42,490,439,161,477,49,490,239,549,304,598,449,524,750,188,902,88,953,200,1000,536,981,166,317,1079,1041,425,1462,649,715,1070,1489,555,1736,243,1460,296,1457,845,915,793,595,607,327,505,239,443,57,37,125,225,69,328,114,393,179,448,458,288,809,134,1110,208,1231,265,1124,1495,1175,1116,561,869,341,939,283,731,86.35025151918573,211.42043672868562,157.28044154630953,0,535.1443516042126,966.8220467043774,906.3915751595924,627.2116119449861,964.6972792253251,169.0446421185702,0,280.036023132362,52.48575713621704,13.227003690744112,212.4916959225496,0,7,1
208,197,46,122,241,163,411,206,411,421,351,631,478,909,193,992,113,1106,392,803,700,458,716,354,52,495,2576,1445,2661,3073,1968,3134,880,3161,167,2761,652,2327,1518,1489,2080,415,2024,75,1931,311,1382,645,1011,926,495,905,18,882,258,770,629,685,1056,390,1348,20,1183,468,1164,948,1043,1370,796,371,718,873,1865,780,2425,1112,1208,318,1111,327,1722,386.3749303588794,32.5065844039942,667.9432994916416,455.0602932170765,0,1262.7989794500154,1481.9086132652656,1747.000479439921,1313.3159936294978,0,937.4896954344194,894.167573869379,84.10267998382523,623.5223304038578,0,0,0,1
639,1405,786,698,1037,166,785,201,628,30,642,245,553,272,475,342,330,259,332,154,220,166,419,134,347,11,554,262,409,424,237,232,284,1231,2428,0,2574,779,2772,904,2257,1550,1590,1894,1043,2017,10,1888,832,1484,1156,994,1154,570,1219,63,1057,455,641,694,358,850,9,943,345,975,808,808,1247,504,1331,42,1327,430,1470,895,1081,694,875,255,1243,183.84465927961094,381.0752685188071,209.82300380931457,549.3434132508789,0,441.5444400057598,587.3374587107587,1959.3666201364829,1453.7451572534899,0,488.9211239280894,397.87868809171323,137.98428786983692,155.12340901294647,0,0,0,1
978,857,1336,979,440,113,600,343,1013,1007,93,807,489,640,730,322,793,12,757,207,706,518,567,728,576,903,322,1029,106,841,62,719,619,499,842,98,802,315,729,709,1035,865,1722,2711,584,2390,361,1458,339,1698,30,1550,264,1444,903,1030,1333,439,1156,299,1123,157,1129,77,816,204,755,142,701,84,678,369,728,508,638,526,456,743,630,852,302,259.0782804941562,70.4050893837828,475.00663412140466,150.2778685957135,0,604.0034043778231,980.7466753997438,1832.110225560079,455.43630273204866,0,359.85093250601244,137.962940515639,172.42953943954998,129.545748037295,0,0,0,1
768,101,315,1331,1563,167,1530,216,1914,48,1982,488,1964,856,1672,1489,648,1376,102,1089,411,865,782,516,780,91,811,314,684,571,512,798,182,822,197,1070,165,904,353,802,527,667,832,348,1086,300,978,329,900,1488,219,2244,1800,985,1872,564,1077,465,1325,1,1364,259,1082,762,460,956,261,567,427,262,383,54,492,371,259,468,100,565,141,536,446,123.8931281255977,241.97424808503158,93.47138925530082,662.1990336953822,0,294.25939662141633,546.8460495703164,1470.4583724079573,1469.5644744957044,0,860.8348969412932,198.74915956535781,298.5130151010207,151.49554575219335,0,0,0,1
