186,109,198,110,328,145,251,208,509,348,408,1217,748,2037,134,2086,779,1639,1254,2044,520,2072,322,1479,616,1358,544,1084,336,963,66,922,271,834,208,780,18,573,106,200,115,475,195,639,443,149,179,388,237,240,251,64,158,6,100,129,85,44,64,94,214,205,183,737,806,1684,494,1091,501,781,1289,64,996,547,313,398,100,180,42,21,117,63.14100144553106,137.9922164501095,344.75669547474405,360.05093651123576,633.679874916274,320.12428398919195,106.18589934230198,396.04172803478133,139.3712011675432,131.79616251280999,82.81207271082461,99.71706272993146,0,2,1
40,230,25,345,230,364,354,416,222,467,198,661,399,335,37,377,87,365,76,352,39,320,187,209,167,31,136,203,123,118,240,265,545,82,794,348,222,212,773,81,612,410,348,619,201,642,37,537,321,302,415,134,392,34,160,20,434,160,622,730,36,368,45,124,309,732,79,525,421,293,229,195,161,434,547,25,311,106,480,10,469,84.99586849347611,22.9457734295266,130.88517080125465,108.52591547515554,21.086908162677556,60.95557626014487,322.20399289342714,146.94824514098693,94.71030661228835,149.68134296794577,27.733328001452335,10.502506906290941,15.20716612481807,45.04299084284968,54.02622666337398,10,25,1
239,160,340,295,312,189,369,188,190,104,330,916,107,370,489,654,104,627,489,209,123,435,156,364,207,353,183,125,159,122,163,178,69,71,176,111,889,11,1614,740,715,190,1305,205,1478,316,933,535,447,326,430,661,185,645,98,414,288,563,71,487,9,274,257,647,3,458,60,279,175,492,112,528,154,440,23,283,43,41,173,101,106,58.888795786842074,44.32600405840809,161.40074982132265,24.32136715512473,165.9806911232297,250.83754243017668,284.226214401077,133.09659038178242,169.1300019151441,70.50408776026738,78.99212399797719,37.108058989022375,69.53573746606065,74.39024633181694,88.17440591626067,23,0,1
135,206,241,28,137,172,255,4,164,695,995,390,1117,92,1330,231,1395,1025,522,917,135,631,556,121,399,130,630,247,307,358,251,524,55,566,384,254,318,250,464,12,404,95,268,114,63,17,124,83,1,83,101,52,208,353,336,17,551,586,152,357,371,244,776,268,400,560,45,274,95,298,351,137,448,111,337,137,163,69,198,106,104,41.221947836715934,61.37352293550164,76.94392743363198,138.32281944993142,144.82045780897118,202.1743731738604,196.94821840022124,334.8923204305933,269.7170312577006,69.76890132124963,100.2892702671885,123.47896398541627,14.313315393457215,0,0,1
67,239,45,191,182,202,233,259,291,494,223,1125,221,403,17,157,269,94,278,71,168,121,249,338,47,185,64,209,70,286,226,190,275,225,607,182,693,29,555,300,333,336,430,49,531,471,73,350,163,391,200,110,14,7,31,71,45,9,5,76,816,1112,62,690,184,759,160,670,770,358,977,359,382,256,520,377,296,548,196,534,32,124.6182267494834,46.66121310898622,42.67327862766272,113.34746503478758,11.464219302422597,63.354878189816525,99.57858790043791,374.24142621209785,74.33089321918933,128.18309256155075,174.79312443078504,91.5492290126901,25.88027990746838,45.341974104354975,76.76489280997642,19,26,1
258,127,217,59,96,30,47,415,250,1123,472,423,146,519,957,194,1055,580,216,333,14,8,155,158,120,138,140,13,196,16,90,52,129,49,112,6,881,661,1671,1966,782,1919,604,1937,466,1503,1043,804,1398,10,1299,568,881,1023,524,1127,145,614,175,617,439,420,473,57,312,107,332,199,174,140,50,52,56,151,44,215,117,168,86,35,67,71.35831439265625,96.69448749415781,33.90742696066512,127.44749433509723,76.22740424089396,144.031007598167,301.3471753527585,384.6138020755664,441.1155522937432,312.5771760054332,192.61289370851847,127.85000837782783,114.79402475607486,15.482590277053644,17,0,1
583,126,865,974,8,1041,183,924,9,1036,870,67,466,422,24,267,43,109,61,326,224,129,116,90,258,45,268,81,53,260,157,160,132,132,283,85,137,1404,1112,1075,1732,31,1794,179,1995,1419,1039,2195,757,976,1020,460,970,281,1118,247,985,498,639,645,389,810,19,587,471,224,472,206,68,40,294,150,206,230,13,15,220,59,220,108,300,59.16389242649749,59.853458448961,126.75593211163253,20.012786536392433,137.99142803216293,64.07242213536429,415.7434099658445,381.4576394676902,491.0653525114493,314.32493625464946,186.47636027625626,162.7152538580843,126.39178652053938,11,0,1
27,299,300,855,952,302,316,337,516,536,273,575,256,513,501,300,65,359,88,255,111,317,172,228,291,35,102,273,96,203,144,51,137,213,335,355,291,883,980,411,1257,866,880,1495,268,1340,1047,577,1396,135,1173,398,860,399,326,434,150,390,75,264,191,365,96,349,199,569,744,60,345,424,110,82,191,133,285,405,142,441,85,252,151,58.76283664472628,57.781455680464944,76.59134432852444,20.644848570145424,113.596987032514,121.31365591412492,197.62291510324218,171.87533479679558,243.26297830410147,315.81058908985347,246.51260340559648,118.91062324006252,142.49749154621955,156.01258585269474,145.50746078557017,16,24,1
86,211,21,255,31,7,80,182,249,426,383,1537,861,561,1251,505,1292,244,1592,978,347,695,75,799,493,391,645,806,173,470,356,194,255,288,194,156,101,99,364,159,43,29,78,72,3,207,149,193,230,144,370,14,512,564,246,1239,1105,160,788,893,1270,630,1678,727,835,773,145,539,122,704,276,570,574,305,697,303,256,340,138,233,62,19.823137145513062,134.3039241884278,27.56869060865884,214.0010540836393,160.9504582489821,352.6213038409788,463.5015827057162,205.08456438857297,352.92662910669213,77.18573213802803,122.75284988609948,15.014090840297916,1,0,1
109,20,76,39,221,256,230,21,27,1025,561,1263,808,1241,683,1042,1383,32,967,410,781,1001,464,1237,1,1467,693,892,619,300,480,157,480,176,131,296,94,340,37,134,113,31,143,217,104,71,208,279,58,314,64,335,150,78,299,615,1148,284,905,387,1108,116,1038,832,342,880,71,344,246,351,377,155,485,166,412,271,179,265,302,572,2,74.99349503979103,183.72613133227784,26.9553456944958,72.6898297960598,147.2914563883459,64.5754473369988,561.5708535522957,131.31193485767008,435.0092984654177,114.4665895745236,60.55230354341343,50.58069379527947,35.66188539843651,0,0,1
93,46,61,12,46,153,245,38,71,1067,787,1128,1887,264,2287,12,2187,1155,1376,2016,120,1433,860,883,1051,729,1493,61,1458,439,1141,838,625,908,202,688,346,288,542,167,180,71,281,191,69,85,71,67,31,7,117,210,45,184,239,326,735,165,1223,765,1012,122,1486,404,1203,1459,163,690,83,535,369,265,478,73,215,16,202,95,67,51,92,76.81762263498752,113.52177273250193,157.63152524110043,154.64282493927433,81.1520833065917,369.9767796105327,390.7234417068682,653.0644837158193,526.3884769902232,205.13045704685638,207.9650944866426,134.0271763513999,57.343150547494545,0,0,1
101,12,68,258,323,29,324,169,381,46,493,1367,92,1180,614,1609,1040,1408,1652,177,1624,813,791,1143,298,1058,138,1150,213,1106,688,506,627,142,750,379,556,602,45,518,50,619,304,222,203,224,165,34,65,301,364,124,192,215,158,259,326,642,648,575,441,459,569,1011,1001,495,1114,236,721,249,464,483,288,698,268,406,490,203,710,76,514,29.280120251002945,168.40311250568206,82.56942035146386,38.35396292792011,218.92574368949855,140.34740069443197,493.46756317985637,458.31605654700917,382.7012135809832,222.68652848219122,180.80096107935825,74.52585536351175,89.57729598736542,0,0,1
252,156,229,117,331,151,167,88,442,497,633,1134,1508,69,1179,171,1446,542,982,1096,187,952,436,862,784,502,877,122,77,71,55,268,120,282,749,246,361,812,452,613,494,1059,312,736,591,100,360,5,122,208,344,9,393,233,32,206,155,179,118,183,194,148,150,355,863,1049,1402,2303,235,2315,331,2419,595,2031,1594,808,1491,152,1328,536,1392,78.06539047614245,43.79259414904915,243.30263815900585,145.5441541697611,285.9008513685281,131.16305017133604,169.2093108301813,621.2443524814253,491.6423025789796,93.85345006587448,119.55020567054991,482.5049426436715,195.05821220745509,49.8236938740989,48.263756934277666,25,17,1
1153,885,1461,123,1091,501,773,824,187,480,5,233,26,281,231,106,6,145,121,74,122,349,339,24,89,24,108,119,46,108,132,239,497,417,443,198,346,507,589,733,23,293,392,37,281,316,178,151,424,366,119,361,12,271,76,130,24,238,98,273,203,253,195,431,57,1790,1550,665,1655,475,1644,173,1506,1191,481,1373,528,777,697,793,1177,107.90567485399126,61.07048748726081,140.5548908381938,44.768289487018656,79.05681642413636,63.2211478200162,239.38417662417416,153.30948122127515,488.0543280002287,294.9418504114605,309.2426178897587,97.05494243538266,130.61277651045765,67.16053070456618,87.1073678845859,0,18,1
551,1400,191,1089,578,691,679,357,541,155,378,530,106,126,6,144,84,27,167,186,87,272,95,170,32,241,210,166,733,1,828,173,730,36,437,52,364,108,305,188,97,157,241,544,138,349,298,74,197,158,199,111,95,57,235,211,224,175,222,165,245,115,369,20,762,1437,161,1452,585,1690,897,1386,1605,238,1876,867,1083,1359,349,1251,93,107.97955307363586,70.57161282580228,135.51456612613106,95.2733450940628,260.17627531042206,239.20638044816192,168.0716323991621,172.79331244984425,281.4744417615114,289.9111628283199,320.8708724396751,294.316485944917,173.27656501530353,45.15877598656565,0,12,1
1116,472,888,915,115,775,466,355,251,443,627,165,596,44,416,18,437,228,220,73,139,145,169,399,103,23,6,27,227,14,134,225,157,140,217,32,597,761,1188,2405,57,1930,289,1613,219,1610,767,909,830,327,1015,166,1039,357,951,637,660,744,282,480,104,570,202,356,194,287,260,35,39,11,225,179,13,111,79,136,6,192,231,114,472,75.59213608586384,175.3843307018702,111.30994199580353,83.16936846656903,50.14792462802437,135.33994211348892,489.6714771799758,301.6259463009767,111.13196900851288,329.11535608141617,235.80908406944462,152.7810278412196,73.95461421274426,40.975958186671896,92.2362626758648,43,0,1
708,1112,850,1450,564,1438,742,1435,469,1595,524,850,394,464,311,434,558,51,666,462,159,281,195,339,142,271,116,113,73,51,108,68,9,93,108,113,947,232,1811,1384,928,1778,1105,2304,39,1980,1376,909,1443,210,1281,631,924,617,961,1232,249,944,82,670,411,369,373,34,317,115,85,96,242,102,154,256,86,466,87,171,110,79,125,179,235,136.99907859755564,18.814758139544804,207.15300238490136,71.94308744032523,213.5580409677982,69.28847535434369,608.5288174776538,122.43354501011254,614.9711953924475,278.1375557144162,166.38226346007323,112.63027581906522,107.09991663614116,85.15139860331892,12,0,1
137,213,131,392,112,237,93,14,21,734,247,1148,43,1138,187,1633,870,1596,688,1565,217,1249,179,1054,81,1095,120,1199,114,1234,415,871,188,659,198,405,236,405,313,403,525,55,315,134,105,319,155,225,4,403,115,261,105,201,228,213,323,616,101,1464,492,1468,1310,1195,781,1293,1505,627,1893,501,1081,734,652,799,252,811,104,580,297,95,34,27.229755067707828,130.0776035923257,161.20566348728303,235.4061522458445,598.987423177649,366.5512061903588,508.46157612066213,239.12204582913898,250.5555127801487,203.3271148039421,77.02956036857641,15.428399944609831,68.20627626069015,0,0,1
32,238,10,274,92,273,134,199,208,627,520,1298,1,1040,257,1341,642,1355,372,1675,155,1080,136,907,341,965,530,726,441,723,459,560,293,319,152,385,429,281,511,31,325,124,176,217,134,198,6,184,17,85,300,149,295,232,160,328,119,150,199,356,95,290,142,718,183,751,28,855,591,442,581,76,485,204,345,223,306,266,202,269,158,70.32429516599424,144.2359146426319,34.03543267569503,283.9601835343842,398.10325844392963,250.2911068086758,353.5304084287024,105.80316142575975,61.67314792731108,82.43278712882706,38.73192443213247,65.87733806212294,27.033119420423176,0,3,1
376,92,432,172,126,148,177,410,31,724,143,552,364,211,301,90,128,177,248,486,259,429,512,67,718,237,533,16,103,99,15,122,87,149,437,717,1097,71,703,135,1321,57,1357,892,528,836,47,455,120,586,275,456,480,197,178,133,207,27,244,49,83,127,308,3,1070,1126,512,1098,487,1149,3,1122,627,551,651,52,806,479,643,897,214,13.868391132096457,41.84813994159953,86.10354516367764,94.68889208914769,127.31588020779255,111.63254042929697,173.47552639776268,310.2232214188983,355.0555471874786,94.28075086411835,222.84775272879332,213.97431538393187,112.20907477496708,57.02063354564946,35.99277602342859,13,18,1
749,33,598,163,521,331,341,308,149,256,246,41,63,20,128,78,222,42,294,175,269,216,262,368,532,184,317,384,389,676,109,646,128,629,711,380,626,199,511,392,329,410,147,403,155,121,19,84,157,31,3,51,0,61,51,36,129,176,101,50,250,268,184,654,284,1162,363,854,519,977,443,681,830,185,549,52,354,423,25,274,107,66.32860104380813,59.53021543670168,23.813723652683578,80.23454458356451,164.30768469161887,135.06062622194614,378.6180796438286,37.00122941005298,160.38836834142194,116.97657495533846,75.03904684551651,81.1021613524191,34.760628942462574,0,7,1
82,136,102,181,29,95,21,31,471,30,1156,1168,177,508,987,832,634,1205,173,653,248,319,118,413,696,249,501,189,47,162,51,213,11,240,176,232,166,421,2144,1115,1958,1122,2121,1477,1359,2177,38,1685,744,1080,1214,541,1439,62,1306,423,910,631,302,455,51,291,28,101,57,13,168,338,75,306,149,254,144,100,73,145,174,113,67,166,518,62.590592342917695,158.13234111319738,120.91711103485392,115.48999469492445,224.87440383295444,217.92694496788656,438.2624073643479,162.89680225102097,581.4883652484115,220.54702828144798,298.83895005577773,91.05043248693414,84.01844245267516,62.88671362856422,17,0,1
425,1408,420,620,650,1055,668,966,1305,320,928,830,57,568,114,596,121,630,248,457,497,200,318,13,373,235,6,95,9,69,245,6,94,120,52,443,78,1348,1146,760,814,894,579,356,571,59,215,28,141,216,302,508,149,765,2,75,25,8,81,465,96,856,673,212,714,700,1122,25,1315,851,423,695,75,595,15,756,459,597,770,116,605,183.1395744075603,83.00032928958979,60.10363529963508,98.90365341162723,53.20549920345707,144.63504246205994,127.24143567972001,150.82877480903022,349.2208381264177,604.2713261524264,152.5504232951986,16.597341115787607,67.82667997137663,102.8239962118645,68.08360026928976,10,20,1
107,36,83,110,100,29,186,158,69,376,898,1462,825,2221,225,2229,352,2130,1068,1451,1322,337,1127,505,780,739,612,1088,134,1165,617,489,533,111,649,205,164,56,138,159,220,188,14,180,167,57,262,23,230,30,141,189,25,147,127,110,708,781,212,570,270,1030,263,793,392,426,509,223,298,32,487,251,202,141,90,201,74,114,121,290,246,71.5768990923556,139.40044032799443,74.2187963624588,219.78452221074673,103.56528436208728,351.0900942210601,435.9737836778349,446.4441353646493,441.9547892275201,200.63928993530385,97.49679340292207,52.670209307313215,61.99792477937309,0,0,1
50,156,110,5,158,138,10,1,51,466,387,1813,1204,1283,1592,1036,1295,653,1634,372,1010,638,468,927,29,672,220,788,855,307,717,45,550,127,559,351,99,168,174,352,48,249,20,172,95,116,159,172,78,12,31,25,92,59,573,261,496,178,446,346,791,724,24,592,517,56,260,133,246,132,306,422,34,311,145,279,335,37,400,72,202,70.86287275833773,67.67041988911458,126.08841831189359,137.9618142968612,113.22094550037991,214.76928804456713,323.20845220752835,501.7487056972691,175.47681430602316,256.4024276602113,94.1980740234453,62.31141780747418,95.91586383502556,0,0,1
36,20,240,49,254,14,302,96,283,342,745,1417,749,792,1077,1045,1150,661,1895,935,1036,1263,75,1097,502,759,1092,390,1105,40,762,420,391,415,122,259,59,89,103,29,34,85,131,138,200,107,43,10,355,78,175,21,237,211,166,580,104,582,15,324,91,717,493,128,364,119,4,67,291,136,128,134,400,71,371,102,339,245,110,222,174,42.80806279082352,73.13967007035627,31.15061126161533,124.8269982761276,74.06005164729498,56.9550078673119,268.8985325942954,441.457653868502,398.516937126325,241.59520030492092,150.26245520589558,51.51508252599954,49.61433765844433,0,0,1
280,202,264,246,116,322,147,363,112,97,240,1264,826,1234,1869,791,1894,103,2069,1246,1300,1848,163,1835,856,1122,1179,708,1377,104,1044,395,768,665,221,575,344,167,169,48,254,89,195,11,96,3,71,10,28,296,34,183,26,667,312,638,374,158,619,416,922,53,1022,521,788,746,427,592,204,556,1,475,190,256,346,90,251,119,148,227,328,72.95917879810102,122.13457062305275,88.91812681089138,12.618940940531196,171.75710502043285,165.88095561208092,517.0910900265513,475.84408337959485,550.7492169096308,319.90633769466876,141.64027468550935,97.8584036152054,58.68415808847655,0,0,1
56,55,38,32,49,181,14,224,1082,656,473,701,457,605,238,1042,544,481,632,249,807,191,663,274,785,588,217,235,412,102,336,89,306,182,175,228,598,13,911,408,514,536,920,525,769,960,224,1165,173,587,284,723,942,222,803,295,526,411,346,392,29,363,150,410,247,140,217,64,237,119,82,269,215,137,319,15,69,120,46,154,223,53.99662078261535,32.886901603628495,40.529458218699325,88.43876983334889,117.3939424085124,145.06454743086786,172.7298096973939,449.89639305561,89.50771389543037,259.0056152892402,52.69442843301212,77.2077813553944,39.33661367768253,37.5938828110319,13,0,1
217,314,1239,1113,1889,2018,1573,1778,586,1726,224,1415,698,892,1055,530,1196,68,804,101,807,194,530,223,225,410,119,133,147,99,29,50,133,297,65,217,446,1169,1434,773,1263,253,1586,553,1991,535,1363,1394,157,646,260,389,357,408,192,119,91,426,327,473,90,76,410,649,383,697,21,610,155,372,9,191,82,21,30,27,3,172,68,266,278,115.62386053426272,72.24705342826951,139.42004640344055,317.42483618141273,157.72844736832786,31.56208669595049,421.6997665457496,408.28498960854256,193.40386127689632,440.95027878510456,368.75894604436917,157.02978183190015,78.79304689251572,106.55499653704794,20.860752543921024,8,25,1
74,124,105,172,368,282,332,158,425,570,527,648,176,798,390,306,186,88,148,51,213,169,148,308,78,190,140,119,294,29,348,199,218,226,128,383,849,221,761,30,966,162,451,150,582,106,265,70,148,473,346,16,439,171,18,46,8,448,30,639,508,231,265,430,648,277,331,558,389,86,601,300,306,102,348,114,308,193,187,113,55,60.939690499087696,22.462737085596377,117.95181583629018,29.08794468170532,157.71462144429762,31.973783279279143,96.99491236777631,91.26263805026315,88.87127775597112,263.3412388745159,64.78631014744218,131.73964381528052,119.61653847254755,48.807834092104976,23.94788204269589,14,22,1
18,91,39,88,64,179,173,216,225,755,441,1853,455,1631,444,2227,1076,1648,1694,719,1658,41,1629,957,751,1252,4,1122,368,671,563,352,522,53,333,47,262,82,389,257,108,114,203,173,92,12,160,199,63,116,69,41,27,541,284,742,534,45,619,963,763,743,918,43,820,13,408,271,21,336,193,47,46,26,86,365,180,35,135,86,328,24.298356202063363,144.26667991783492,150.06599638574735,129.28634843728545,281.2401698282093,178.77566681441476,596.0702180640968,336.0124066063322,424.5457986021741,169.19392158915457,143.0545084645656,50.3452626263295,55.92210792107818,0,0,1
23,107,294,61,246,19,101,65,20,927,571,1326,1582,851,1645,582,1594,465,1117,829,406,887,293,760,630,515,832,400,539,241,353,48,568,408,95,435,276,212,178,145,278,27,122,4,163,168,22,206,19,32,84,441,399,949,3,695,255,944,157,895,709,482,705,70,592,311,395,406,138,491,170,263,214,102,291,63,138,38,89,68,178,70.93215093754695,142.80901442430047,42.26554156593596,136.76256368334248,89.79845488648455,238.96620827980897,332.3167459355888,435.3844377903146,380.32595717113577,90.18945034721767,145.49103120229225,88.12348880781298,26.356076695589827,0,0,1
180,5,2,279,177,224,164,266,152,146,516,1280,512,1218,1133,1186,1536,433,1612,353,1164,1116,568,1357,237,1014,555,1073,752,575,633,312,826,14,771,345,240,455,93,208,132,92,158,232,274,106,265,22,328,13,162,16,112,21,214,629,813,140,420,409,1159,189,1221,489,708,775,310,590,51,567,380,192,558,212,379,367,31,162,39,336,169,67.4995698672224,83.59307362467884,124.52676265575631,92.98362324490716,22.59121787332414,255.45213302095397,202.35202501011014,653.8668006534193,233.34335383967078,233.41228219100913,180.38067325543963,81.13161787869075,47.32746632902695,0,0,1
82,165,27,238,124,391,221,437,69,114,1039,524,692,1329,346,1253,64,1648,1007,1082,1542,187,1387,724,778,922,414,969,61,720,10,712,388,387,514,121,313,78,329,280,39,213,35,66,33,150,238,131,233,221,61,95,467,328,686,821,397,642,694,772,97,858,391,471,465,95,369,284,369,85,411,238,197,103,114,211,80,240,35,439,269,51.26791913255954,46.481162114185985,118.64973036105016,11.054871473757544,165.93447501950885,192.53454477612374,434.1941226562759,344.61717431096,367.1832715681919,183.25002437633046,146.86120437455133,134.234231960498,57.88315294584396,0,0,1
51,225,102,275,311,242,198,286,165,209,962,1367,360,1066,620,1226,1229,773,1751,793,1010,1381,451,1609,329,1198,772,863,701,577,737,130,860,350,348,340,31,300,256,90,162,280,46,213,127,135,195,104,67,40,31,10,234,105,230,131,139,193,31,486,233,34,818,394,394,610,130,486,143,298,138,177,105,206,14,44,79,1,45,203,165,51.88897409639459,29.962762642837816,43.28994684217948,57.56315246721423,93.0853674054091,91.02122296740555,338.17714445747293,353.33780126508077,492.5523956624826,268.4707122816863,90.97492562675399,155.09410594053054,59.95052935636312,0,0,1
2,199,42,48,191,74,198,80,810,700,757,1101,1008,700,785,1260,1765,439,1413,1332,431,1508,276,1295,539,916,813,475,883,18,535,253,403,134,134,256,22,356,221,165,50,70,56,79,131,175,3,134,91,241,128,330,113,239,144,101,108,346,117,475,58,557,439,225,567,292,363,495,1,98,200,314,156,323,224,187,77,150,161,219,48,25.643738804369754,24.821732497466527,73.16580885282079,27.48131965400056,82.38571629839726,169.01352918474467,281.56596304621866,405.90383360998953,321.33379118697934,318.23885150766023,101.53371000019324,176.79529933608222,76.71275185608268,0,0,1
115,8,259,198,251,230,109,222,180,486,286,1705,735,1544,1014,1713,1317,1125,1824,83,1203,365,818,1016,66,915,731,187,72,211,387,700,36,102,140,26,196,422,873,249,540,507,43,136,65,199,264,14,226,54,231,18,323,309,37,91,19,1,65,2,92,198,878,158,1412,645,1032,613,1525,252,1698,561,1491,950,723,691,433,652,534,821,230,30.28424966179734,203.3794271407121,162.74739932273465,126.13912660738573,100.11123323879502,247.5770393298872,645.369613801458,247.79066994015074,196.40166999169494,208.3094019229478,349.01828505556364,197.08876795601907,91.59459036196239,34.98372154643463,55.41220057166147,23,16,1
738,94,589,28,538,43,287,323,562,179,304,135,163,273,258,250,392,216,244,47,137,93,26,43,49,8,22,99,70,24,108,422,695,1444,317,1212,315,692,1323,640,1489,1252,778,1107,60,597,242,548,437,356,639,111,411,156,23,254,64,255,33,237,81,162,136,219,762,1379,433,955,792,868,591,965,1410,176,1074,634,584,876,365,1099,45,85.39670154380812,115.31386469275486,164.4652225223766,192.57804307759775,130.12563548508638,128.89811294217338,369.5173681926498,126.42643393671983,403.062181055487,86.4726729433344,230.15692392311266,153.49491631043773,124.47350491808703,84.89203649710677,82.9896672353613,0,15,1
960,358,738,527,314,462,48,460,207,300,483,42,255,135,326,27,263,146,35,37,13,9,37,23,131,153,167,485,1119,449,532,0,1085,5,1162,869,556,722,179,565,101,630,273,509,499,283,680,154,508,366,384,569,48,360,153,9,139,92,157,95,30,272,403,29,1687,1667,1001,1954,900,2044,26,2135,1273,1133,1609,228,1386,751,1027,1139,458,124.16335962338354,97.59501096476431,128.45474231572362,73.42215088043359,204.37357057874644,98.01503840459257,440.16995696675497,292.22457604543746,613.669175544275,171.77545678905437,252.6270787195292,182.50161454988634,125.16250967106922,71.8975291742505,0,10,1
1058,138,712,525,191,556,19,502,96,688,531,285,294,189,489,13,355,207,31,237,41,255,296,149,167,492,472,1502,549,781,44,1169,51,1246,674,708,653,33,130,85,500,331,250,472,5,511,245,340,248,180,314,8,135,121,9,19,110,177,98,50,162,37,799,177,1525,1111,832,1464,576,1464,362,1494,439,716,870,20,833,532,525,916,321,69.4688687727991,85.87309465730047,120.85296985263068,99.33202005040197,215.13163220519922,264.48116188392055,155.9482759404997,222.71636098293175,406.5511223770468,339.6031844690221,224.72512474062248,117.02047378182266,72.05362905320223,65.7533576897955,0,9,1
773,158,470,415,236,366,207,320,51,94,142,337,187,127,327,114,19,66,51,256,85,29,158,370,10,32,231,105,133,238,25,77,243,216,2,45,414,284,1830,785,1215,598,1309,604,1094,1216,36,434,209,298,504,185,570,9,721,229,454,295,220,390,131,80,73,279,296,174,323,23,104,30,128,73,5,234,26,234,92,244,269,87,151,68.77206855895606,95.08511845221636,94.60429064897579,215.33186881049943,75.43903810571,95.66753021116514,193.50717719362677,133.7540212213958,160.20780266833572,380.05603778183206,77.39722350359168,91.2718747497379,89.01843098719557,58.01797792314802,12.437331897303912,37,0,1
447,87,1200,775,527,314,1051,637,795,1140,50,591,36,371,63,391,284,248,269,133,164,92,390,252,222,492,112,202,116,59,116,84,136,131,685,938,216,489,644,313,430,306,914,484,502,719,260,920,79,707,3,955,430,519,464,379,636,112,672,199,354,391,200,569,216,235,214,266,373,64,96,60,316,39,364,73,502,89,48,493,335,16.67549283024039,31.8552504842814,45.0550139700446,61.33005537770449,133.63236636099538,92.60567713689049,139.80505577015745,429.826370514686,106.04351967308278,236.52978390292435,81.94670706623687,119.28131678201885,37.35473983233301,96.88566330113618,14,0,1
203,492,492,695,326,931,182,798,570,225,587,187,480,438,225,387,133,364,25,472,508,84,279,79,107,135,213,56,93,61,58,71,383,1051,625,99,66,525,250,229,702,525,98,493,176,148,104,232,259,85,49,82,57,83,87,158,77,176,264,19,141,462,871,130,714,921,232,149,837,486,405,921,302,455,327,16,171,140,549,100,424,81.41301206826952,18.052888776685055,61.75117159945942,44.30980877954558,71.58849441887286,60.93470494261971,183.1800661418235,126.47645399179021,115.57154194870958,175.64256139819747,152.27223234595007,179.5831324767254,84.93339383433423,90.63779253994842,28.74598996508934,13,16,1
280,117,254,132,203,25,82,125,437,343,869,570,1354,2198,951,2282,524,2188,865,1406,1446,818,1540,286,986,579,952,895,216,938,303,510,14,774,533,257,458,105,317,149,294,320,170,91,154,25,101,151,108,23,8,113,100,238,225,134,34,349,163,180,176,246,115,604,477,821,1171,22,1364,223,1247,820,536,1003,302,610,996,89,762,172,827,73.31199643867585,113.99828679994854,45.62238126935918,169.57287663960489,75.60124236584815,83.22733401512599,404.7432269537924,443.0837563378515,341.6701044608862,107.77105959256495,334.99125271370747,498.0195191956501,67.48106419018517,37.67432858391312,112.77810405259137,0,39,1
94,51,119,99,153,224,551,432,642,542,264,730,489,1018,33,751,713,53,483,311,375,333,471,655,19,567,350,161,354,227,234,182,47,119,55,128,288,1173,489,1354,838,1414,951,908,1285,84,1057,737,687,866,150,956,289,809,394,614,674,222,568,38,431,232,279,371,5,68,146,33,288,273,6,239,24,285,132,79,39,179,54,402,744,41.36215601459339,86.8193972823808,58.5787838830241,92.01959520431724,59.872702055184455,163.27932001468645,207.22130779487134,358.8841803351716,335.04880753853104,287.8344492466407,134.0382377871851,49.80045316782741,104.75026310958737,35.85293510972946,16,0,1
1695,459,209,202,1078,169,1504,1107,260,875,197,439,362,438,751,161,846,331,494,364,486,524,88,472,18,445,124,1,102,106,183,11,236,75,347,190,177,895,1662,451,1080,493,1838,1209,1277,2100,370,1703,1347,674,1539,63,1425,675,910,920,217,602,117,631,28,538,14,280,379,2,415,393,148,127,46,141,92,101,33,70,101,16,58,38,2,75.1968385327581,102.50909857263426,78.99187165715234,88.31409357073474,116.41216948226518,261.85929538590307,228.5185552872035,634.9077010851984,348.3093289784541,329.0632081722286,157.4812834001453,161.6143881705266,63.6336195802374,7,0,1
420,604,1400,336,842,901,1076,568,1297,1361,24,1290,706,297,807,199,800,399,473,467,1,399,203,68,5,235,214,304,251,118,236,49,280,289,80,85,332,275,1588,916,638,425,1188,748,869,1340,321,684,532,269,592,133,570,466,485,442,230,530,66,389,140,323,366,144,282,259,425,48,380,66,291,82,222,34,260,82,277,71,249,706,1205,127.74167713047967,29.887173625389323,116.15786231523352,22.932162636491224,194.94583247467452,67.02957650251433,341.4483249443512,141.472814028391,473.026814021038,70.38796726383418,244.03385182666972,71.68353711442833,98.24005965941919,38.95963721808904,12,0,1
90,772,377,1056,324,1004,945,376,968,82,297,19,431,148,543,411,374,626,120,378,188,128,297,59,395,211,117,41,49,5,116,100,73,23,120,119,831,1482,382,2272,538,1933,469,1515,1472,475,1478,330,1275,1257,604,1481,189,1474,306,981,568,511,614,180,673,175,310,390,83,500,140,87,114,47,157,17,23,27,34,52,216,89,7,226,18,60.71295721884587,151.7865617731603,106.08465449560502,117.72588693610459,14.030755032315955,266.7758360147284,186.46489046575212,653.6964557209457,240.06100617554046,345.36982958178413,139.20828341599938,137.17680991091595,54.1766021329428,8,0,1
470,10,750,469,274,655,692,839,286,1020,536,737,705,125,435,250,361,232,77,377,88,81,221,143,84,268,79,149,245,329,168,91,164,167,88,341,848,442,1561,1651,472,2020,139,1923,744,1436,1791,269,1380,670,738,915,141,779,51,31,73,95,163,186,56,318,133,482,637,1734,340,1586,1202,1587,1315,1261,2211,246,1865,1384,723,1610,85,1365,877,42.2989938589556,84.5051182824296,28.608981030512513,168.8685803585126,234.64050374606987,104.8937383696924,316.4913209641914,76.11540854812522,645.0258863595411,334.1285142373049,395.2912579642246,280.4676857418922,229.1695496100806,112.79273040270702,97.46358406745011,11,65,1
534,908,74,512,277,508,573,210,420,76,475,242,211,120,156,53,41,34,151,307,112,85,95,52,162,217,523,377,556,219,426,412,584,701,7,414,197,134,262,96,276,223,258,344,73,241,42,161,116,48,120,50,115,71,47,281,251,145,23,301,221,262,335,259,682,1387,101,1522,301,1499,50,1713,1054,966,1306,58,919,518,703,893,347,21.475655997254577,95.33706172515627,15.957268025853029,132.380849175405,148.59175364591763,309.3536430953956,237.90507266175888,180.00101093029807,162.08663349261235,219.57763442854915,265.054781664707,186.55220547953246,113.94825986352721,57.97713425003142,0,10,1
979,89,677,376,427,561,13,269,35,268,61,286,204,274,285,272,387,11,186,207,268,85,225,14,230,31,226,93,281,311,155,598,361,603,167,863,311,687,956,153,627,166,252,104,215,96,180,70,129,236,9,313,360,5,261,70,211,89,149,195,73,70,57,394,1131,2482,422,2072,990,2219,744,2397,1903,889,2062,376,1224,922,779,1226,302,50.66018024133484,70.73030051503059,159.25338172799138,124.99243674033805,323.5146904795441,239.59366393304458,261.7360979455591,215.65072890637128,522.7086577270089,328.4158729076557,331.62981875569716,207.21354559675865,81.2644807306333,90.2583053424589,0,13,1
1373,509,1000,676,580,670,340,882,118,477,130,308,322,189,392,203,98,54,223,102,260,213,11,40,48,80,96,138,189,193,449,267,133,482,425,35,702,693,179,646,14,336,94,299,94,259,75,1,171,146,83,181,116,141,14,15,138,201,193,141,292,63,634,667,729,1572,380,1328,358,1402,1288,609,1522,381,946,955,351,1001,108,1090,498,95.07523190381559,100.96000564574335,81.34601847445359,28.079513840887678,175.13131867917758,274.9939810006788,239.48877284403827,371.8230897007424,186.51324481582034,168.5324491344262,148.0939536564547,218.990199576107,161.0783653893603,48.21824584162084,0,13,1
718,738,247,456,19,381,95,81,67,218,328,46,351,148,152,64,232,78,95,28,248,72,241,55,748,581,805,604,14,22,227,279,1212,647,655,995,20,606,296,193,349,149,277,13,290,410,15,301,183,172,99,7,4,158,41,171,77,184,186,59,613,472,432,599,244,806,437,918,323,703,492,316,349,146,539,86,403,462,61,318,135,44.964314038460245,87.44688457707944,75.88983384766838,62.17979172153516,99.04559918712432,175.302448336838,257.72168886903023,78.66981160364075,277.65083391057465,61.78876050148676,117.5563469242824,108.14764754454733,27.188171162174793,38.66672291055681,0,12,1
19,78,42,89,1,54,43,177,511,752,791,1142,880,13,761,163,1459,577,967,1084,55,708,267,246,167,273,476,103,112,88,114,30,22,45,251,452,313,1136,1449,514,1855,327,1760,534,1623,1305,701,1485,343,1080,678,583,918,203,988,109,250,212,182,315,218,203,72,354,280,151,221,51,308,214,56,57,149,124,23,69,186,250,162,225,329,67.33848909836982,83.4072053634087,42.97879861244718,194.66006457955018,44.18306010226092,231.43861596564304,133.15229787417866,465.5426369508511,232.87396586579436,408.5363446451171,158.44200030808162,187.25711718003964,113.13784858762692,49.16923538728308,27.145901568980527,20,0,1
408,899,166,589,454,727,256,1246,531,747,906,103,436,69,335,287,143,334,26,313,84,232,222,70,45,205,139,149,69,107,183,196,27,106,93,269,1068,691,1231,805,214,1246,44,1682,1176,895,1726,496,1066,900,897,1016,323,989,188,1175,372,492,558,31,221,6,247,213,97,45,204,134,404,296,8,41,207,29,68,38,288,124,192,147,44,10.459043894445262,114.78618155291483,24.058876764172464,85.06814267380072,93.34625778440406,37.814329018366855,246.29598799129207,389.9336116477082,349.06067012989143,349.9215580647116,181.95842690758928,163.93801552597583,84.45496718063113,28.46385711372734,10,0,1
398,271,913,329,489,283,607,391,904,243,941,143,744,545,7,262,170,337,19,57,42,27,154,25,43,16,35,120,248,224,187,76,264,4,189,93,1239,51,2051,711,940,767,1097,611,1804,1199,1293,1506,515,1249,355,1465,2,1114,143,794,51,594,159,459,26,472,98,304,163,132,250,28,25,64,37,172,309,167,51,51,155,31,154,195,57,54.88258342823813,24.17075637671566,129.33031921323635,184.77537382695962,433.83270355073375,233.95338914289226,429.1801251003652,180.24541960526804,191.23534651819386,33.334133808559244,97.46700565300394,27.481767907573712,32.19453806548557,125.70909747979908,16,0,1
