277,107,481,114,348,96,278,122,229,460,386,426,369,620,413,776,295,408,1558,540,2035,1536,1594,1872,1854,1281,1532,1396,1154,1351,1144,1386,475,1256,212,1042,276,862,424,825,356,457,310,226,310,268,189,66,110,133,63,392,245,327,209,399,218,535,368,564,494,317,609,220,519,186,865,572,228,196,10,1080,260,1267,551,795,928,487,789,33,465,149.54157979324015,148.1798727188613,136.37157879901153,307.4347807845754,570.6143602512997,351.92886773353865,639.2818331497209,123.62434060429919,222.25334331549377,179.62652713878396,106.13977935908507,17.80666664040757,118.22376746025007,0,0,1
157,24,505,336,216,231,355,462,159,435,82,530,87,760,60,434,21,455,93,579,404,232,430,135,590,737,1599,588,1382,2338,932,1790,35,1350,909,891,1351,643,1132,1360,381,1424,279,1108,572,525,796,41,614,17,465,105,512,192,494,115,543,376,412,361,428,571,198,944,232,665,421,1088,1005,57,603,334,788,186,719,431,425,921,7,259,49,74.12080085760859,87.76550913932385,89.06539874967315,92.58402373307014,34.59704647798711,260.042019112344,517.675005908501,500.6452906800527,343.2328077117777,403.979903718508,172.2108785294733,97.6378757393341,59.346269399513666,0,0,1
385,80,446,76,290,4,312,178,266,641,534,1486,225,1956,1557,1249,1303,100,1315,776,964,1183,412,1460,233,1360,723,869,781,452,787,8,558,176,518,185,463,369,285,420,43,236,212,476,228,795,63,663,55,855,273,267,1191,1089,222,1237,951,1541,797,1129,1093,283,1276,353,550,524,6,220,102,103,18,147,11,13,81,87,64,127,115,62,181,68.55658849739284,130.00513351575498,101.90817392266399,92.27566716616195,111.14164667216335,208.17151009410873,439.4752261137144,616.9018232267711,308.39243806699267,408.31317280277926,158.1841633304364,131.95467155823604,69.45438323741472,0,0,1
136,100,228,345,251,505,40,379,43,519,369,411,928,1727,737,2979,745,2310,872,1302,1134,300,1204,584,373,728,83,1052,599,695,434,501,639,33,331,47,296,22,280,298,93,364,35,473,305,316,440,175,294,79,544,92,712,543,500,369,915,240,1618,1616,742,2724,694,2454,622,1750,1723,831,1389,222,698,679,143,386,76,46,141,98,193,27,283,128.09944010023432,102.21863364609828,263.7776454987226,154.8520798437303,415.7864009921441,167.56249420481595,392.3815436777489,678.262676330475,387.1818951384644,541.586964971153,139.88307492370566,305.9756141240073,90.95212035872214,0,0,1
34,440,210,305,120,354,408,116,451,35,37,1118,2599,1202,1520,1562,1095,1188,751,1714,69,1257,552,355,727,76,463,111,364,325,336,404,92,476,242,32,64,483,430,297,602,760,415,796,1024,319,1128,165,940,483,723,680,296,563,18,431,238,283,505,38,348,3,518,370,165,1043,258,2058,1340,1799,2713,1273,2154,42,1973,1383,965,1473,6,1604,1095,105.29458970967488,67.24658211929084,45.46181702319281,341.41102010571626,281.08249731553076,84.81754496066421,79.44294544663984,545.6675033097105,431.16454757649757,233.58405655538607,663.076599557538,371.0542579920607,234.72107779115132,69.3784772524573,23.197989808181994,19,14,1
663,1191,171,640,251,547,416,0,266,90,257,64,384,30,477,43,652,84,685,317,593,494,478,765,294,388,953,215,1962,868,1556,2115,1640,2122,302,2206,1287,1490,1701,8,1187,658,570,717,69,249,85,22,148,46,31,182,300,60,266,86,194,14,233,1,386,318,262,152,600,844,2535,515,3019,1851,2070,1536,1249,1959,354,1768,641,1014,1166,293,1145,23.56624508129061,193.64970084913986,76.81280650719405,298.2441549933039,294.69902494939214,442.86939597147784,42.349058178504265,850.3946872019318,194.7912569306453,704.8914645804609,174.3614019488022,271.4515038349214,65.23215544679647,0,4,1
233,1079,740,393,500,118,426,104,535,36,399,149,495,242,390,138,514,168,711,607,465,692,147,782,122,583,1000,889,2349,535,2243,2218,1716,1935,679,2043,628,1281,1098,263,1120,833,249,836,138,731,399,565,376,363,201,324,278,139,9,430,248,237,160,497,298,124,444,257,346,270,302,557,54,853,841,96,2489,2370,500,3464,424,2288,1621,1068,2093,31.465787082803587,92.7137547935416,258.21188563030694,167.6460343333187,316.1678450601832,329.45251832785146,813.8540063312033,233.52208541981165,695.6292217171543,278.64748566193947,378.32846704970257,160.70141261543554,213.37693076586993,0,0,1
119,1818,1427,854,1716,303,1020,576,606,548,237,521,36,316,112,314,49,277,191,474,40,280,50,167,101,107,283,219,282,551,39,253,19,1292,926,1444,1952,167,1423,583,1311,188,1120,1027,237,718,58,538,385,396,752,30,623,151,559,368,417,400,242,367,100,361,147,387,141,517,86,312,182,339,527,135,551,546,281,534,208,98,1112,1272,672,119.9376334895999,97.37471613149255,75.34349828820007,147.26069496757083,154.93955474635908,311.06958630927045,378.5302795538182,477.2805195301139,260.81204170806626,149.38205575989753,132.24329977226608,139.57342257604975,119.880945495336,0,0,1
1808,1415,1685,1688,607,1712,634,1408,1368,107,1040,491,251,149,208,24,198,8,10,371,310,46,134,233,193,160,41,429,403,206,275,244,444,195,3,75,316,255,546,336,1065,596,277,400,7,459,36,360,213,155,57,326,25,300,316,85,332,16,342,223,342,178,399,375,341,374,487,662,128,749,59,737,256,605,531,394,760,24,549,1781,2681,119.49875057317358,76.93342167855785,115.01219671727122,63.50977290661213,193.7799711558757,130.10537602870832,375.54146574695477,401.72872463691874,273.87742096150777,261.6368113522359,225.50729891193362,81.83351430269438,155.71929283506844,56.996347716465685,10,2,1
418,3278,1668,2835,1517,1776,2176,799,2416,194,1951,1155,1276,1740,451,1746,156,1367,585,752,440,315,268,493,457,143,123,251,51,212,23,372,1,738,314,477,288,250,485,104,659,208,263,1569,503,1373,1345,198,2294,440,1963,1164,709,1464,124,1101,1014,39,803,355,177,61,214,333,71,29,84,68,124,351,117,331,138,371,360,227,470,132,382,80,459,153.6410600351257,162.74756956325828,234.9255978547021,140.0645101215043,526.9163588309557,497.8605392203429,762.8106849980562,335.5666800296134,620.014304743489,267.44125234870046,139.013641640342,138.8847549267946,1,0,1
128,185,116,338,150,397,586,82,257,797,129,963,1433,321,2445,169,1883,1078,1078,1293,492,1564,391,1237,907,531,665,550,819,12,618,146,457,121,529,366,264,147,274,269,171,418,192,580,78,787,33,732,289,423,581,275,854,678,55,1009,249,609,1688,1061,1335,553,1093,201,1235,756,59,459,656,63,411,332,109,220,210,202,25,93,98,29,141,62.18745665190607,50.83861007127476,166.73257362335613,139.3812822503375,182.77284398947236,340.1321091947475,573.7121908989762,281.20959689597686,389.71666604483335,409.8836945197868,0.9954410852330029,211.98211396942452,88.59276634192798,0,0,1
50,193,108,526,279,429,353,538,151,267,248,1061,583,764,464,269,694,81,883,520,287,499,141,442,331,322,386,342,165,237,135,399,32,548,19,524,74,699,250,418,470,132,485,93,543,99,330,724,799,1487,260,1043,506,1869,502,836,1081,80,1007,16,520,677,16,903,455,415,691,12,625,41,434,290,337,412,148,338,85,378,11,175,134,37.31259304691894,131.4606128783878,76.16875310943291,94.32382930376635,196.72938678943856,41.351494262286636,478.7949133380417,237.57082197957467,343.2177625996521,54.054015362233265,135.6816031363501,32.824523993457134,38.178171360570936,6,0,1
63,131,127,140,220,120,400,180,685,155,644,536,488,368,443,2609,1583,1471,2657,698,1932,218,1506,1088,695,964,463,411,940,188,371,188,192,415,216,252,427,24,252,97,433,195,241,103,379,12,316,174,221,48,269,252,208,424,171,607,68,537,370,438,225,557,137,804,25,661,1349,581,1535,494,943,888,545,583,44,560,524,250,306,310,359,30.56826765828734,148.081143903148,136.82145861763962,189.12079589640445,361.3636482132645,141.05875770040166,209.95358804475654,484.9063113723997,144.03562058912516,577.0034803980251,171.90664014435654,247.95014788489777,157.70671875275642,0,0,1
239,96,265,121,439,196,214,247,311,498,248,482,109,507,372,262,224,284,1435,2210,351,3099,1514,2899,1729,1782,2332,219,2397,918,1367,1564,481,1383,78,992,254,608,243,467,209,342,312,511,513,272,502,153,528,85,426,114,539,168,357,55,279,212,589,163,541,102,617,438,65,1106,543,127,573,1031,879,1127,1055,116,829,1016,436,617,33,808,687,89.30819786456658,86.54806890182465,122.33300753529025,204.05631137849525,163.6360175817048,286.2373203157541,725.4853231712215,523.0034160199388,534.4680499668932,494.9162260993578,172.56082422544625,153.27671000187922,141.45985107433893,0,0,1
473,905,389,401,147,627,272,209,148,201,189,202,96,187,148,191,192,242,170,31,62,248,273,215,383,19,401,81,509,45,567,414,501,49,527,237,121,17,357,287,33,211,316,71,417,123,8,37,154,72,62,146,194,192,366,38,475,56,365,61,499,100,470,216,388,474,21,437,202,167,468,100,211,72,143,50,25,737,1603,302,1567,54.504432777140764,110.32923872044908,99.6546056315724,97.93261589597317,240.86302991083502,137.48933361818655,103.84799906544389,133.05078235804083,65.6557893300697,57.80102386451615,42.67509525014523,76.06698899416656,19.596930883287605,0,7,1
824,1210,1311,810,1379,81,1135,759,221,527,87,235,46,386,307,86,221,37,170,86,87,155,224,204,222,309,154,0,353,34,469,44,441,214,409,491,182,457,282,479,94,1054,272,1115,781,1313,789,637,1147,158,681,641,439,1286,267,1044,822,670,749,427,979,240,481,127,409,162,293,150,298,164,330,152,428,274,429,472,300,607,62,447,154,91.3056418535275,116.26561080719242,81.96032649639012,81.66705741415926,108.15564774714238,458.42606046375016,400.29823611413457,259.0761002563896,333.7483596698835,59.481992736984566,143.25323311339056,23.021354575775547,1,0,1
518,56,602,81,687,137,721,339,689,193,698,285,636,168,399,115,562,379,503,310,116,142,148,442,335,206,332,227,245,223,204,160,507,111,447,514,121,435,277,424,343,1047,742,1181,2616,770,2674,731,1645,1000,998,1784,279,1614,1025,441,1276,116,771,60,595,319,52,278,121,211,293,304,335,375,330,131,349,146,329,186,289,17,482,107,595,72.68343907472149,141.11070699824222,73.1381450290797,161.3191086029983,70.6434128099779,439.82703074862525,238.09406215169275,218.7340128176858,325.2077054333783,345.03012086495033,318.8138772928867,315.54926266948087,88.03000098237199,48.97562157240343,13,0,1
137,521,285,341,530,648,729,1299,662,1572,678,2392,630,1962,1346,683,1713,280,472,667,270,630,763,112,598,205,521,390,9,546,149,71,4,119,365,544,554,451,205,421,21,268,175,182,167,32,78,149,108,95,74,261,43,368,91,455,188,426,390,306,391,306,397,195,593,1,524,462,79,344,34,419,415,29,1044,151,940,185,1035,1139,1696,60.807784237402615,74.17079992126362,125.83942355033835,79.91356109246647,416.40604104645513,56.300947518390196,252.58771214518598,342.70886453688394,280.9586920558153,98.11383855040842,261.2841054818171,224.2377097673174,221.21217677717559,119.9111840697377,96.19528545022746,24,0,1
1416,94,1148,683,1252,992,15,997,928,295,791,154,510,395,315,213,162,300,126,405,215,78,283,272,100,172,270,326,70,476,238,263,297,164,397,176,450,96,2034,2120,397,1425,547,1324,536,1083,1385,98,1683,681,898,1130,51,756,28,158,19,404,221,260,203,358,605,126,777,195,38,347,361,5,528,456,1152,485,960,1193,291,867,121,537,326,25.137339625911284,98.07157881227911,33.42456729744751,54.13764082896903,84.23514841606024,79.0031851907931,216.6941525935797,356.28353837429046,138.2843294109459,579.5049870383926,65.63737749421459,383.66030262174337,69.39778114511125,75.12166217202969,56.346674674905245,3,18,1
524,513,160,427,90,275,22,314,52,340,143,546,49,603,16,764,208,642,464,497,452,397,568,207,430,0,296,331,72,647,257,758,582,3318,2228,2306,3515,1643,3059,486,2851,998,2037,1720,336,1595,609,733,723,270,552,13,174,45,164,55,292,64,333,216,238,323,363,453,345,655,74,405,101,1078,45,1539,999,844,1878,848,1443,92,1068,920,596,91.56368278856219,201.03677283392526,96.10906899271002,207.54686909094536,209.61952077928132,679.5262362805767,221.33206060678705,667.4814050199541,336.52237282674224,669.423184241249,288.69388485546125,322.61868997241373,106.71457970856609,0,8,1
945,483,357,791,146,700,52,596,205,490,211,201,53,300,185,159,32,297,312,123,237,83,346,79,392,225,144,45,288,250,289,600,127,577,10,823,405,135,124,232,1152,556,881,87,515,112,874,488,731,845,19,670,166,551,409,675,772,191,598,70,619,275,449,167,438,98,543,274,439,213,589,566,199,629,42,501,143,564,415,282,681,35.28246465643072,78.79676558931953,80.6644485027262,150.67926486449636,44.375288731455036,427.9915079822273,157.81703230652798,201.34496218028727,143.93512013634447,136.7364346692325,71.56701435854787,129.89911193551546,30.0842214821339,0,0,1
31,569,934,419,1243,383,789,773,1836,1422,609,1712,518,1164,648,417,940,207,831,528,404,574,38,273,92,318,130,340,90,92,309,215,387,189,496,189,516,136,531,162,478,312,327,544,79,557,211,392,404,267,522,772,444,816,295,959,826,1002,158,843,15,532,73,419,272,36,198,132,258,50,84,89,56,280,78,136,60,309,184,180,189,130.34627744521813,90.82702424777108,24.905076851845624,294.72047927919795,222.8150464794992,327.3885981187826,342.31053100466926,221.54753798788025,365.95839085941407,153.6932052088948,110.43472590019738,15.086903092522041,1,0,1
136,219,179,334,57,475,15,597,5,703,263,598,739,700,26,583,141,57,713,875,501,421,738,204,700,327,289,33,296,45,517,443,216,552,150,278,233,364,388,88,149,40,27,26,262,252,129,214,20,284,119,415,121,220,285,148,324,201,338,29,952,402,2133,1099,1079,1570,614,1224,25,1571,825,946,1165,32,1051,528,530,483,353,553,95,30.314171849102053,60.60964829888767,27.952124917985323,136.34941969262013,149.15011314109017,249.10213359877622,475.0316076494717,297.6192910531018,357.12461253946077,146.28204408588604,255.9293236343459,44.149689885159354,70.85273171467661,0,0,1
513,136,254,63,421,234,272,234,285,428,213,549,218,572,165,841,3,719,17,624,287,549,649,217,332,1245,729,825,1443,492,2791,789,2143,1162,1040,1855,254,1556,861,529,1034,17,532,116,426,140,200,106,111,5,187,346,95,250,291,27,304,185,285,343,311,248,443,464,157,560,21,587,1209,22,1912,1599,977,1953,826,1823,259,1848,1340,759,1209,51.670348424231406,136.15589171748053,143.94494643965317,138.7550838487688,393.0947461872681,279.3352311675943,341.6018593573653,274.45143884751843,618.6620088173403,418.7063833943443,343.8846466885958,285.01709536941473,67.7438729698346,0,5,1
298,1001,902,545,862,468,873,29,538,45,306,92,325,73,363,94,398,24,222,180,274,377,232,594,174,377,166,331,428,158,1025,275,2015,323,2054,1374,2201,1413,1069,1752,315,1424,949,303,978,596,460,803,88,489,204,430,295,55,54,301,108,396,47,460,104,443,253,413,467,274,398,253,558,324,846,1805,2604,793,2730,622,2128,861,1473,1824,203,167.33779787936686,33.98326639141477,251.80823429073342,42.355025794810594,343.9931678874819,170.63439437440587,752.6953685571372,181.10311265181886,598.5324603774459,220.58822578305237,404.48484855708716,86.94065656852375,181.42925782581455,0,7,1
1753,1036,829,1771,129,1519,775,1070,645,774,844,255,639,60,374,28,370,97,307,40,302,53,258,1,409,8,593,324,287,271,442,544,207,741,71,687,761,690,1281,83,1263,159,2059,738,1204,1382,270,1351,322,483,616,186,506,280,197,256,138,443,65,472,126,329,516,95,401,575,266,238,578,373,302,687,856,122,971,103,721,614,400,1061,375,29.29213647005526,46.424355162544046,97.35105022465129,53.60581800817224,167.11657434589839,155.01959357415853,248.46466270376845,528.5080321112421,70.0408028360667,468.39070254833575,206.26816235777747,122.64761239710221,147.8485761285948,16.06377859343691,59.11673514077456,0,22,1
841,855,273,791,81,663,153,438,294,232,407,161,713,146,558,244,745,651,584,1039,78,867,150,858,400,587,622,350,784,504,603,185,866,105,727,178,1705,257,1086,721,681,954,625,626,206,125,299,227,114,34,290,57,275,220,249,25,267,70,498,368,319,318,371,500,245,630,46,605,201,672,392,249,1152,1519,172,1423,1440,1545,1542,646,1529,90.5440752151298,32.5201028353431,173.38713288987609,13.656420658729107,248.65212451451396,296.6270049934437,338.5291144583652,438.0837233946969,294.63493214627727,183.74392937105588,269.78966609435406,154.10377020376882,122.55555455330465,0,7,1
459,1363,1125,426,931,164,631,195,535,129,325,202,429,205,257,242,237,126,309,222,155,197,44,50,180,226,2,348,15,426,26,521,143,121,1115,339,2112,1769,1584,2447,1433,2327,436,2157,343,1749,745,1237,1095,199,876,299,561,482,180,115,351,224,266,378,254,366,235,459,238,350,505,177,396,217,674,1861,826,2712,2445,520,3505,1782,1563,1729,67,89.27602692588806,129.9662513531781,177.4477729774832,223.8195257243939,190.6887736918414,261.4043765717895,680.5253868453698,399.881592195152,636.0369740855534,346.0386842078842,354.0233923795861,341.7711358282684,229.2010665790466,251.52540810399412,0,12,1
2133,713,1676,1989,171,1776,805,774,656,380,439,99,246,163,349,141,244,214,49,48,269,7,479,376,103,123,288,16,318,390,135,333,480,1396,2432,118,2067,1058,1959,735,1972,2211,400,1986,534,827,664,291,801,314,373,242,94,359,233,21,306,98,532,254,382,256,391,371,405,604,32,470,118,449,448,180,107,1,793,930,233,783,1039,675,653,52.415780654170284,167.87623962195272,141.13362439126269,186.90029371089577,377.81233005276874,299.6689179707783,533.513369247999,302.73888459781057,549.2034253379703,302.1047250381472,197.70070401125346,190.47122656461508,95.14373027327606,0,7,1
907,27,759,113,585,550,10,401,276,266,237,22,45,248,399,206,127,49,318,263,203,539,207,360,324,303,501,190,765,116,856,282,641,244,19,2128,3326,61,3192,2217,2355,1590,1855,2451,113,2334,795,1041,1251,120,1010,531,621,733,68,500,180,310,226,51,359,483,18,417,271,1014,376,1995,2456,316,2336,146,1429,458,1280,1161,459,979,549,676,1002,127.42475694946123,84.63803140388818,228.76127167924048,175.50324043411143,227.13860345629965,177.44580908243438,273.4352121062573,551.7118712723136,443.5153357884539,797.4302887045038,349.51972762230514,338.09614443808596,183.73323501415976,124.29514734543422,0,17,1
366,898,205,894,161,568,335,214,287,376,533,33,688,260,524,209,645,221,539,262,547,408,365,622,41,420,6,927,878,636,1807,1457,753,2932,339,2454,660,1448,1581,697,1487,713,212,888,574,308,537,132,277,116,173,223,164,34,184,47,359,166,250,131,369,322,341,543,237,490,13,1815,2022,480,2261,894,1971,652,1586,1547,629,1608,484,865,776,57.55325354520019,84.12214781420806,63.557685818170924,236.58586805560373,198.91310211489386,288.1287566746976,698.8855566459199,143.45952664496681,559.2483392026757,123.5093590744887,501.22795816751824,174.97286726597662,271.6375040006222,52.61243109876164,0,9,1
582,979,346,895,42,724,161,619,199,673,459,484,318,478,329,417,438,328,643,237,692,39,675,13,514,252,332,452,73,594,112,267,1596,2396,887,2913,1736,2678,2344,1422,2361,78,2666,1256,1020,1261,64,795,372,261,39,317,207,280,195,190,509,99,427,158,465,11,545,153,392,382,166,378,813,19,1035,1124,239,1287,672,1431,373,1491,1337,697,1071,40.205586004388756,72.22433616041317,215.04831992018225,134.29006649151145,460.9325274299658,297.30980790503844,403.95844150894993,412.8676635727112,628.476840764316,309.3428930874099,477.6126030888025,169.23620389081483,240.2279265718418,0,11,1
185,665,430,556,473,565,616,254,282,449,316,479,479,368,492,211,605,53,571,189,583,307,504,471,405,612,68,687,286,555,761,491,115,442,283,231,276,1679,445,1267,616,678,1207,56,793,515,165,631,175,385,311,76,232,139,231,167,283,341,78,398,148,508,206,477,238,337,857,1388,1235,2769,75,2412,207,1408,753,821,1116,182,897,848,176,121.16775588805876,95.11013896436855,70.12562111493935,127.8613727018098,185.82138771838325,511.53408363771644,366.32446828442977,208.895551889849,196.78901043320516,345.57685159443736,20.799253034337216,316.2071448717638,54.72622239177188,193.24152722927224,0,13,1
1221,368,789,392,571,677,81,337,202,11,46,111,352,74,245,45,368,37,384,8,490,258,402,673,133,708,129,597,86,532,274,1168,1090,251,1507,707,1585,19,1460,920,1014,952,301,720,26,680,272,186,271,23,56,210,89,228,462,251,288,65,320,145,347,440,172,345,124,425,21,300,1,255,314,234,856,260,27,1481,1412,633,1551,736,2468,86.88073204300146,43.069255742316756,219.56357040070912,135.58959845306188,326.9054269898617,219.26803661306087,306.67846202333305,387.9954966389412,278.7524921237149,292.85328032325447,71.26681769929114,119.3429574563749,0,1,1
1484,1515,2276,365,1715,875,541,1067,114,707,406,197,115,349,76,214,79,381,179,484,160,303,270,277,338,237,2,474,244,477,360,557,316,306,445,171,5,77,485,393,433,627,859,599,971,1077,476,1173,126,882,160,441,394,181,213,245,427,85,463,259,281,201,302,410,265,606,94,616,247,653,361,830,954,1234,2168,487,2913,239,2400,1042,1579,147.35285797329382,172.50466801932353,179.2660944475083,200.17899319241852,281.28992050228436,199.0353702410317,166.04697195393143,247.34069683106063,138.11842122978072,491.7016739510916,288.54572711486463,424.4767311316907,290.6696813545133,189.74009706052968,0,12,1
2058,574,1751,550,975,1161,222,971,149,404,18,87,22,118,176,48,54,74,218,85,66,95,45,308,212,79,55,466,33,349,159,184,274,214,434,31,322,490,1444,726,407,264,1097,389,1219,333,751,605,618,429,212,302,151,183,195,512,28,400,36,325,56,488,4,590,63,661,90,577,144,631,469,198,1387,1634,421,1951,606,1502,369,1260,1194,19.12674893326092,144.98579871300606,13.479082715151096,199.46357903609322,107.2123895239253,304.9383724491614,334.9255092686377,172.89281164012442,338.28919614289435,292.0428021524975,250.28869953370915,255.1877999591614,184.32399968542737,56.951835112804346,1,13,1
306,586,313,352,605,140,300,307,135,243,83,165,187,121,272,35,333,72,260,158,432,110,282,71,382,260,198,591,16,549,124,533,418,253,597,1195,741,895,1190,1578,1198,1359,677,925,34,1021,455,312,659,463,248,531,60,328,46,589,228,279,193,219,172,307,232,414,456,284,355,100,284,6,147,186,256,63,369,119,258,69,406,148,22,46.833568305141085,42.415148018266564,44.191635210555106,91.27545819686037,153.22500815793748,44.78954968369758,327.6062781945819,352.76549080878584,197.8769482193323,230.54425846568952,83.96343664191619,162.78321351138942,35.867933724940706,0,0,1
1186,2157,199,2685,1404,2209,1255,1453,1557,805,1818,148,1429,1086,942,1400,56,951,61,823,286,348,137,355,289,244,268,68,218,36,411,35,512,198,514,362,324,369,362,44,179,80,100,20,255,682,440,650,820,127,669,31,410,156,132,23,139,99,391,150,414,156,479,476,272,670,271,497,737,666,456,2353,1007,1943,2961,943,2337,201,1827,1322,1029,121.10290164648261,105.54580904077139,81.59868000432886,87.98984752176183,120.65836761412697,102.61871330203462,288.91761265138695,558.8915585656952,577.2817669501047,597.9148892140546,321.3370654882926,218.76954764427356,75.58859987741205,250.84616439196128,121.50370794395484,7,19,1
1683,366,1346,1266,430,1021,52,906,441,562,829,49,718,282,452,316,564,421,457,568,185,619,121,585,6,384,33,532,226,375,528,70,220,948,201,1524,1716,508,2342,174,1747,521,1667,1197,1011,1317,366,1451,352,871,690,480,843,130,191,118,288,158,510,467,165,365,169,467,94,582,149,565,377,487,390,196,926,1320,130,1809,1097,1926,1586,1036,2164,27.25689270976602,89.04837016062713,37.61658059212116,251.85195360645548,118.17005623288264,236.322148118722,238.59782682006423,710.3526855465941,496.2654759554498,468.0327206099851,253.25829935609815,94.38472850340621,162.61091073804525,0,8,1
217,2092,1349,904,1756,90,1128,448,821,488,439,372,252,218,208,42,353,14,385,229,327,310,248,295,147,445,49,532,107,417,257,350,442,109,948,236,389,1268,990,1530,2722,1016,2013,16,1193,660,941,1049,51,843,798,221,738,250,264,560,83,349,214,363,256,179,60,459,179,463,198,572,300,351,406,343,550,229,562,182,505,212,457,211,168,84.81614947397341,138.20130249856592,108.7938337852485,247.4040119596033,185.93420375229516,393.08111958068514,422.61252655440296,446.5529256144114,194.7150504040469,437.66998929290776,132.56536508345275,213.25039475649274,94.55008436234702,0,0,1
452,911,299,1318,416,1075,1210,1466,1704,151,1732,975,983,1165,279,1127,1172,374,1200,21,998,372,547,462,57,68,287,308,1,344,12,420,65,621,303,464,162,583,344,464,473,464,470,322,648,173,565,732,780,2218,800,1568,1996,989,1782,50,1898,977,1017,926,88,490,401,430,505,360,551,376,113,29,357,9,443,115,313,25,481,114,390,211,380,48.84020392015872,94.48954316161814,199.7378117969456,226.09842392609505,95.77420385991209,180.50711443611135,493.0503026535152,525.4374377281309,553.2833866963608,331.5869139868531,385.567519649744,117.50047626351373,93.69474217535583,0,0,1
192,407,127,182,235,31,367,150,474,281,407,1439,586,3304,2277,1155,3499,104,2733,1443,1818,2577,461,2107,759,1356,1221,481,908,124,722,144,325,28,277,80,414,117,256,160,329,224,414,282,368,166,500,131,672,107,506,20,517,437,212,833,858,1162,599,1305,346,1831,349,1681,1503,286,1345,383,688,974,97,902,385,527,585,191,392,7,277,235,87,57.79409247408659,53.55540780471672,83.59001873370114,115.54944590209355,98.69732772471605,418.46953059989005,601.1857605036902,757.3675341671117,421.5392440605354,731.1586477685855,246.03326756499266,227.1135556769577,144.9343378478675,0,0,1
272,56,390,248,198,274,142,431,85,619,158,617,867,518,540,786,141,1598,302,1362,1096,534,1061,59,697,671,440,898,50,565,334,692,103,474,290,697,38,756,179,566,115,660,399,382,211,418,286,522,722,191,462,47,577,343,353,817,625,84,2182,1825,1246,3006,818,2281,238,1596,1152,1043,1493,567,893,1231,214,659,493,299,581,15,316,130,138,123.21869838371214,39.19367980643517,231.88793139828218,140.32698865444468,98.42645096720699,394.031596553953,627.3729581394928,236.3236752530579,487.5089930866684,504.6021601083393,111.96156665587375,256.553627646981,21.469827733794695,0,0,1
2,207,92,489,255,390,311,446,549,80,528,30,607,132,636,283,462,195,528,174,593,732,847,1475,18,1416,1041,898,777,15,753,412,616,533,262,828,211,616,623,270,662,153,925,364,536,402,434,443,194,499,84,454,86,511,3,527,23,538,73,455,601,155,696,473,1118,390,1288,795,615,1455,1055,1626,34,1725,954,1156,1019,136,931,466,616,26.019701578347703,48.51005735788107,41.636498580443295,117.34315259703376,90.6991317488762,354.62188307185863,559.5092705374698,380.3044596933964,363.4522614741716,205.70686414166914,224.50776701740435,142.5369121176636,54.38931284721107,0,0,1
783,68,555,190,497,236,313,394,158,356,36,48,307,234,181,202,327,253,101,144,234,139,391,336,193,298,140,402,302,321,804,604,493,1110,329,1687,523,1253,1397,405,1396,1,878,756,425,912,21,503,163,481,48,144,256,250,174,133,208,12,542,168,357,392,192,652,193,774,131,88,523,61,185,916,657,629,157,721,430,659,351,222,17,45.219849042504016,78.69086745935607,58.98352393551275,125.92445392931242,79.2871645713088,245.42337888035036,303.65796967671474,217.66121593899103,243.4341365543879,311.40179705949066,108.99255672193766,229.26816977807323,50.09760512053729,81.98736899659355,0,9,1
360,22,451,145,442,149,398,199,374,7,558,330,321,432,224,395,272,584,107,456,127,495,115,342,1077,721,2423,477,3101,3197,1954,3183,276,2477,1760,1403,1907,388,2322,596,1644,871,1149,988,564,634,304,529,188,542,115,344,102,166,41,198,144,485,148,363,248,591,77,674,115,547,324,623,101,1053,822,286,714,1211,1095,339,1573,566,1000,477,485,72.72232576619595,159.19774554835044,18.887747762329983,189.2242438283224,246.49080879590963,217.8207960516378,759.0568998997949,503.0343279980525,758.0885227617244,252.22541619266116,445.86952495716866,174.2709937186928,151.33947676524681,0,4,1
333,151,259,188,468,24,267,106,179,269,411,1598,3354,70,4335,2675,3237,3557,877,3418,701,2507,1563,1335,2067,315,1581,299,1348,383,1010,352,368,74,594,164,385,88,341,2,220,147,96,240,6,154,59,392,59,529,172,283,255,272,380,74,1146,384,1807,1678,553,2017,342,1583,162,1351,1242,492,1132,155,749,518,539,734,263,692,107,508,152,397,261,116.17600966158136,135.70296420595676,212.87428536384428,157.4037730005688,220.80043308381443,710.4504859389651,315.1087428181996,1106.563723398778,581.3633822442241,578.8398403023843,428.08889044885996,206.13069573992803,224.20525397625275,0,0,1
105,270,94,337,103,402,47,396,201,554,399,465,867,511,918,77,475,542,492,187,6,120,133,175,229,30,36,294,61,213,55,415,407,199,564,164,490,21,771,226,372,25,413,40,465,313,340,392,232,649,100,478,446,89,341,611,1016,1541,399,1898,1201,2316,1805,1122,1694,37,1540,708,995,1292,288,840,614,499,717,22,648,291,278,148,395,54.60741493849731,69.15501889424087,134.44579003291656,200.74067928489467,200.98402927123573,253.07796763575172,352.47658907289787,519.8257838112268,467.67813051004816,261.0686717968944,135.45754393728504,62.19395070228691,2,0,1
330,152,167,401,464,287,572,154,547,23,727,165,575,191,481,285,561,692,370,304,314,72,323,486,583,2081,445,2056,538,1567,847,1342,1138,393,1395,541,678,725,301,584,197,382,280,479,30,265,172,36,43,61,108,3,58,101,203,197,92,437,2,297,164,365,455,159,997,645,1788,15,1831,1028,1898,1321,1032,1530,140,1484,491,653,971,150,581,111.05185175268569,81.01805599241145,189.43552003658442,156.59903795791536,216.04418674197183,395.9949338137291,514.5005176470472,475.371557443073,442.6301188458244,317.19359162084976,128.13586003456163,177.22043289135527,53.918303114376776,0,0,1
473,186,593,151,623,484,205,276,353,342,325,349,483,598,291,636,64,488,177,754,95,478,145,390,365,294,637,1,406,127,1073,708,446,1207,525,2102,985,1261,1622,152,1577,653,1099,1602,52,1305,599,780,733,342,755,104,577,173,403,157,327,123,422,270,482,334,575,621,293,510,291,684,71,867,437,576,560,434,549,508,536,1424,552,869,935,24.770078414867086,87.8315711571003,43.41321088345023,166.41321339267674,78.0060414326993,148.59911273719237,509.46360990583855,479.6223851239754,327.8415941487085,388.41695580612236,93.21924185634187,173.22876118025312,61.611222912437476,0,0,1
1524,1103,891,2003,666,1555,1144,317,839,11,961,372,615,538,247,250,369,238,319,181,414,356,164,249,171,284,115,405,41,361,81,330,82,497,97,317,502,51,774,235,1579,939,1764,1965,1477,1816,259,1751,467,1435,1231,782,1823,562,1115,1019,564,1122,162,961,420,567,420,425,538,89,660,14,695,41,928,311,807,351,724,610,453,933,165,582,346,100.09656278020644,52.75079035535266,133.18478593138377,68.21504664442207,189.60577687665534,172.42198233545378,790.5520113287279,443.06250159172953,493.1827206239077,238.73687565133025,226.7164929257022,131.52367355598457,128.20246703096083,0,0,1
633,474,326,1355,960,978,1944,1281,1956,452,1745,453,1530,806,594,668,100,249,65,138,5,41,133,41,346,128,240,246,109,244,68,287,51,570,30,748,166,462,657,1249,2393,128,2766,1494,2692,1950,1452,2259,241,2085,747,1194,1496,87,1051,565,479,490,253,409,47,309,97,275,182,261,105,255,6,127,35,68,305,114,29,191,452,82,166,154,10,77.96154528749756,103.94868186145767,131.75788645977127,290.63352751052093,172.52217787723447,490.08054242844975,368.7972243240353,693.2985742896198,355.0523675193774,539.8302253834331,207.43653566846453,275.9220535854812,53.37281788199161,8,0,1
162,99,597,821,52,913,338,297,892,576,245,367,210,27,78,13,243,72,471,469,189,471,162,503,88,511,79,409,271,221,261,181,326,68,556,168,380,211,458,423,273,477,234,781,156,1014,173,741,667,1126,666,1612,1729,404,1872,197,1249,724,698,1089,39,971,900,361,1085,536,645,872,271,911,262,655,389,454,414,307,722,86,643,203,825,12.123204229589545,120.84752088572216,70.43344658969508,166.32506682541182,227.89894964654843,131.40928256477096,443.87160745966133,395.1033688329687,408.62691248972254,250.69778963694063,99.02992131643951,67.1255394792315,54.817384162822286,0,0,1
86,615,304,447,549,17,569,398,250,549,112,782,246,1084,527,280,1768,612,1854,536,1187,1540,371,865,487,268,727,137,374,142,429,154,282,23,343,122,499,199,650,465,1051,961,2871,363,2325,283,1279,709,650,872,69,619,584,468,644,339,517,138,557,160,353,231,236,483,3,322,44,331,217,237,257,166,299,257,501,30,445,410,224,507,261,100.94165620486416,92.74844303641981,177.60323266371444,63.09344158693149,364.64757826812115,110.22891240800195,362.3402868021079,264.61732521611594,361.89672652549496,261.46357147811995,138.75927461000813,338.8458886893095,118.43235476950544,193.24304390343653,16,0,1
408,490,713,696,2117,718,1356,2392,650,1998,407,1577,1353,915,1260,198,414,342,97,47,101,69,123,85,235,29,345,75,478,240,339,138,372,105,466,444,391,543,295,629,71,350,227,367,115,33,1974,2989,247,3781,1796,3705,1975,2501,3021,368,2760,978,1769,1913,625,1677,206,939,135,774,309,215,61,365,57,284,115,229,140,363,116,207,104,256,158,131.383129428362,132.4191519803007,256.06770846111414,181.21859003845552,349.9661206817026,338.2256321723928,857.093729830176,387.0067878309909,976.8929442270987,300.5495800346591,539.9317727098128,183.24391540302534,199.91347533179942,0,0,1
316,39,585,273,531,429,502,516,921,743,1785,300,1358,1049,1733,1735,168,1230,1245,704,918,39,344,210,215,86,215,108,55,201,76,399,126,404,560,200,562,145,539,177,499,322,348,385,134,404,189,557,18,1598,1083,845,1633,998,1649,373,1841,1056,1048,1158,1,482,300,213,205,111,87,75,23,296,30,401,210,337,419,137,349,2,263,43,477,9.60599783562444,112.08528479406792,90.95987236788747,135.00975896935603,178.06898677082086,355.5558240371574,227.9187798061085,216.7241479186,510.38088173638135,204.3954834374646,487.0286576522448,56.511795121398826,183.44156778665078,8,0,1
57,575,28,767,248,641,363,544,746,169,2151,1474,1221,1506,160,1687,911,1924,643,1285,1861,51,907,508,562,825,75,784,394,431,423,279,243,79,2,418,139,345,5,468,283,379,224,412,307,215,565,19,333,37,306,230,258,243,179,567,25,1722,905,1264,1635,225,2025,98,1628,1047,903,1544,76,1003,813,295,997,41,1072,349,610,359,486,424,204,66.55250229992903,114.16367353029688,95.50829285717644,177.19498271096427,74.41610208819057,172.16717921836522,677.5757610594437,80.16934030299755,756.0351228693568,337.5735313768421,181.55024677961322,48.187433895003835,92.08156814450003,0,0,1
267,31,441,117,265,149,501,125,437,453,115,440,111,658,741,327,417,360,159,557,457,332,141,144,660,74,15,258,477,9,346,171,494,90,330,15,376,295,570,593,281,589,161,1872,1624,587,1791,740,2022,1298,982,1844,234,1545,754,881,1562,119,1338,513,987,756,756,629,436,535,394,937,160,811,43,851,197,697,251,536,590,391,773,167,644,62.88610347591623,30.49715181515473,59.1807017457931,60.734621945335334,47.249296222756726,175.05032807143945,256.89633918943935,528.2155667460971,401.251128164544,314.40323201994954,295.7787077016172,195.4809652791898,199.09435439928947,62.17707304508978,17,0,1
527,124,492,197,1412,319,2594,1413,474,3051,857,1618,1274,486,1838,160,1398,1224,11,887,527,311,380,215,357,61,201,277,97,409,140,300,152,286,0,346,231,397,692,396,24,938,650,375,652,622,153,446,604,63,451,207,129,431,224,56,352,132,506,227,321,389,244,463,1,935,1046,1856,820,2156,771,2451,1076,1965,1734,547,1778,613,767,962,155,109.99481409707076,51.0622725851384,61.54821248960016,126.48207217303015,62.03720527636482,223.00158462171711,248.7317316769257,533.6571100450553,860.8319883458041,106.81829442674855,274.21391067108857,316.0529888330923,401.6788755688123,256.3242135038709,138.20416867925218,10,17,1
218,467,54,337,118,387,80,222,255,368,127,967,918,512,1055,462,445,132,250,222,153,6,349,263,549,134,543,72,554,428,329,603,5,558,52,524,127,569,335,435,519,168,431,136,548,138,456,578,323,457,328,1342,2309,251,2228,2055,1945,2081,1326,2227,71,1962,897,896,1029,197,636,455,612,806,42,623,148,558,155,695,319,479,350,492,389,66.23088266690934,26.48617970009845,223.27521240031308,186.83580726058807,241.70842972474088,142.07648638980203,230.23365919762156,787.2818807122633,376.03350486122866,375.752249694846,177.46494353825358,164.85622507346417,19.161858309499777,0,0,1
535,438,468,362,323,699,30,599,176,316,359,386,621,61,229,1149,385,2164,1342,733,3428,10,2540,993,1300,2027,666,1803,686,916,849,2,197,75,136,55,213,234,80,213,106,363,69,94,167,104,82,46,100,351,133,274,95,566,22,479,348,439,77,762,203,728,580,355,13,209,110,327,323,156,215,38,33,67,190,25,100,163,264,443,76,49.432584495234785,37.08854220914923,48.474052471051294,175.36876599795565,297.5062824966895,257.1337631044409,214.60426262075748,516.2900190362069,480.1854505291185,428.94456968509166,318.84683698588265,188.45126562279648,64.59789552536044,0,0,1
344,282,280,127,434,126,236,237,286,253,330,630,508,234,760,295,427,384,63,157,501,2037,3348,180,2918,2501,2219,2957,407,2650,1323,1721,1786,295,1950,1075,1022,915,483,753,41,417,65,134,103,235,116,246,30,241,90,498,80,472,224,394,227,368,176,188,147,455,42,538,643,714,583,264,310,356,1080,225,414,47,464,122,558,215,48,407,423,91.61337623168168,87.2822124430173,85.32586817536145,98.40327162966844,190.1320938847516,418.25987237334397,403.76824292244027,614.1308466535701,626.8664436414451,631.0691452727413,363.74167213838945,160.15990661039712,122.90297765999304,0,0,1
358,692,251,347,238,471,428,302,615,119,395,6,519,111,287,38,344,94,407,296,210,423,26,513,248,291,623,221,295,238,2171,2267,1247,2331,1239,1734,647,1876,254,1383,430,811,1052,127,942,230,645,340,426,321,220,129,339,255,448,268,217,133,539,428,448,764,4,706,170,719,325,452,436,453,426,580,1213,2794,508,2724,2370,2416,2497,1040,2604,137.7210362530092,248.41334544482936,299.8269485181745,216.70474535192244,356.4199787469833,264.10976846109094,625.6102227615604,309.03904761775567,656.9714122824109,274.7389060947238,412.4596655022066,135.42538017594626,227.9827656773134,0,0,1
768,1941,1459,804,1681,272,1285,728,734,823,99,477,241,425,181,454,160,518,33,589,183,433,167,476,194,307,346,99,399,46,367,308,175,1468,863,3760,1579,2496,3293,1384,3283,800,2612,2101,1222,1933,299,1287,947,402,720,11,400,29,367,76,307,79,369,134,314,423,260,311,145,1214,448,2820,1149,1776,1783,1992,1947,1187,2473,263,1966,989,716,1192,94,33.17548811533702,79.9300934576617,145.73604094021005,135.82186728225912,260.36432258208265,534.5186429944324,544.5325625031434,732.0935126998129,658.8834732667804,380.29622666003957,710.1733985223531,108.1668792620361,500.75450676891836,136.47886301057125,0,10,1
1057,382,680,613,54,320,23,103,51,96,160,48,191,172,318,39,266,117,264,49,166,154,192,223,182,327,13,487,246,392,151,1179,1576,564,2684,1048,2729,1406,1597,2214,91,2113,1038,765,1490,441,735,216,524,331,162,74,101,333,301,261,414,188,420,179,394,152,297,367,120,453,255,674,166,696,354,229,219,1235,1733,573,1725,550,2698,864,2203,222.0685244016696,152.0198488611457,234.21316592108622,239.83064131253838,358.00264419795434,277.7728486966574,312.28530943449795,429.8321277215254,535.1974008993076,309.7304787830278,428.515748467844,224.57754233475313,0,1,1
1942,719,2105,14,1205,601,188,432,80,147,310,129,220,51,197,332,53,171,117,84,125,131,208,159,317,14,513,204,408,214,607,540,492,605,316,709,157,1809,510,1332,672,619,1044,766,1145,327,1020,862,599,538,65,558,118,401,394,371,223,229,267,395,53,467,29,315,80,621,188,329,11,339,33,428,205,298,242,159,464,119,42,1011,671,94.6604970909417,108.64708890579611,170.21331795510025,116.43227456070682,222.88531031272666,298.08089003272704,495.36335703991597,157.703033098189,312.820551437783,147.17901400261744,203.3433415573472,108.5321409283285,0,1,1
