476,273,501,395,559,362,605,583,529,1068,361,1644,25,2559,841,2871,1429,2343,2566,1890,2739,1236,2050,482,1702,310,1546,77,1093,165,647,20,244,294,284,212,185,53,271,264,241,337,192,150,80,38,241,42,161,213,192,104,177,145,525,322,1066,78,1376,275,1930,867,2140,283,2216,580,1758,707,1098,1014,300,959,161,617,400,182,452,120,111,127,91,135.39511548759944,119.59640077583677,88.30739583970654,459.57175935617215,480.9861361047738,914.1719719350585,302.5837833125307,772.4172125019273,234.28670425053315,152.3802426434617,173.26731450768196,54.95534595809885,57.01947415346508,0,0,1
333,52,270,310,176,288,215,469,29,444,76,699,11,1059,950,869,1310,482,2092,847,2248,1794,805,1432,147,1007,413,450,192,330,98,454,214,216,127,164,337,209,1017,593,1184,1775,785,2332,89,2146,1147,1413,1700,259,1620,649,925,910,347,695,235,732,155,275,181,336,56,429,136,278,84,394,208,169,6,142,88,184,379,271,26,242,727,1186,635,38.72858247534967,125.49256180281058,101.39548146850322,43.23821437808465,127.65851208857256,185.94767210042156,341.73448907257114,641.925954706442,207.59439504506156,602.0394455649919,125.87402818625966,277.32600821648265,247.94664574757317,96.25510926446742,13,0,1
2400,718,2565,1971,1329,2413,271,2037,638,1328,1181,329,1096,440,513,476,318,563,25,399,41,231,231,367,109,85,115,179,29,418,185,189,213,532,96,560,739,106,1395,746,1964,1872,1596,2597,4,2636,1069,1798,1918,346,1511,458,925,933,371,957,70,445,108,182,226,156,153,294,337,152,197,227,192,440,161,321,75,234,65,25,640,1268,807,1372,2354,171.07291458235008,98.28699577435933,292.59554494316234,132.13119667632404,326.6522998541416,54.42712033512458,831.0432959306371,204.4885145457459,802.5793080936593,270.09138362883533,369.86137964062937,155.87049641942133,120.50041639682159,0,0,1
818,2577,766,2218,1493,952,1316,346,727,581,101,419,487,215,265,320,312,598,5,515,146,470,189,267,81,412,399,78,623,232,409,229,413,247,292,767,804,936,2386,85,3318,1668,1972,2532,518,2268,712,1454,1387,235,1389,701,790,844,37,587,512,183,333,373,237,638,62,411,195,134,125,336,268,525,514,409,759,303,541,414,622,256,1213,291,1480,76.68084745249818,99.81669901086575,110.59294239974514,146.50573294060484,347.7297693612096,209.50715807599582,339.9198713068304,420.1793954784862,840.3260667855839,337.9190603307886,572.1232808779199,213.1839428815487,237.86933321293156,0,0,1
1455,457,2180,715,1371,876,445,882,283,554,764,195,270,418,241,351,474,110,368,57,337,56,136,42,236,228,84,232,10,259,30,369,140,234,522,227,1096,830,1068,2137,150,1955,1047,1092,1233,433,1287,271,459,424,165,242,233,153,42,93,63,85,264,330,77,609,84,921,232,721,341,467,400,335,276,155,362,375,657,1373,200,2093,1652,1242,1951,13.356830914225597,56.52817628736568,94.18601459885656,204.8874166657522,222.7842173259524,445.3592586813584,57.598747598016715,529.1383859093496,303.2622490205376,568.0890886941601,158.75995773711497,196.01176511448605,0,2,1
190,1008,635,511,922,604,238,738,515,677,148,610,319,186,13,418,77,460,392,108,237,249,409,177,407,192,261,391,41,1153,1079,592,1915,132,3056,739,2986,2146,1425,2255,316,1779,768,947,1139,83,697,207,273,156,135,50,55,139,323,15,461,204,330,63,317,152,205,666,180,1509,587,1709,1248,972,2118,337,1031,894,89,763,740,8,553,591,30,126.28593090880872,45.06498862007762,289.3680669338443,116.03666349575772,318.4936183048313,348.35907651349777,437.2894155095156,574.2479817804831,471.6843652227375,497.20708160965836,85.12976558361127,282.9589168735188,161.33456604330115,0,6,1
210,23,513,73,509,178,406,184,313,393,286,494,160,583,33,545,681,548,354,1115,606,1991,369,2525,1679,1537,2025,463,1438,513,524,679,328,102,403,154,27,107,165,169,205,36,215,73,111,20,201,185,88,108,44,281,234,522,373,885,310,2141,177,2655,1066,1827,1904,979,2105,376,1717,1286,634,1490,294,1315,1010,310,805,87,660,110,649,295,496,67.98216771641714,124.4574993291644,62.17523207433777,306.72097237420485,73.11567034500881,379.0338083925882,458.70642346821637,722.6071753700745,345.50327870481715,631.8150030102031,217.28042861039114,213.1210579692913,114.9076149476709,0,0,1
381,623,489,456,299,660,300,635,774,209,742,273,976,454,1499,186,2332,44,3059,587,2798,1827,1833,2440,20,2013,1630,531,1563,282,1418,1158,561,1283,172,704,211,809,461,388,326,402,179,505,210,463,326,364,273,233,638,186,447,314,201,627,860,688,1299,493,1801,879,2308,1989,1095,1901,354,1146,963,482,1182,275,763,572,84,438,134,296,65,267,25,123.16430942719379,56.94343603360734,161.0461193195139,156.90324206179713,438.95295875526347,97.90127112961318,889.7226486109851,346.728758045972,773.1056616390345,249.4491981776087,520.8162907750453,83.85805284941331,160.78553872393033,0,0,1
519,134,278,8,581,211,348,512,64,794,61,849,88,525,746,1579,675,2839,244,2538,1316,1874,2372,173,1990,1314,729,1464,158,1174,866,326,828,114,562,170,592,253,248,99,466,70,543,63,486,276,179,397,124,415,80,539,29,633,868,526,599,1168,180,1385,1272,430,1545,1281,714,764,2,627,407,223,629,511,145,237,354,100,223,260,152,342,32,76.66071747407442,54.3849794115728,96.7127718199166,143.0140890471007,288.16893591259975,298.1922184334488,414.13620540543354,609.7348368603974,194.34258098459748,638.1577515522,209.71903193653648,403.1906291425967,39.462598043082494,0,0,1
273,68,169,238,71,473,199,111,472,173,427,1407,219,2329,1029,1549,2113,200,1864,879,733,1153,251,609,580,71,476,567,73,470,543,177,376,38,623,128,428,46,412,12,441,86,519,286,399,739,11,1056,420,2253,300,2844,1746,1577,2409,99,1912,1317,482,1481,1098,537,1351,455,763,871,128,629,169,420,98,446,118,505,128,602,47,699,231,515,476,50.015832947965876,165.00567375393692,50.11125903694123,225.7716354471942,206.03208791350926,365.0432197573194,230.23526455556245,677.6472385943172,341.0563340788001,666.1827063541187,381.22312141816724,393.6607930409138,113.79203207680563,0,0,1
280,637,87,603,201,345,328,825,756,1557,632,1873,264,1600,1109,674,1724,669,957,1070,73,953,458,325,773,122,471,277,526,443,287,353,438,384,338,222,523,578,151,674,173,578,132,643,129,63,698,815,957,2137,119,2355,1587,1917,2203,172,1541,1026,519,1190,386,762,964,250,654,490,327,288,284,140,240,51,389,2,325,157,498,108,387,433,113,93.98330882724768,67.80320094161634,122.21693888725068,44.68957243905095,388.21623243367867,78.03249785091649,586.701281425367,50.879853310315305,608.8295279732106,194.05571289098515,596.610092635864,143.78056265808732,226.32245826850897,0,0,1
461,127,423,202,492,653,200,363,1030,777,1147,1483,191,1470,944,561,854,270,582,976,325,858,918,348,837,263,430,352,337,489,39,591,235,404,262,235,410,71,423,86,637,81,826,243,1263,172,1753,793,1713,1563,651,1752,459,1236,1065,523,1259,162,943,705,152,570,139,553,350,470,302,473,429,307,588,209,537,145,669,70,933,184,843,379,488,70.58682546984197,28.13651918905319,122.55089358099906,176.28374719192666,194.31688359481274,105.68274884211655,406.266500555333,590.4956030643934,43.15857248464442,558.6443597845797,142.19250180451476,256.84271472680274,117.01227570108661,0,0,1
595,559,495,1354,1188,1737,2188,1236,2633,187,2759,1610,1261,1834,636,963,1065,197,1210,594,593,688,144,525,80,518,274,153,172,118,71,400,318,203,288,300,607,40,654,152,15,272,504,1629,146,2358,1233,1523,2153,111,1459,1042,967,1796,631,957,1280,97,694,373,286,563,240,336,154,338,75,546,135,306,63,512,338,478,699,228,792,24,809,353,347,39.05383339820847,219.18265512257682,98.28581080552391,304.6979711003086,183.32882290494973,249.45260025412426,478.36000168867076,751.4240679690383,366.14523602250216,618.0225109021152,333.5438191640824,259.16137137198643,2,0,1
859,377,645,1667,633,2780,1789,1453,1890,36,509,1529,520,604,835,53,376,104,24,68,300,395,56,178,218,496,57,294,197,175,185,274,214,531,99,18,757,32,1393,609,1707,1996,540,2068,1700,721,1531,422,1233,1133,463,1337,537,839,633,273,498,32,333,190,384,23,551,52,382,20,712,116,660,174,572,326,506,668,108,117,1004,305,1732,673,2054,139.37865704286025,171.8813287438657,181.34603455512152,249.03303524043756,178.18179519713476,282.804386789391,314.24466265959484,435.17607592473115,221.23782448143146,594.5057251668753,316.9316623189092,423.8497248265783,273.8228586102502,3,0,1
1200,1591,2223,142,1955,1048,817,1401,400,987,1120,55,940,317,667,529,288,455,272,361,163,407,131,277,290,260,314,432,132,654,296,635,310,680,356,330,565,972,1055,1909,785,2407,488,1938,1195,505,1366,769,674,1116,197,814,757,190,276,83,261,36,261,4,386,142,411,372,521,698,251,658,83,756,633,878,1415,211,2172,1358,2466,2355,729,2671,790,65.87545151515278,127.48495937025699,139.99190262267345,90.5589529245468,270.91265163542124,301.286531485131,225.2591043741443,449.3715472932875,780.2351579325481,368.4455907302029,723.669220011186,145.07362410115425,294.1701715306794,0,5,1
1658,1492,288,1193,499,520,568,129,543,98,391,1,195,46,187,336,289,89,81,174,368,44,330,34,105,276,116,287,124,169,765,597,565,1613,135,2048,1109,1747,2244,973,2247,344,1376,1060,511,846,152,479,286,119,162,206,252,91,292,351,139,396,94,376,15,322,148,386,430,397,482,366,288,1274,1384,2104,2458,1618,2659,311,2966,1422,1792,1954,246,49.63784805772902,200.9834622456928,125.94872111782824,359.1529401109738,314.0170802104295,502.3607042522028,490.37574261474356,277.5683583191416,595.4791996118698,232.01748715041552,567.3569473347846,258.4650924739657,293.0869046478495,0,3,1
1613,985,719,1432,218,872,497,561,714,73,713,9,678,197,762,244,544,85,593,33,681,799,137,807,227,938,330,366,1173,1539,1471,3049,652,2801,1067,1811,1695,539,1880,1524,405,1576,697,917,1006,101,905,591,180,299,153,155,59,137,11,17,271,355,41,437,285,76,370,644,60,1240,477,1410,947,471,1655,662,969,1284,319,621,674,63,468,344,346,97.73018923666439,105.30151587588591,139.21503074143743,233.97392818680868,202.3423090265198,510.170781564003,418.2586102899605,386.45833452343385,297.4886435993835,611.2638963332357,284.31059133954574,487.5145976970008,70.93769162218034,0,6,1
176,113,473,65,394,55,543,44,484,427,287,648,160,609,108,671,311,906,1540,237,2212,1999,1848,2858,134,2282,1441,969,1950,163,1819,1245,756,1204,275,707,169,390,177,446,189,589,92,735,174,686,439,578,709,344,675,30,598,78,558,671,559,1252,255,2104,753,2642,2326,1225,2934,155,2466,1360,1064,1667,195,948,527,673,721,169,518,0,308,119,266,74.98068712392124,111.7049191968916,121.6696521116523,104.14071042643396,178.71897283164986,141.0290031136716,681.5156654010607,805.7356313659211,754.4403526250478,470.1116892031021,470.38722309761926,271.43150847861574,165.85196526892318,0,0,1
153,63,336,15,490,258,557,315,524,147,310,209,1,619,188,1026,1263,781,2593,437,2168,1639,897,1634,287,970,1041,135,962,379,499,222,350,68,156,110,254,129,412,75,296,45,248,113,239,34,340,92,364,170,831,377,375,794,538,472,1076,406,2087,510,1913,1931,703,1690,334,886,742,53,498,122,243,57,281,46,26,340,131,28,186,418,105,146.1128183372159,37.09733590110176,159.06201493092908,83.50832341076733,131.79623714279555,6.480390585614872,572.1213460247727,74.04799347931615,681.7658461584299,14.626994719326504,495.60710303564485,96.28099452137772,216.01852113144656,0,0,1
259,44,145,82,202,387,314,444,70,506,458,829,2011,917,2533,2564,2145,3276,434,3161,1227,1906,2066,353,1786,914,653,246,455,30,240,73,148,86,159,342,997,25,1738,1552,1529,2897,1055,3564,1280,2777,2738,777,2227,632,1667,1486,621,1305,212,689,387,199,135,169,99,531,200,464,396,279,517,117,459,98,425,33,353,353,160,939,395,1508,704,3130,1975,129.42908570520913,105.39016162598192,275.2937965240764,112.32039794511607,189.4371670747455,109.75922040321736,187.9056096087732,919.68646614033,352.93233047400764,856.3244606166974,185.26901894002927,765.9347290633256,347.5260011505615,364.37470233957526,88.34954081341485,15,0,1
2956,3409,612,3482,1490,2062,2292,541,2456,803,1701,1364,607,1203,222,442,186,401,226,603,504,404,374,537,534,302,382,424,522,209,921,206,581,144,785,100,1708,919,2110,1167,2608,1856,1600,2738,21,2329,1311,1090,1932,497,1123,1014,584,1117,31,907,442,371,329,485,313,190,135,386,82,512,108,579,267,275,167,111,473,81,420,102,219,723,94,1852,1360,71.12363524323241,119.46261337172528,104.63134265181282,248.8058174394441,187.68529011353021,244.31177722684316,956.5622526982024,28.594450524098136,900.6569118581698,70.94956863506943,691.0235282234137,221.7601358605823,368.58347130847255,0,0,1
1850,2280,375,2409,1055,1023,1925,694,1267,1456,127,1340,679,525,869,104,662,295,398,306,213,249,411,299,306,189,485,506,212,800,91,973,460,682,693,63,569,794,123,1238,914,1470,1554,22,1566,815,698,1073,153,496,494,63,270,57,257,169,572,97,512,69,247,95,377,400,322,549,288,675,375,409,530,392,1532,135,2029,957,1209,1461,462,1287,566,128.67746275310424,143.77174379667827,177.32091876036884,255.66080720084096,222.03389650542914,125.98458994140432,129.0658308250158,456.3270672965299,293.05918062790664,520.0516045847595,562.7585721197819,334.0394104548847,313.11338515648634,0,6,1
539,1070,583,483,986,138,786,342,483,479,138,188,359,269,85,289,47,282,19,398,132,164,297,148,559,252,750,267,681,811,1894,624,2131,469,2051,445,2156,1402,1029,1708,444,901,963,338,1164,333,712,541,488,729,99,649,141,379,265,589,274,390,152,572,161,713,360,439,402,272,606,144,575,419,190,1235,1075,1430,2311,564,2201,743,1561,1529,639,42.28391740063123,163.39837802076377,79.23816897593156,366.2153801400186,82.07402908350485,380.9752495889201,557.2716581533098,530.6678606742754,186.0780948138795,508.0980444120561,129.7193243259602,332.5730143783128,170.26088718368302,0,0,1
1888,474,872,675,150,481,59,319,152,78,169,89,275,71,321,40,412,96,411,384,20,122,210,299,90,546,312,399,294,573,429,694,931,1093,1758,328,1533,674,1351,1223,332,1196,489,733,736,78,795,468,34,419,212,258,259,320,91,161,338,215,380,474,252,515,4,461,111,469,153,834,189,1259,682,1214,1602,900,2077,776,1268,1580,52,1352,718,27.115527483903673,84.23589017546591,143.30301120237883,66.4896577468254,437.21815449888464,334.0716333495953,548.3113861517564,244.6368132385794,392.7050142275446,93.82418717552761,234.97418875201535,162.50807467782525,0,1,1
944,1052,102,572,20,408,2,257,61,179,178,308,121,264,25,421,166,451,258,366,302,39,194,39,212,133,561,102,1266,222,1804,722,1950,1536,883,2105,374,1702,1399,662,1714,355,1297,623,868,878,217,518,146,514,183,400,368,133,558,325,294,311,130,374,60,657,36,378,68,697,203,1276,56,1674,131,2504,516,1982,1783,966,2076,419,1584,1485,223,15.594244036372983,142.27308607282689,35.043818338381094,205.41429734467533,190.89236209425363,816.3829551731312,155.5702497983128,677.645872887644,159.63957502075027,477.09713204909303,47.66210516606934,164.330125407487,0,1,1
1357,726,724,992,49,990,696,458,435,419,207,319,200,422,62,594,157,569,381,308,706,46,570,181,572,135,1388,530,1824,641,2128,1295,1633,2380,101,2083,1062,1275,1707,173,1232,1025,502,1008,181,936,503,427,328,394,474,128,235,328,244,328,305,276,536,179,409,315,330,392,210,629,135,1246,703,1644,2221,900,3375,577,2735,2142,1533,2467,74,1943,1348,103.13874145308375,83.10533686201708,39.85226508120764,302.6292274109579,120.86101521996248,606.1821310983653,776.3539532869011,670.2738793590704,491.0190159870177,512.8860170117201,104.46865589470826,370.6171333651123,150.15984342623418,0,0,1
846,1423,75,952,296,422,132,123,45,307,136,187,88,326,217,505,609,224,389,142,291,38,105,133,130,301,360,440,242,846,1036,834,1839,268,1606,742,989,1109,90,799,734,175,778,52,863,475,317,342,405,568,42,574,126,209,12,540,119,320,66,165,230,116,503,29,578,926,191,789,1061,340,1690,660,897,1060,304,835,290,262,443,403,226,25.853932059394282,62.35491487575649,63.198385157547825,103.11209308845,220.83061222813322,271.1451635767255,212.34528602845293,424.7763245411088,100.99867439924725,390.1756076456835,190.61362987913148,238.23665681109208,169.4558201376335,0,4,1
460,257,175,231,332,263,338,256,327,271,343,252,488,505,109,485,376,180,567,709,432,913,311,1868,753,1647,2243,8,1453,532,695,822,232,752,99,289,19,243,101,84,195,174,286,103,480,36,238,22,291,234,69,371,28,374,85,342,250,110,544,674,152,580,413,888,455,384,616,338,475,52,96,185,117,219,278,107,218,180,140,127,190,98.79104705841816,16.65758484568219,122.56751462288149,92.22726531260331,273.64267987651345,80.00307388163935,304.71036565128645,185.9352594660345,452.7164239405389,210.83522101894107,232.22037191060974,72.1827309665308,55.31656953101012,0,0,1
216,94,210,160,221,404,376,476,365,511,240,546,280,36,1064,264,942,631,953,485,1881,431,1093,992,251,729,404,259,680,255,327,300,184,216,407,94,533,208,429,219,200,196,178,242,99,252,166,342,255,538,125,484,65,1037,1036,911,2486,340,3172,1882,2045,2892,563,2701,801,1899,2031,271,1798,611,1148,868,499,701,28,464,117,358,31,460,169,75.194926440724,120.12883731630387,125.84966570465966,248.46697764658475,145.1859540382609,408.8165999534318,431.2205990083313,754.3725310735703,416.3739746347913,675.6319443212619,219.99937008071763,234.9556464253945,91.82007962384824,0,0,1
629,324,817,424,912,639,444,359,323,848,13,822,323,1386,155,2112,5,2740,21,2743,1209,1648,2009,193,1835,1065,723,1223,246,871,702,316,958,158,740,345,681,335,613,394,663,335,586,251,519,507,107,583,122,686,332,424,247,31,742,1422,30,2561,2042,2462,3607,372,3156,1082,2028,2038,587,1959,804,1059,978,138,410,75,1,241,534,286,68,112,237,149.29911329795,140.27960248633244,74.54892400898571,249.7447536180838,466.416639122148,530.6723294390654,138.4441293218192,1015.289640868805,297.04504557577195,818.7784926417645,226.6162477848443,368.5622270000462,85.81066915820941,0,0,1
485,503,6,269,116,96,171,200,548,47,650,1086,109,1509,801,1775,937,2455,2099,1078,2554,412,1747,1211,392,1142,438,521,431,501,640,158,369,186,189,171,294,251,302,58,211,228,369,37,214,107,126,390,352,147,123,135,956,937,912,2123,92,3007,1044,2749,2441,1772,2790,88,2062,1089,589,1423,280,826,548,362,450,320,617,97,447,116,402,134,275,131.28294155910703,16.625738658279555,264.82429430829984,47.569112918515046,291.6632015270353,141.0710941052693,873.644881235217,344.82820067892044,839.3437496636576,338.1415548833339,467.53472845715754,153.92880969244558,128.3276225108309,0,0,1
289,220,608,315,163,34,54,337,104,644,85,1151,781,3048,19,3667,1041,2762,2249,1791,2868,32,2372,1323,1177,1765,92,1406,834,628,838,76,818,331,683,265,644,351,760,596,463,418,400,750,23,767,531,612,785,1308,1942,164,2721,1767,2467,2841,298,2691,945,1846,1981,286,2080,1151,958,1287,201,926,228,568,249,254,87,669,171,401,22,660,146,716,556,144.31642330748414,96.93304901634767,141.1417946484729,236.31854218297627,319.4382070526317,494.8979399477851,539.3471315551668,1204.6978781415455,144.21540759893506,897.8636361886746,73.14358627756572,371.3560161516258,36.98045333090901,0,0,1
412,550,93,555,92,411,7,611,415,1360,606,2434,50,2594,687,2488,2109,1259,2439,236,1760,1270,623,1380,125,1192,635,620,522,377,436,107,401,160,350,9,448,56,521,46,725,271,356,256,188,413,289,781,409,216,1973,1748,2360,3410,1213,3701,796,2892,2212,1253,2406,386,1881,1569,799,1965,463,1101,762,583,838,172,758,63,494,108,629,62,551,121,726,137.5689055009934,37.53058696542952,270.85325228583054,126.48220465001543,396.57384006638665,202.6750114864793,1081.8126801687342,357.9497990190016,957.1500871537982,330.54820180676165,606.583287487395,146.65348367264855,147.7021161181792,0,0,1
72,796,350,489,589,46,560,69,509,475,574,59,1234,109,1919,343,1783,1600,823,1548,19,920,631,60,381,334,154,107,176,751,82,655,139,456,240,75,248,219,1343,36,2072,877,1420,1864,486,1867,904,981,1598,459,972,985,167,755,411,216,593,191,392,132,361,171,486,250,271,84,485,300,345,628,225,780,5,640,476,235,682,157,1574,601,2371,105.20090408979785,64.08660140987602,162.14387625880198,91.88712368148974,188.1205118421584,281.5362817139214,84.74422483895071,248.68717975948547,252.73971515784208,527.6376374954312,306.3921939891313,497.0510217713469,262.94839509093435,66.4940361455812,14,0,1
1838,1978,2437,170,2604,1133,1415,1849,87,1651,742,837,825,340,762,95,443,113,364,232,46,319,206,114,147,376,63,395,173,178,45,271,181,184,661,413,1870,169,2964,1472,2862,2772,1236,3157,297,2467,1533,1020,1924,458,1076,855,533,799,11,391,86,267,116,419,162,531,75,640,108,859,184,834,278,669,339,218,491,17,726,390,1370,759,2738,455,3042,196.13771303817836,144.12147202414616,231.03929474654825,164.8390227936895,394.2078449244764,413.3811239957825,954.141421723448,531.8601161816626,604.9507734825316,566.9719439079732,341.40482795334134,290.1947522890221,23.003265411609167,0,0,1
134,2879,1580,2087,2321,399,2177,1319,930,1729,142,1405,844,662,984,47,565,97,549,137,323,213,289,34,521,77,594,354,368,345,128,545,88,608,127,143,922,1080,1571,2028,1235,2588,420,2455,1527,1424,2159,382,1563,1493,608,1485,339,839,284,199,23,21,355,55,251,109,525,209,536,800,250,729,199,706,84,264,33,717,838,694,591,1107,813,1063,1393,85.97842867302445,239.9396238760266,43.57047876956961,173.01609445532222,183.87101118130195,210.67091465191453,633.0765107057376,133.8229646799218,718.1708117344947,276.1317608818072,758.6592634956204,186.62819544038175,229.5690661287471,0,4,1
155,1261,439,698,744,143,443,213,244,143,111,10,66,357,13,222,54,532,254,159,382,38,225,77,417,3,249,90,84,22,400,662,681,1605,163,2626,1122,2913,2448,1373,2927,59,2242,1408,976,2021,565,1385,847,969,1044,208,707,97,635,56,543,71,469,166,786,424,715,502,729,428,595,440,149,529,25,655,300,556,898,915,1308,945,1795,1618,960,147.59367988749204,153.9473134945634,181.14114161823505,308.7555775197303,248.2603094536056,343.442479390538,599.1240538724082,603.1225423523717,491.46822612852213,375.4079687508463,438.21138219453724,52.766005010795496,186.68857859692753,0,0,1
2432,421,1960,1327,355,957,632,439,835,100,878,374,497,539,56,409,45,251,134,168,162,200,370,431,239,289,85,464,372,351,584,80,337,593,454,732,1499,678,2494,161,1914,985,1056,1233,64,856,777,118,339,482,38,419,215,235,281,61,174,19,325,269,258,458,53,462,144,939,226,1311,1296,1448,2122,1230,2583,507,2056,1556,876,1657,263,1141,894,73.80134995745698,136.99730330154165,101.53869875033375,202.688651021975,202.81408184364605,203.03634328698325,283.3077699082602,141.46791601799117,730.6854443578675,197.75399214713244,742.5303130950224,147.049015681533,280.4451591947395,31.333560759972343,0,9,1
260,871,192,685,326,744,611,145,365,280,277,279,603,116,523,60,603,194,330,45,247,473,130,503,38,581,673,429,1432,153,2218,268,2058,1388,1055,1497,304,770,1174,363,926,1066,148,833,250,616,575,54,332,124,125,126,291,44,190,128,475,114,642,10,646,361,459,403,287,616,473,450,479,1479,303,1788,376,1856,597,1460,1379,70,1074,579,387,47.588629468654226,137.18200211231252,185.9724286552563,130.61481689492868,404.96095567968035,323.8269539589475,73.1615952925824,413.77172048622464,262.90874878009134,517.9436399850266,363.55939596664604,237.57785814422587,99.58442394348438,0,0,1
110,155,373,0,299,330,651,30,465,197,378,332,349,832,411,462,880,686,1797,315,2193,1305,905,1558,169,1503,657,907,1080,118,701,56,466,212,100,10,95,83,449,156,317,98,488,196,336,455,49,425,58,388,64,451,20,606,421,1421,274,1641,662,2344,969,2088,2229,579,2187,711,1368,1400,437,1280,232,915,521,431,462,27,434,159,200,88,278,89.45832966229418,68.57338703187652,110.88656160720744,158.8466223771455,147.34015915560835,323.8360640936399,702.1311111522981,387.7306424329387,534.0106661607,462.33414179572037,271.1254224049871,136.0203797494556,70.54097439040329,0,0,1
296,40,300,97,243,277,288,297,147,125,386,1313,285,1813,1217,830,1558,57,1208,780,272,819,532,24,405,308,168,512,127,459,198,365,259,243,214,352,335,130,261,140,435,30,589,320,518,343,196,155,772,108,1180,82,1020,637,1357,240,1266,1239,329,1128,409,467,727,357,545,543,171,518,333,137,442,226,243,256,453,371,337,438,291,401,409,54.490755181985996,68.64289678273128,176.97787797968851,63.854052820083474,335.4001574612034,180.86731715904457,152.62510745800094,249.03364060839178,419.3902750130942,193.95469422971487,404.42510413356314,110.56921063041113,178.62738273485746,0,0,1
434,353,716,92,592,51,676,365,1275,1673,554,2411,1979,1653,2840,61,2190,1087,1529,1791,133,1904,1242,653,987,160,732,343,366,222,182,46,421,23,441,26,639,135,610,323,412,458,151,481,8,449,90,376,178,179,701,206,1059,455,1670,1317,942,1888,313,1347,1114,50,1037,687,680,970,236,958,245,583,477,212,365,72,304,190,350,203,242,29,426,69.07039288326844,122.73367115345091,50.0095110650482,136.54557179184252,175.69326253445237,198.8184080726085,544.5154800829865,588.1760662914834,382.1120058828162,771.4469249957273,189.27197953113256,306.01354161051734,14.731353244243515,0,0,1
268,188,422,87,488,202,703,237,533,349,1000,1801,412,2180,2126,1342,2575,282,2106,1137,1279,1949,202,1095,736,269,632,66,294,188,301,8,95,494,744,187,710,170,957,634,1225,553,732,1063,1,825,672,366,620,124,496,343,302,646,52,445,149,452,286,306,291,383,277,358,195,237,453,77,363,212,520,503,273,440,155,245,316,477,290,1756,348,92.24981266815917,97.41374865680517,27.522594181924955,40.900277327772095,139.4474456804651,117.54780557544132,270.7958543191453,290.134569900253,527.1420974953468,254.85521465930486,359.7223354008117,393.03399634948516,329.7078744157584,158.28551414418234,30.116674366841853,18,0,1
1542,1389,400,1405,403,1013,980,149,673,393,148,356,293,177,554,71,619,186,371,228,481,284,369,458,70,261,258,545,109,611,113,525,457,332,517,573,1475,29,2045,487,2274,831,1746,1872,518,1903,811,1046,1600,77,1412,422,1006,828,433,686,8,625,364,478,457,125,306,336,442,76,441,33,480,119,647,659,639,715,488,615,234,433,183,1391,235,95.44266763953141,121.78155681108315,173.61780721699915,170.48857655963758,156.97964836245495,208.73277976676997,375.15788868147837,758.9289760700476,208.6277263300298,498.8058237205399,156.90898792441095,150.01116938970623,40.02998160660782,0,0,1
2026,767,1689,1601,676,1532,829,840,1380,63,926,627,194,392,315,14,307,155,106,156,117,44,221,11,267,135,234,109,462,506,202,508,52,535,438,115,722,1176,164,1921,361,2434,672,2384,2073,948,2220,34,1597,953,675,1152,1,644,314,299,109,200,108,321,107,446,84,192,477,1103,784,1140,2068,333,2040,1193,1392,1720,55,1402,1318,131,1294,1017,425,52.33287932897231,109.93091779768757,64.30941843386356,134.4611569719273,240.40976242295866,172.77418377792569,408.21009860591124,152.2375298812687,497.9804312421771,335.4866252593745,413.2408638260071,494.99357937063394,444.03373423862627,439.06174930631346,254.43230378586358,0,15,1
1088,161,907,624,373,444,402,504,156,565,2,422,128,680,91,494,219,608,34,651,641,304,508,306,320,512,1935,115,3003,854,2313,2107,1002,2356,518,1282,1147,44,660,487,143,630,489,146,464,252,380,301,257,538,44,293,75,251,38,96,311,16,283,326,558,24,509,1036,320,2024,1273,1575,2852,749,3101,856,2356,1781,1266,2360,630,1339,1006,418,902,94.74238413159844,93.10118308325701,148.54489719988413,80.21557142510966,539.6472233088947,303.5965435508943,538.4456882635412,313.2549434424156,851.4844733556074,195.0250365119144,729.9029166008896,139.98379579155525,216.08162400329311,0,0,1
138,384,132,210,242,104,368,162,92,49,482,988,112,1334,1030,1277,1921,969,2692,665,2112,1892,574,1817,626,1041,1154,180,391,53,272,169,158,266,112,74,134,1049,1268,1069,3433,981,3931,2455,2318,3267,432,2833,1051,1753,1863,440,1542,563,31,62,220,193,239,212,255,422,375,766,57,639,164,349,49,254,2,455,32,594,405,554,1303,1475,1297,3062,358,84.5924840797181,104.35218147602042,64.33763787641489,295.7663949565997,239.88848824589627,316.44957059071,264.441624727308,664.9337145898745,559.9946641897822,613.6916804483602,715.9860270709029,232.2348885331152,483.51375175688366,257.3079899670922,208.9552065670653,14,4,1
2833,1209,1555,1727,351,1614,1071,683,1568,260,1056,712,453,651,179,652,146,677,323,492,276,663,385,240,117,415,266,543,720,17,478,242,418,172,110,510,212,1795,803,2056,1389,1131,1955,150,1489,1329,52,1178,912,576,1051,201,584,718,28,163,320,112,206,149,424,130,651,774,267,721,214,723,1253,310,1652,708,2357,1474,1660,2587,266,1988,1172,650,1226,56.71758005329375,134.11594436389169,94.85053041541977,133.72322074242248,228.82929235856653,241.9550376628328,185.62326667528598,331.5645524500888,857.874069512094,344.38003926637714,742.2411232508848,150.7217225012502,257.3775897652326,0,8,1
82,925,463,210,303,96,309,219,164,6,138,434,17,330,115,708,303,344,528,66,408,83,192,76,313,233,1072,1760,611,3597,1771,3382,3482,918,4007,1207,2518,2141,1090,2586,411,1937,1308,710,1062,155,332,242,199,345,368,499,780,190,585,382,352,171,787,518,416,377,58,233,368,366,119,1270,170,1226,755,1636,608,1306,1560,278,769,732,89,590,346,114.83759360479824,129.62110804795154,73.818547274845,220.82000673501886,133.49794005901364,415.6577445663486,559.3854454747752,924.5441323401934,466.53457480270976,744.672190470166,323.2695000652059,488.22492098020206,88.2056417217172,0,0,1
254,95,281,2,404,229,195,179,243,257,519,737,193,19,699,268,2195,188,2997,1080,2158,2236,704,2113,793,1164,1551,274,1342,1191,402,1002,234,909,868,170,718,132,210,34,317,67,338,166,492,94,554,43,511,127,467,542,201,736,564,27,584,694,620,1484,25,1052,759,358,728,71,504,194,17,49,54,40,2,29,32,30,51,81,159,122,71,89.06876356374323,105.27023833673661,154.5580094990677,226.72327542207142,305.9575236041762,250.8583582809532,228.03079139227418,551.5120169899259,302.99451805187294,583.4010268642119,377.31424624421425,217.76436832713935,121.45507381062606,0,0,1
119,434,28,357,75,451,200,505,316,342,384,175,943,900,34,1326,1257,1254,1593,468,1673,868,920,1011,13,698,531,308,122,374,11,307,143,209,98,302,500,520,1269,255,1503,809,2302,1992,1063,2599,854,1486,1505,270,1464,477,835,637,525,650,139,576,176,275,218,289,258,261,342,306,474,100,414,121,515,115,581,302,754,451,787,465,1443,1970,1279,69.53061432641512,141.7159706237754,82.0157587965829,168.46453016670648,89.80953998447059,126.17372074610876,433.2336966566264,322.44828291887916,537.0248505351458,228.13356280357488,546.3084615533724,185.3979795526281,206.93596261048435,181.1822580633732,16,0,1
3175,541,2584,2460,1039,2590,638,1717,1685,453,1779,310,1462,1031,340,781,26,581,126,491,35,412,29,843,283,655,238,643,160,540,537,165,495,172,506,17,94,331,1010,380,1579,945,2171,1904,1064,2502,296,1682,764,795,874,296,209,452,412,20,323,112,251,175,126,596,55,535,187,547,289,1030,847,1310,2309,630,3593,635,3113,2291,1421,2252,48,1982,1380,62.946472034736786,183.7202894902421,70.81046974645255,472.38821119102613,79.81463755498415,696.4208261456163,619.4751092237534,810.7101782806263,107.8485239620289,303.81828230676507,506.6332538441842,181.3696729928112,480.5361231135391,0,11,1
697,1466,231,956,472,567,666,116,457,69,198,298,211,261,215,549,562,80,419,13,201,202,444,58,382,46,183,146,540,415,472,783,589,1593,533,1991,803,1236,1319,26,489,529,110,491,417,299,700,348,273,417,86,562,65,427,83,100,218,90,405,122,614,71,790,408,294,832,1187,7,1795,1543,1473,2296,17,1840,940,816,1168,362,701,1060,101,105.6402521534504,44.94636865288398,145.24344462860128,92.1054323334974,373.2045650742904,111.73617905702875,265.14199695634437,166.8259769073505,494.98097058739626,68.36835070303816,513.6789837719167,293.7512512637991,330.9806358539849,0,4,1
676,380,144,328,210,269,550,218,287,364,68,295,49,153,127,144,321,524,51,442,146,684,243,482,889,770,672,1911,330,2449,108,2612,1583,1902,2315,280,1741,808,897,1128,361,1053,154,654,367,54,9,126,201,8,63,129,139,673,175,282,194,363,434,122,505,338,288,247,459,447,721,1038,71,1735,1507,1554,2659,543,2544,1980,956,1894,295,1411,1183,43.56939758970009,91.5774808136473,176.15921642409018,190.43967100126076,150.72546442124505,462.8956982116416,394.3945237335287,750.9521935420606,170.23495090377125,737.4923031805317,161.1210930884755,327.4258051407559,214.04690989703795,0,0,1
401,1107,558,260,564,178,528,303,531,538,2,232,322,142,378,274,427,457,259,568,49,593,30,668,207,644,1416,271,1465,1692,1077,3269,235,3102,1946,1828,2332,286,1553,1612,297,1349,399,743,366,485,466,10,81,120,78,383,173,180,84,87,175,110,270,155,132,14,568,205,1110,1471,377,2265,376,2026,1594,1082,1983,38,1759,749,685,1035,174,715,462,86.95247020011718,82.15201510792946,168.28875964428403,74.70364327285081,240.52973590571972,144.80491790976967,646.1877270615802,323.16059583663815,755.8062937314633,362.97766934962857,649.2901795470356,219.7523923546186,265.7715865262947,0,4,1
357,477,201,473,95,304,142,424,101,370,13,403,136,794,20,467,4,415,297,290,365,207,116,755,126,1087,402,2074,331,2596,1658,1345,1952,71,1399,1150,456,1056,369,452,520,350,697,21,478,30,558,100,501,1,796,182,691,142,686,403,261,401,13,396,125,370,269,36,820,1550,283,2237,1797,1916,2902,12,2130,751,979,1017,57,917,1023,118,543,99.81742256942,121.68802164628647,37.00834287429972,277.9875648714119,268.8027390113427,461.8326695086723,118.97907136926398,666.7200688076223,211.73227632257408,636.9452079281573,257.11606270110315,394.67852231937695,139.8743688689439,0,0,1
203,8,10,367,219,344,265,313,23,475,437,882,927,1419,1123,1777,208,2135,998,1115,1381,215,823,782,210,512,639,266,746,260,505,409,437,588,10,585,183,285,92,584,148,350,161,282,339,306,535,61,289,494,458,284,1601,721,2320,2158,564,2079,639,1258,992,432,896,454,130,434,198,226,460,99,333,316,9,184,119,244,48,66,24,126,172,80.17727216899544,31.358786454333934,208.56758350777127,70.3467982878219,420.4374187973758,32.806649569122044,253.5480839636502,229.84998910646655,636.9090126769697,109.5259166789949,555.574763903589,55.87976567889391,207.81728965883318,0,0,1
388,12,302,140,327,482,503,586,63,752,395,1563,834,1468,1204,781,1831,291,1488,1018,549,1097,439,503,631,75,449,253,98,143,40,473,340,417,492,208,478,261,745,2,1516,1136,1910,2600,1563,3648,746,2817,1850,1401,2289,282,1993,1331,916,1368,331,1075,392,380,253,195,31,614,163,440,90,544,290,366,646,144,707,117,654,534,50,374,13,684,64,60.19744292049,175.49124979740796,82.92020406646101,189.96373755097304,140.66438141696634,421.30489816384016,415.94912234575025,761.9772536710833,303.9512712335095,578.5645473096256,416.9027994856349,318.7796135527539,185.90446542418005,11,0,1
1977,1118,1749,2057,801,3147,579,2500,2042,989,2190,359,1419,1061,609,958,167,656,102,563,369,67,56,278,101,445,359,124,346,92,288,138,362,3,71,147,566,581,1671,386,2014,1421,1794,2615,236,2480,1560,1284,1982,41,1983,1226,839,1233,159,811,89,591,468,173,217,309,126,293,85,533,186,529,346,356,341,126,303,220,439,265,140,63,122,103,232,82.69091967038028,45.88954451089981,111.39174752787889,86.3968263566859,158.12060180935717,78.2430592029151,870.2999116124054,102.76538004487392,846.4114055521188,103.56975676665016,692.8819219591516,78.74320328442361,263.39674319652096,4,0,1
537,324,1255,1174,178,1036,394,637,923,239,668,596,205,504,89,339,411,87,373,47,617,306,405,165,626,297,522,208,485,563,2,516,297,566,451,392,452,52,571,1016,857,961,2450,269,1820,1340,976,1526,79,1490,982,465,747,187,145,3,453,175,315,249,52,331,302,39,1131,1246,1246,1915,601,1969,392,1791,1300,359,1209,438,565,478,73,361,412,132.70699606800238,61.56826872464107,95.9401657216771,40.51831532865101,155.17232121784554,260.2163512492171,89.49018223790603,277.3767381044146,279.67173178488986,631.4511946847828,270.31709292966895,215.13239725799764,459.49971784219923,76.7297151448233,238.32661214257635,0,15,1
304,97,468,220,436,472,1,467,166,317,171,441,480,99,212,226,319,358,602,209,627,213,789,156,2136,1414,2057,3116,1047,3306,887,2381,2149,1027,2462,869,1409,1701,108,1183,366,830,617,341,574,18,300,293,345,89,271,342,458,335,834,6,355,232,388,118,301,478,379,728,721,1771,583,2077,565,2090,597,2024,1792,761,1749,380,1317,904,508,964,78,146.12214829574313,32.00354342064956,146.15641267107773,112.86887832970183,267.0367683016704,112.3004789670383,990.6364478644015,207.62202974618572,821.842634991545,271.96065782173827,568.886996581695,65.79461760747894,200.75190004112255,0,0,1
707,460,368,407,206,386,129,222,87,100,431,337,372,357,231,491,109,448,461,304,489,211,438,626,332,420,1258,446,2084,1105,1206,1778,1156,690,1351,618,670,1086,169,637,253,190,373,191,269,520,53,316,86,477,169,341,124,366,39,370,424,142,383,326,665,281,792,709,742,26,1143,239,1702,54,2075,1265,1246,1754,149,1259,639,317,729,250,269,156.3798325858293,26.9088431070341,128.15973940559272,115.9307717507375,329.1509085890543,150.659934576397,171.2582464863675,242.97879577254628,534.8798413185966,229.75589412771023,534.3230622428925,205.6136008215595,208.03218622436464,0,0,1
105,419,103,527,19,450,110,240,322,252,90,764,432,1373,939,1746,1955,562,2174,459,1453,1451,110,1355,904,624,1224,473,618,910,159,605,370,560,264,408,265,536,77,753,64,847,258,516,436,252,780,31,645,163,50,442,37,1276,119,1714,333,1598,1255,1124,1335,148,875,636,68,681,450,300,609,166,444,522,72,503,138,421,71,695,343,271,206,157.631034725433,44.898913197781134,113.9919930246646,91.87488387982245,479.6386986576458,65.55657755483868,394.3900307478761,259.0566726052798,542.0540413749483,316.57475357085946,480.9128334930669,120.01471327304883,124.16330663085625,0,0,1
291,354,74,405,187,304,283,306,452,168,757,818,2084,48,2644,1026,3048,2487,1704,3169,107,2411,1346,1196,1990,135,1610,910,734,870,71,726,469,398,289,363,188,544,449,651,552,480,536,346,594,148,601,75,622,104,600,321,77,262,548,1253,617,1892,507,2003,665,1568,1323,368,1019,452,4,939,737,304,725,218,517,412,294,674,150,459,74,430,59,132.33723875227014,110.9826961073248,128.4041134722406,310.59286106979533,262.1855855114846,362.6729796478746,529.5861690533588,834.0160936437996,273.2173287543203,764.1036200700166,88.96057122326894,334.0936423153841,43.29159876444165,0,0,1
50,99,55,305,459,135,327,287,516,178,189,840,440,1366,2261,589,3551,1139,2586,2476,737,1967,239,1560,1274,399,928,354,31,160,50,190,203,747,37,508,138,284,661,75,1556,1024,2038,2326,1675,2796,597,2233,1939,837,1851,324,1177,972,290,149,228,65,202,186,227,37,241,408,707,908,1223,2919,85,4114,1915,2714,3340,518,2877,1052,1953,1870,614,1851,495,14.757235618200168,12.136539235009383,209.9868041642013,10.50434806932368,316.38371326340786,311.95614339523894,610.247155364532,431.25899907425014,305.9365378811926,1140.3053355901848,156.20489533308398,274.46283579097616,651.471924831636,281.47273134547805,316.90182703385904,13,15,1
1170,635,607,538,330,463,112,332,358,546,151,926,165,881,320,919,432,491,158,471,357,463,954,718,1208,1246,2826,647,4070,818,3335,2378,1856,2833,31,2122,1429,788,1707,244,1446,993,501,920,108,631,54,527,40,406,33,560,83,551,122,534,178,576,194,510,378,307,510,3,352,516,1054,501,1599,1708,877,2006,380,1725,1250,535,1263,790,423,1248,626,81.77454212622558,130.5042809990187,117.40991382848375,235.29778319274112,359.35257843098884,499.5361519563362,627.3227185748465,769.147785296206,381.7908236193027,783.4325676954918,274.22482761889074,453.3637568965264,134.14148700078485,0,0,1
563,662,80,554,238,321,301,2,214,205,136,92,59,169,215,20,255,202,497,609,283,657,173,640,331,53,379,614,590,1222,677,1353,102,1196,906,343,989,168,535,487,189,425,33,175,140,125,206,110,249,95,465,275,184,408,382,466,377,528,182,507,132,489,83,298,77,446,1,1098,898,1197,1713,1456,2594,404,2126,1549,612,1830,650,1314,1498,48.999822251031965,97.54274958718983,113.22088767031401,62.03151963899485,71.28534211182549,388.6210383162096,494.5308214238099,426.1074633193934,278.78121802217913,443.11214433747205,141.64583666200176,207.2426137892529,193.46260347895594,0,0,1
184,1365,385,966,475,741,796,94,415,234,405,38,526,7,402,22,669,221,547,320,614,302,585,422,277,649,203,833,717,1493,156,1520,193,2026,640,1571,1549,734,1383,208,796,767,181,619,56,579,386,283,437,40,419,81,439,40,475,99,559,73,634,56,631,354,308,650,130,375,147,226,61,125,1238,1103,1857,2732,1022,2858,1199,1405,1696,95,1415,138.90870015147982,92.20407309593676,204.12033587190598,98.46805311210755,404.715471041076,146.4830926667315,658.0422426568982,153.9585982028521,531.5318663345246,217.86608702771565,504.9563273137887,234.1424254486153,260.3163354440173,0,0,1
