917,845,827,975,162,1208,70,1437,114,1213,48,791,152,894,158,852,170,800,111,768,79,586,246,670,218,461,389,586,192,238,274,71,457,9,361,288,248,443,258,495,136,466,35,499,210,100,513,617,875,685,1357,1079,810,1378,531,1783,308,1772,384,1547,459,991,151,381,285,319,20,407,14,195,124,142,278,141,546,449,311,518,140,407,80,95.88908601094958,524.960759567863,873.9173737319827,585.1214647905647,0,1162.8812837087025,100.12965560695176,529.2026369295057,291.18402761083655,0,76.3603850975222,193.79907285501326,69.62678839741453,133.64531823811794,0,0,0,1
536,56,645,349,193,418,208,566,49,448,612,1049,1568,518,2130,105,1526,59,1605,649,1406,1356,476,1460,234,1234,582,1125,910,853,824,802,851,687,769,747,933,575,985,459,1000,307,1112,107,1321,130,1317,415,1194,924,1376,643,2280,1420,1778,2364,1021,1733,1000,1627,706,2097,150,1364,885,459,742,196,554,435,99,354,28,270,333,103,376,69,359,92,410,115.64890092920609,267.8779252167401,432.11837741448926,572.9087735577798,0,408.7799560888474,1907.554791333032,1154.5281850360589,920.269328818456,0,509.8306252437308,650.8094180042266,152.96970456690477,106.66442473496897,0,0,0,1
88,566,104,463,515,69,570,49,694,181,708,642,1564,2265,914,3147,458,3356,1386,2284,1736,2027,2128,1366,2722,361,2417,1420,1621,1989,791,2037,129,1809,337,1611,717,1312,985,872,1246,698,1492,474,1739,178,1839,348,1401,695,1178,1153,1314,1430,1491,2267,840,2855,346,2064,40,1621,366,1191,810,256,684,382,176,483,115,552,565,244,733,19,824,282,748,479,696,267.01932066658776,77.45699270139174,465.7919852683776,290.8041322657945,0,806.6154133166561,1191.1008820783206,2917.3970681998576,800.3823863596753,0,1353.651937969711,256.8623539933455,121.17869020088239,94.18834587743979,0,0,0,1
488,737,693,346,690,65,679,218,692,478,440,534,168,1266,2354,457,2597,1762,2795,2273,1747,2808,1126,2870,388,3042,1551,2223,2550,1144,2807,849,2895,56,2434,278,2056,847,1529,822,1076,985,951,1343,640,1568,233,1560,125,1178,278,901,601,895,371,188,347,334,183,116,1068,174,1458,451,1502,1142,1193,1258,499,992,246,698,450,311,407,181,372,129,19,187,119,178.91464639055448,435.77396239714454,173.0254299896497,531.2797051526733,0,732.1751839553154,1729.0179566509582,1937.300790529549,1998.0818971219917,0,1061.104669801627,451.87328684793215,239.78832099976327,187.43247085963333,0,0,0,1
55,239,174,189,65,103,317,330,540,494,605,398,307,17,425,149,435,300,685,455,403,759,238,834,8,523,418,358,747,15,646,298,677,382,642,530,513,520,510,685,239,436,252,635,122,600,113,430,114,597,148,542,43,555,108,166,292,330,827,107,480,562,348,645,1189,47,1320,659,731,785,273,677,226,845,18,864,121,832,309,757,294,40.7810496807356,252.90477392030226,266.7765199523346,210.35539438197807,0,637.2529364388995,420.8635382528578,757.521757068874,481.4232464055917,0,539.6517240026994,14.003260679882954,69.50364556659893,83.94266955698401,0,0,0,1
942,511,703,815,421,828,187,809,37,850,328,587,674,241,838,166,501,1068,440,2609,1743,1896,3031,1094,2683,191,2828,845,2640,1890,1575,2620,180,2390,752,2086,1433,1600,1691,891,1715,99,1527,197,1324,631,1192,973,935,1395,584,1595,200,1440,215,1097,562,725,571,234,706,1148,42,1170,1174,1379,1536,872,1707,110,1777,450,1231,1144,235,1242,574,903,746,516,798,37.38769037964832,322.58245348632187,113.16436180136118,622.2675777576233,0,153.60505362780225,1044.7564741679373,1446.9608102711895,2767.1806840775116,0,801.4334826757556,717.6313987856265,250.4537025587383,178.25177409782202,0,0,0,1
207,630,83,527,117,321,35,467,221,581,459,599,780,305,961,91,822,152,712,343,788,929,655,36,512,1067,2469,626,2987,840,1705,170,1809,749,1981,1532,913,2029,238,1613,581,1314,823,802,755,344,558,191,366,15,59,88,55,123,115,48,160,78,345,174,399,103,752,279,559,581,985,1128,811,1962,428,1700,470,1006,513,899,781,484,841,126,560,138.37048322599287,354.743403419232,202.3531747480341,295.9047943535289,0,1057.8866196336921,985.3144762695937,1393.6638629922863,964.8766160378809,0,549.0061686885809,514.8964787436056,212.8208879755514,127.24231714987941,0,0,0,1
543,44,449,142,520,432,391,418,261,455,25,311,273,96,223,123,636,139,584,60,718,544,696,951,289,933,146,1239,795,3660,699,4128,1777,3692,1928,2436,2377,1656,2289,1286,2495,154,2180,1402,1214,1699,672,1817,200,1243,342,1033,755,678,956,227,867,89,917,163,951,383,821,660,671,835,182,666,48,447,969,75,2096,1735,1086,2462,646,2039,594,2677,303,126.93735579462123,699.7844032427764,102.10064276122831,1076.80343224731,0,663.9409649961358,1302.735876840165,2437.2421082177902,1581.902033554437,0,498.31784820195776,686.0647328713103,402.42440795731903,99.6946029453162,0,0,0,1
2472,1282,1614,1858,398,1672,376,1544,764,1110,1070,566,1345,76,1078,211,831,278,919,623,706,709,625,717,372,838,141,903,100,975,481,717,1635,871,3813,1879,3216,2793,2760,2648,1953,3261,624,3163,194,2763,1752,1576,2326,394,2396,282,2230,933,1679,1162,1341,1395,962,1366,681,1599,384,1695,119,1742,293,1595,735,1165,864,683,936,478,860,896,37,1087,824,414,1548,328.66025496252144,332.5594798632435,566.5990746951105,521.0572704626442,0,402.74194281201954,741.2429423326167,3430.57586887581,1186.4872258410317,0,926.8785297854492,715.903174553705,203.51631491210318,381.3833259506186,0,0,0,1
636,1716,70,2032,876,1580,1238,875,1350,167,1308,350,1093,643,645,601,593,667,403,805,113,902,69,974,356,663,536,651,749,544,1031,198,1016,96,1119,876,2880,558,2490,1568,2205,1690,1543,2045,936,2243,42,1989,1095,1252,1761,253,1744,90,1630,671,1019,831,652,953,352,881,21,777,89,912,192,923,433,979,740,598,829,347,935,36,888,1116,760,1776,201,167.6598537624816,253.7488979901193,195.05566208754146,392.9411831022128,0,345.9454617421654,615.2226326675291,2693.750668151123,611.7789062916517,0,973.7108536723676,337.082232488355,222.30689464487347,148.08328939527695,0,0,0,1
657,1008,983,1128,943,1794,64,1811,561,1110,887,351,939,47,768,307,524,275,398,278,184,90,373,304,211,302,154,111,418,89,418,11,405,27,474,110,630,103,849,39,1157,32,1832,1193,812,1098,410,569,324,779,19,448,348,126,98,73,192,244,20,454,240,431,314,419,497,393,480,526,538,334,568,3,586,262,533,536,274,649,160,292,19,110.04624085721113,267.83192950730455,44.7674606454306,310.90306169740086,0,250.1844580275696,1023.754689822283,757.1499269853971,627.2238168921292,533.2976498558284,289.44900950012897,0,435.08442235393704,172.82421961158607,229.8328405147313,1,3,1
591,123,1563,561,1551,1601,1618,1976,1063,2329,154,2299,784,1498,1495,418,1296,600,953,863,362,985,37,834,252,802,483,616,452,805,641,715,895,557,1150,307,1180,142,1030,352,874,598,801,1658,438,2565,1095,1810,1442,1290,1514,512,2017,412,1640,1068,890,1680,115,1842,699,1568,979,1346,1291,733,1245,468,1252,102,1158,61,1150,279,1010,403,1047,583,819,763,544,110.01578097802246,159.6664273997161,270.68550640880716,272.3653915710208,0,647.1212869315922,768.3583310414624,2396.00834445005,1081.0948450126282,0,1150.7426002085633,486.8689416925943,384.94515120620457,193.73023016137682,0,0,0,1
713,354,841,221,1060,190,1627,728,1618,1464,1031,1819,902,1464,266,1745,230,1573,695,921,1140,371,1112,111,766,421,509,625,200,610,108,670,33,591,1,668,13,781,82,921,310,803,379,751,591,640,756,368,690,132,688,532,1124,476,1366,274,1387,602,1386,257,1390,9,1291,178,776,765,211,805,307,503,256,550,211,239,196,231,50,64,23,119,64,141.21422204093585,218.09114928531582,287.40170270247035,276.2886817320812,0,749.5070063048111,1262.5064835757184,1091.7143257190544,1068.542617837302,0,345.64588390201266,274.24829328271215,93.2706340516751,125.66207064994768,0,0,0,1
185,189,45,235,199,218,390,412,304,536,83,978,475,2931,1238,2707,2608,2009,1972,1530,2215,979,2582,172,1870,937,753,910,194,1099,417,870,905,342,836,54,992,446,785,684,742,900,763,1334,293,1316,87,1262,507,1055,899,479,985,73,1321,784,2153,960,3103,478,2890,1105,1948,1260,1881,1665,1339,2028,146,1882,1240,981,1464,902,1574,396,1399,65,1198,193,827,194.36176260102073,371.6931471871716,560.5794073321528,431.4420798516551,0,879.5342460643587,865.686162421662,2876.5399684521185,588.4475935414029,0,1246.3088309117347,396.89443039704844,204.59050363188317,188.44933401256648,0,0,0,1
275,575,375,482,510,536,816,195,814,118,903,143,544,204,509,258,561,658,825,767,684,1288,200,807,103,347,226,100,392,60,397,13,461,12,625,81,528,132,581,374,269,688,219,440,1317,2010,336,2064,160,1043,69,1119,523,966,775,331,1002,395,592,311,862,461,819,560,488,392,413,454,143,167,110,247,138,61,88,174,76,87,316,21,514,71.88318506975472,245.49915136286862,196.72446605263085,104.19113439529694,85.02307878123625,449.8504587082245,560.3135828570639,1019.1156002682791,225.30486117379016,645.7921118688645,97.78397204625212,131.19225833707907,258.4715551747104,181.1109795647055,117.44452703078986,20,0,1
107,527,72,489,61,488,1072,292,2065,575,1321,1112,1269,1214,934,1658,198,1725,764,783,1120,158,990,313,769,700,225,776,159,547,95,775,125,669,80,675,331,581,487,542,687,440,832,20,685,255,515,469,329,1009,838,2486,415,2455,1361,2214,1581,1468,2311,480,2171,231,1802,1353,1080,1778,158,1627,409,1344,719,921,759,792,1002,348,1037,108,1192,180,1102,105.80284908534395,154.5763635323984,302.7419177353615,339.68691388877056,0,130.1198101750844,682.3320482703925,2200.129291244904,876.2001355508987,0,1337.5301553420452,155.96048043635506,374.27763577954863,125.57816599020697,0,0,0,1
270,1266,533,1113,778,911,886,525,975,325,951,49,1504,372,1093,450,744,882,798,1133,231,1221,557,996,736,459,947,78,987,377,754,638,549,882,321,879,156,988,89,871,137,870,429,699,689,463,813,262,831,52,802,269,576,621,362,890,351,463,1036,1171,754,1284,972,841,607,1138,353,950,310,1068,304,1112,684,796,801,855,1145,574,1012,450,1049,265.8029901064137,203.4633325704413,54.66903674726078,435.10910215038285,0,563.9939051089117,566.929159340141,1660.5245599903353,849.8145717265888,0,130.9694762938444,188.6705818028586,217.5562818760554,109.13410485684538,0,0,0,1
122,1051,2,1096,80,1191,561,1086,786,1024,909,897,1371,428,1104,189,864,326,687,1180,187,1638,977,822,1477,628,1117,263,1214,97,1080,371,579,431,137,185,89,68,151,229,81,225,31,314,135,254,219,252,309,126,364,206,344,223,553,93,717,120,995,79,637,302,242,941,63,1067,362,596,469,940,135,956,337,714,805,399,844,154,896,137,1049,160.21739247514734,76.02852303429471,437.01707696605763,463.8743008291735,0,369.3127265611084,355.15888264091967,886.5591377286701,1322.954524149302,0,198.43517408569983,353.90985560283326,45.0940389541479,120.1562602379962,0,0,0,1
18,845,33,785,105,678,174,570,319,411,475,226,359,90,286,35,92,116,25,174,91,168,24,485,95,175,59,222,334,832,219,1078,458,809,819,648,874,428,1246,212,920,558,595,630,270,647,29,441,13,619,113,460,84,485,238,643,530,502,839,245,851,1,753,307,811,84,394,710,1031,482,1512,305,1184,56,1072,207,1045,423,691,1013,186,9.840034565292257,55.59779765215904,185.70411741861795,571.5089079875675,0,463.35652849614627,826.7315472390654,723.9613548124385,263.570784739468,0,451.8195968645492,473.9356654869692,334.653156629747,86.80038727417252,0,0,0,1
856,123,850,306,612,351,212,255,76,8,144,107,8,107,56,64,76,20,235,190,202,248,287,507,283,452,173,949,425,690,427,22,798,21,658,101,554,379,595,694,75,587,439,369,688,106,866,275,682,651,401,724,141,615,38,652,119,699,180,797,368,612,490,642,586,425,921,14,1013,659,1066,153,2313,1508,1980,2156,1382,1325,898,1493,400,224.46088992570986,297.69667917345663,438.39617718492093,531.8285079078113,0,648.1331826870154,805.3104095902179,1273.3396849147562,335.72695394647303,0,530.6868362692079,177.41343436955174,123.63359017933286,289.867901649331,0,0,0,1
1482,289,807,538,302,508,173,603,32,454,161,111,231,215,227,311,305,679,118,798,19,724,266,621,467,501,508,404,642,34,756,232,856,305,939,87,255,244,231,511,293,653,668,205,941,45,465,252,373,369,53,157,9,52,183,146,165,54,298,28,489,325,559,209,92,1064,1303,487,1046,562,554,773,1236,398,1115,74,1002,114,877,384,926,79.14608335370892,124.79229446043226,335.47597938776903,433.3217156834972,525.9905018415606,569.5739906825396,399.90843420739725,214.321281642284,525.4578889710757,0,508.00799213823944,128.81859566447454,346.9617104122282,139.4068067842377,222.69289734495808,0,10,1
659,920,891,769,863,664,829,521,791,346,686,218,459,306,546,92,469,121,545,20,687,220,513,387,301,202,217,1223,959,689,1332,336,1922,680,1662,1283,1263,2095,231,1714,692,950,994,440,951,100,694,251,354,293,77,124,181,168,280,325,329,627,40,774,70,752,245,819,290,603,442,601,157,2018,444,2486,1137,2323,1198,1512,1057,1132,936,676,921,319.2001744498628,419.12839528370444,546.0622364383934,921.1220338773219,0,342.13589770732915,607.1843327765174,1420.2515465509694,812.5857282971665,0,903.8834013722244,624.3205035048273,466.018460691781,106.57263837017227,0,0,0,1
26,858,582,278,496,216,496,40,287,223,191,271,31,393,292,247,213,431,362,455,638,488,858,258,628,11,641,220,454,501,247,79,782,805,463,845,179,1662,263,1718,568,1381,1143,920,1083,318,993,269,798,684,474,624,301,550,86,580,12,522,187,574,296,573,462,366,995,165,1012,100,1032,288,872,692,597,819,477,1103,314,289,190,657,497,74.30169766573844,144.67232275174584,253.90870588406625,488.04622834443745,0,300.95020352211094,712.4231909687815,709.9228193174248,1015.4017968096871,0,458.5541716550474,551.3707364174392,154.04441543279518,108.63392125924545,0,0,0,1
954,1267,1292,1221,980,1707,307,1936,441,1498,1130,791,1469,119,1169,58,925,151,701,316,444,353,393,384,304,370,290,112,134,12,235,6,235,253,312,511,203,916,557,1358,605,2097,160,2351,456,1326,426,945,281,783,518,443,468,43,86,54,278,60,538,39,649,25,546,109,607,432,572,795,251,862,106,836,169,777,500,393,280,935,56,2656,1925,123.74723965871675,253.6502718494468,247.45234695730338,320.11413371999663,0,553.5942438075558,980.7127430195493,898.2498823849243,210.76753764402838,1123.2056739150887,502.2736761081927,621.6957739529963,255.2604176841503,0,272.65018030482287,3,5,1
1794,3169,945,2864,270,2784,789,2577,1875,1621,2570,112,2442,818,2156,1207,1537,1564,768,1579,293,1482,86,1192,317,1204,529,997,637,979,752,689,760,696,907,431,957,122,846,123,1448,53,1533,459,914,613,1404,891,1035,1110,310,935,16,573,389,276,482,2,400,354,211,505,9,462,98,678,98,550,109,613,226,513,269,438,389,339,583,50,549,210,548,248.5735740105687,154.9475416166526,333.63623803822657,309.511923345829,0,185.57424390254164,1242.9675144085832,2267.0779067266576,1143.949965602821,0,973.8478486224727,542.0771489397247,212.50633942034392,153.1060077164618,0,0,0,1
290,89,883,1898,844,1830,1810,1762,1847,1687,2714,777,3033,355,2636,1652,1604,2195,914,2353,356,2232,34,1987,470,1737,884,1329,1120,948,1460,558,1554,111,1542,453,1503,867,987,1031,382,1123,293,273,689,205,862,871,1308,760,1452,837,1403,1486,861,1583,22,1081,455,698,754,554,654,321,587,430,631,233,599,373,534,406,916,63,845,303,822,518,528,615,145,221.96539470561916,198.63243032095434,292.104380339177,418.04644267222943,0,345.23412345827,2175.924956368684,1554.380927686862,1586.3336090622324,0,467.2600932567341,959.2415864150748,68.63131353470716,128.60452751066111,0,0,0,1
491,290,567,742,2246,1652,5081,130,5557,1296,3299,1261,2547,1365,2335,1894,1205,2882,501,2227,1329,1760,1580,1226,1534,567,1571,170,1066,414,567,630,226,414,138,399,127,279,337,115,457,127,754,40,967,433,1116,10,527,35,25,425,37,280,143,456,489,164,557,26,274,103,258,338,329,248,340,424,382,362,656,57,711,102,741,194,421,71,468,92,280,417.00020767341516,436.55892461814165,687.4294644925029,379.6265060531023,0,1317.5040683049142,1586.4546358385787,1932.7406226468975,1596.4166981929293,0,804.4127037642402,505.838932924599,448.06824416663585,282.2644263715395,0,0,0,1
344,164,255,288,470,72,338,659,949,2529,214,2908,1201,2889,1332,2259,1731,1593,2080,727,2318,500,1999,1323,1363,1651,772,1747,35,1400,579,1120,939,583,1057,236,980,121,941,537,820,917,423,979,12,995,630,692,845,285,1134,756,1779,512,1941,518,1927,407,1415,468,1630,1115,1361,1309,578,1037,213,670,118,570,6,393,74,338,83,388,153,705,32,611,290,203.65904514522379,337.6128243335809,295.2817486511273,490.1608957678337,0,934.0340277527366,400.0534950045207,2447.032440795379,1366.0210949340621,0,792.1484756576226,161.42620715671018,59.90472525850638,130.65209486161137,0,0,0,1
499,388,282,559,211,699,102,683,115,467,341,290,286,609,2655,913,2835,2500,2389,2274,1406,2447,959,2368,599,2613,812,1854,1517,959,1603,698,1797,181,1582,171,1361,559,886,492,294,425,163,475,82,538,296,443,322,446,521,110,441,267,531,947,693,1692,364,897,562,1060,468,999,938,437,966,79,690,419,412,526,317,651,54,634,634,378,602,367,803,167.14289037580633,375.6641820764755,385.6837002106722,360.59996276486027,0,964.3028893973096,1100.9412351777971,1855.5815640160597,1198.697916609535,0,974.839743137411,343.8031412460148,324.15743306978476,224.16818911539931,0,0,0,1
186,703,115,753,30,729,186,697,512,472,744,98,733,130,711,426,529,1010,349,194,754,351,1243,758,1709,715,1287,825,1255,1168,916,1409,135,1263,362,1063,714,885,838,609,646,584,812,525,657,602,628,394,551,332,474,263,714,81,652,92,626,61,575,337,697,180,892,96,517,430,862,23,829,42,1070,75,951,101,693,209,324,171,85,227,58,110.35673529370436,380.27150092593047,64.23931782163406,364.58723178247556,0,470.71847743635476,1543.7838502886616,610.2519781179967,213.43524309125888,0,340.5324344518076,333.853728298616,144.85823466282238,60.326293843024125,0,0,0,1
200,54,263,80,160,245,93,405,241,716,28,863,201,1075,374,2873,1434,2536,2330,2125,1917,1473,2363,747,2289,63,1724,988,984,1270,218,1333,367,1205,814,581,754,390,946,8,864,310,762,491,713,851,570,892,512,1102,349,1185,23,926,348,572,831,694,1768,391,1434,964,1337,747,1019,1197,545,1292,300,1044,894,537,918,108,992,128,845,606,518,612,315,109.3601769949181,391.3474406157044,292.6123692802183,507.8650036075642,0,628.890819220634,662.9705408959054,2243.1111641696316,1002.2974972413917,0,1021.112088930576,102.98590563112543,79.40635412981095,89.34411092479964,0,0,0,1
608,223,463,131,581,13,504,283,367,379,329,632,65,796,205,753,485,525,839,867,1439,513,1738,87,2015,161,1631,570,1295,926,639,953,90,901,167,685,583,532,860,63,660,466,468,846,233,974,47,1058,254,992,549,743,684,697,834,512,826,193,931,76,958,746,1264,567,1083,446,588,879,777,568,835,704,594,1152,131,951,218,255,126,270,275,111.14151409739095,171.14834931164816,223.39528006353595,173.622467817357,0,725.3438581114478,303.89955175724873,1744.1551068132023,649.7740818195716,0,263.72219576771374,96.04492360624722,56.07865777726823,138.8986528318334,0,0,0,1
430,19,337,171,167,237,209,416,253,783,82,791,126,812,466,561,536,517,220,25,382,89,63,70,313,182,128,338,135,342,320,304,249,397,290,444,252,486,165,603,142,562,254,467,427,324,550,16,487,229,536,389,317,539,405,81,629,257,351,369,841,1194,1066,882,1687,186,1872,291,1399,752,927,1105,235,987,154,678,364,367,276,176,170,81.46826844738472,269.9771822058416,136.31135435556186,257.3908096877563,0,695.339607673833,692.1495920335874,590.0774116453218,789.6945349559854,0,388.2160045033677,479.79709191244683,144.35234792275796,84.42830636015893,0,0,0,1
93,120,52,185,46,319,140,524,15,541,965,935,158,937,39,1118,35,1288,751,1201,1217,657,1365,77,1128,364,1090,778,912,822,648,625,533,807,311,650,451,490,182,438,184,330,127,457,454,240,360,258,301,240,538,105,696,87,1677,980,811,1298,1212,1438,1486,2262,513,2769,618,1782,1048,1092,1241,419,1161,7,982,365,762,432,397,258,655,462,641,110.16537246690012,321.2070169854324,213.31593862126425,251.23671265803637,0,665.0537290324746,1210.805054549426,924.1103313549291,1268.221326764863,0,835.4206606792916,278.16048621269636,251.93523205828748,64.89573134416979,0,0,0,1
640,639,989,305,1259,210,1304,638,1037,864,523,1288,1378,3725,549,4004,2363,3163,2516,2107,2750,1211,2591,411,2589,1099,1553,1892,423,1875,240,1745,1106,957,1227,543,1417,96,1350,484,1120,614,1081,877,894,891,603,844,257,974,434,605,219,491,284,477,189,367,1562,342,1723,74,1687,668,1749,1274,1077,1751,63,1519,534,1151,825,756,902,398,926,19,681,164,613,314.5100321450985,341.727190038607,173.3752122135901,446.97568456381464,0,996.1704773782448,1357.7397301346991,1519.705294203979,2821.3005047754996,0,339.9232753605576,591.6260902425706,69.60807852594607,216.584953661603,0,0,0,1
205,714,432,622,398,658,507,401,414,442,487,362,665,172,395,1360,160,1662,643,1694,784,1171,933,1220,1087,991,1343,242,1187,1010,453,1060,281,1084,198,699,287,427,379,222,361,58,412,40,603,241,557,415,498,382,159,526,234,398,350,385,953,1020,2137,545,826,892,976,946,782,1483,39,1397,704,715,935,206,918,286,851,492,725,873,352,781,246,148.2657893966793,214.3807615385748,169.43044195192348,403.9472180724841,0,495.8824961621453,680.8924883843506,1192.630543211515,1228.5316972327082,0,688.4910524682871,349.8198327809177,86.2266542451847,26.139821678863264,0,0,0,1
821,76,717,247,644,638,454,748,312,815,162,907,71,1058,22,1015,336,694,1743,1421,1033,2096,108,2659,766,2052,1276,1787,1794,1081,2352,377,2044,1370,1311,1560,1233,1958,614,1651,358,1648,82,1369,265,1045,313,1022,434,804,397,679,446,514,381,521,537,448,915,81,702,765,564,1105,29,944,746,1232,1200,898,1433,245,1715,423,1418,791,712,848,510,922,255,216.8872782690964,217.6177548358911,230.1691812844651,283.28501263965506,0,829.8348028372877,505.0843050975227,2287.12135832948,746.7310215815105,0,1314.406600468266,275.91827690366927,261.405838314068,170.54018057997715,0,0,0,1
731,3,573,21,543,249,486,432,379,685,198,715,128,774,606,594,968,207,987,135,1007,85,720,1458,2093,890,2471,525,1760,310,1939,2,1944,624,1424,1580,428,1596,158,1380,209,1321,413,786,242,580,224,315,94,385,142,329,214,89,235,7,303,82,608,184,414,350,113,139,871,243,711,592,300,848,52,551,107,684,225,477,284,401,358,257,563,200.2653045601415,341.4601774431401,344.61788135201135,0,208.14710620077986,762.5118560856577,1346.020913019773,857.8438551946505,522.8030978601582,520.5912020119292,0,440.9450946765419,133.6259212322609,74.94166842465087,151.46036819080666,0,7,1
35,567,111,807,358,780,431,461,610,353,783,98,861,209,854,444,742,1506,857,3201,1008,2487,2091,2076,2152,1276,2662,57,2463,1053,1637,2026,328,2046,709,1879,1234,1376,1483,793,1717,401,1664,55,1537,373,1559,606,1361,1111,954,1178,456,1016,8,869,383,613,568,369,1247,699,1778,292,1548,1002,1670,1287,1121,1705,462,1899,267,1487,1041,504,1299,331,874,543,570,76.09685975800868,234.01106767509486,355.81442016661464,455.06810077140176,0,68.0451688218936,151.9285859973577,2665.7106012174645,1514.619422539395,0,1363.6945450082067,17.849249375342605,536.6025281558659,238.98961982932752,0,0,0,1
612,260,655,6,624,290,418,477,309,673,307,1042,161,1223,124,1076,438,887,770,537,1063,32,1784,387,3296,1179,2659,2354,2061,2010,1344,2527,207,2698,703,1760,1735,525,1809,553,1520,880,1085,890,698,929,508,1113,253,1104,22,1245,66,1267,544,1106,858,761,973,147,904,299,822,560,511,1654,386,2386,561,1311,1498,1079,1296,789,1908,231,1840,1012,815,1067,135,273.3230878537133,164.61854422057078,234.94264885363992,569.2211637164226,0,125.59523279169478,671.9209553944635,2699.8460029437156,1202.0936187318946,0,1050.6965487124771,477.49062284200494,374.5645478225383,130.04994709879125,0,0,0,1
806,20,600,109,438,301,260,190,176,237,314,364,115,867,239,794,421,853,453,473,446,328,448,414,552,241,447,290,812,1585,486,1705,1370,1482,1364,1039,1942,534,2168,716,1503,1819,552,1884,5,1968,525,1806,929,1223,1228,869,1403,581,1441,295,1555,232,1599,737,1141,924,666,898,265,635,149,215,151,632,1244,2470,415,3267,1718,3317,2127,2021,2202,1104,2188,205.3114599354275,658.6731353665837,367.87615182361105,873.6313538960126,0,999.6740093650529,597.3173190109677,1324.234277545335,2107.040800245875,0,305.2017827287243,1024.2281656642026,294.8813067366226,466.38502460259133,0,0,0,1
650,2295,637,1467,1381,268,1324,393,855,572,597,686,386,923,156,757,320,767,481,755,891,666,1119,196,1261,268,1168,856,1003,1018,1416,1212,1402,2215,454,3053,10,2848,553,2991,1319,2527,2049,1223,2266,102,2066,471,1915,677,1670,745,1315,884,991,945,581,786,331,936,101,952,272,653,283,466,113,66,219,107,189,192,508,710,545,978,1054,18,1438,202,1347,352.4602645396667,185.82930083440536,460.2416554473147,301.59092693896395,0,980.042444233922,1499.1839185394308,886.5706981608278,1959.7111942230322,0,928.574055450135,596.803873308519,675.6628564899847,332.6055072801307,0,0,0,1
150,1206,691,1091,1095,67,998,575,470,826,2,454,496,159,543,107,564,285,150,370,111,204,284,379,397,566,476,937,215,1001,286,864,395,203,335,878,1541,169,2328,739,1911,1093,1652,1869,1050,2545,373,2165,1527,1383,1592,1273,1827,832,1458,583,1410,274,1010,369,935,241,909,51,846,195,977,552,832,813,741,878,372,1049,154,616,1986,1172,1671,1461,228,220.4671368594328,263.5513860438725,234.94936762356062,184.8847582743391,0,805.5017070124682,1245.6821130431758,1214.576289791066,1083.743455028153,0,1122.0321660288337,952.4047032725947,663.8400100040745,117.97946555915053,0,0,0,1
1666,323,1744,719,1589,1792,705,1773,262,1009,583,619,551,526,766,290,796,156,682,119,375,89,430,80,318,76,335,43,449,51,407,191,439,83,408,60,1009,842,457,1187,41,1761,530,1567,1202,1225,1543,692,1821,427,1509,1103,883,1391,684,1686,186,1552,55,1354,307,1242,490,808,684,879,923,782,1294,374,1376,108,1200,256,956,686,655,158,134,1047,639,288.5111864247416,372.217156993748,285.07519199735265,360.64812936721046,0,632.7728265341362,902.8765629204322,1524.3887938938988,1287.4181401775877,0,643.8394858071878,538.0278090491627,152.03019838529224,62.821674339725874,0,0,0,1
673,1500,1010,1363,1060,1809,355,2290,390,1376,994,629,1081,19,878,243,585,530,415,421,49,219,189,82,301,95,419,141,504,355,585,710,415,907,247,660,704,155,2008,1110,2056,2337,1881,2166,1511,2643,615,2937,724,2267,1710,1281,2009,490,2168,219,2203,210,2085,768,1560,910,1317,1134,878,1210,497,1257,304,1330,38,1365,206,1119,556,815,917,292,5,495,538,367.36751501119596,328.8028806895366,485.5330090505485,169.48486560842696,0,636.4320721805275,835.3433527021839,2673.332466660382,746.0761435081522,0,1244.2693746795255,290.6385797833104,192.0486097155723,159.62367733288957,0,0,0,1
806,132,1151,806,1315,844,1775,174,1763,711,915,690,399,755,40,731,87,573,188,485,239,319,237,529,335,364,474,143,627,289,982,152,1090,119,1038,66,820,1195,355,3722,2434,3567,3895,2497,3421,1861,3711,494,3350,729,2635,2054,1028,2421,49,2336,590,1971,1187,1360,1431,894,1599,452,1724,80,1781,72,1716,276,1544,600,1269,890,570,873,201,588,408,407,1563,504.8695684612324,275.8254673311505,745.8336128241699,532.5501470021566,0,472.3340396372042,736.7361337853858,3214.4603484807553,1474.6717256510906,0,1242.3498300576848,505.73450002652544,246.414213514093,400.61882201890114,0,0,0,1
84,2789,1369,1677,2270,1403,2238,800,2594,188,2432,1043,1372,1570,514,1625,121,1443,589,1233,1113,675,1132,301,1199,182,1037,348,898,615,779,660,831,927,604,1028,333,1105,85,1318,41,362,1212,446,2094,1079,2336,826,1585,862,1508,1138,1177,1415,47,1326,849,682,864,582,920,198,623,67,151,59,30,179,330,57,176,39,233,3,381,327,171,362,17,538,39,289.68473989248565,468.3373367297566,273.1934982722614,687.8096862318102,0,750.0363357864738,1522.2579045448126,1168.1574235999103,1835.0160428612483,0,150.83459607052237,689.5179377433866,80.29071910344504,216.05052401378404,0,0,0,1
623,399,212,92,1795,1751,1183,1342,368,2077,445,2732,666,2432,1986,1483,2007,382,1869,184,1581,697,1014,859,489,769,515,849,148,735,146,628,11,751,0,793,249,982,581,808,771,574,749,421,1053,323,204,573,532,1280,233,1845,88,1350,248,1961,517,1612,956,554,1310,219,1089,777,974,1006,435,869,44,665,340,275,365,165,310,53,406,185,317,83,275,209.82590858825347,357.89149923526224,67.99131518508968,670.8784973990862,0,173.53807939469655,1641.3437567836563,616.9870693384859,1603.336112961153,0,854.7389219702186,640.4004889758485,225.86173445508535,147.71977540661678,0,0,0,1
90,188,208,168,135,295,209,1513,934,1735,1810,666,2494,214,2219,198,2254,919,2080,1629,691,1656,253,1500,922,962,1170,405,1325,76,1111,587,674,614,248,622,307,758,319,968,199,982,181,1134,177,1019,525,705,885,524,2036,786,2718,2693,1686,3436,775,2650,338,2888,742,2560,1953,1336,2740,138,2594,1131,2461,1732,1961,2091,1308,2453,605,2346,47,2063,337,1986,727,166.22923244791838,463.8197545784319,574.9908412433074,110.1917622093175,0,141.40209510470487,1192.299247228412,3217.190282083093,1197.8197094703255,0,1629.1592590824557,324.9362995909971,290.574110565273,100.66385517290158,0,0,0,1
1513,1146,979,1164,519,1039,157,888,498,665,428,857,45,2061,1596,1287,2728,984,2652,638,2778,122,2762,878,1907,1532,753,1589,103,1362,355,1051,505,1003,827,515,694,456,806,265,807,109,938,81,1025,196,868,71,886,331,786,264,525,315,181,1126,2242,134,2395,1303,2002,1430,1378,1999,877,2499,33,2243,1119,1615,1538,1074,1689,683,1890,294,1606,157,1303,561,856,220.93280148845002,371.2507149059712,586.4564109749006,843.0126558940742,0,990.2553635300342,486.21620778902565,2307.640606604329,803.3641541357878,0,1811.3104212198007,417.32728102214287,404.12454627270125,369.06299559664217,0,0,0,1
463,489,558,258,469,77,555,79,595,60,408,48,551,170,607,134,33,173,584,589,11,681,327,98,359,264,439,93,74,40,313,28,567,76,567,202,646,473,521,735,463,976,232,887,19,1059,514,758,307,149,867,756,945,1076,1441,1010,1271,1526,827,1893,368,1978,476,1568,1109,941,1365,689,1425,400,1193,149,1054,17,1026,230,864,363,816,534,736,216.40550274306534,70.95059601529267,0,423.8054941389998,83.76595716743662,982.0513249493517,1125.1902600581984,542.941588900107,449.21165543375827,780.0456697565713,291.4741052735012,191.46582173897164,108.10149947278116,0,64.08596053692176,11,0,1
675,537,867,242,903,42,849,290,715,645,168,1621,449,1523,787,1042,2152,1126,2354,93,2216,835,1891,1212,1146,1525,143,1280,530,735,727,231,557,167,449,112,279,218,251,425,439,419,573,200,664,75,633,131,492,12,424,91,423,273,104,261,305,33,423,239,228,248,255,776,142,712,17,306,180,172,270,244,40,185,84,81,244,170,216,394,87,26.048929884174967,235.6278370349492,266.216038230028,338.00441303439646,0,239.98890078501552,759.1527981530211,1209.2864268769922,972.5840233326776,0,957.0335246268946,307.541049115964,333.70564389085513,96.15495105744236,0,0,0,1
548,15,361,78,362,85,340,279,144,395,175,692,63,702,479,703,67,856,139,1112,413,1000,252,648,186,897,63,869,237,605,488,437,646,152,502,44,595,69,543,143,548,193,637,346,754,343,904,529,736,683,731,787,501,933,21,848,409,455,328,36,968,121,2556,2237,1863,3330,1047,2588,105,2315,686,2094,1419,1128,2366,231,2159,1127,1752,1504,1027,298.78263230275604,150.01359583341258,484.37953789962233,269.9308694681063,0,829.6432878050663,556.2608411715584,1567.2070351131936,1437.4617420949633,0,1157.9368707753204,477.61755062770374,289.95244833846533,115.4278283356643,0,0,0,1
1566,331,1439,184,1304,567,799,963,448,818,231,876,78,873,171,740,493,644,1018,359,1010,166,1546,1164,968,1613,179,2015,305,1530,36,1436,495,1109,738,446,562,106,315,409,185,497,290,297,554,191,676,99,457,163,369,140,430,490,535,501,406,746,119,668,230,382,556,154,571,85,378,685,1935,607,1884,1513,2119,1664,1712,2482,716,2857,591,2288,1694,165.28841792792642,88.8251315619006,471.596568468613,147.29458554248924,0,910.9337297520606,328.79256961069325,1373.621425969717,1798.9472318375601,0,643.718528917198,849.3652488232879,361.875751257611,95.43154758081073,0,0,0,1
1093,1764,196,1789,415,1478,699,1149,923,672,898,535,854,348,973,140,1078,109,1162,337,1024,373,993,370,807,550,486,567,58,856,599,384,897,72,1602,278,1350,920,1039,1509,173,1621,532,1163,835,588,1011,262,893,126,927,301,741,364,558,279,348,336,318,472,209,649,128,603,37,625,258,393,494,24,618,405,918,374,1546,931,1667,1871,1446,1703,423,157.88224551686864,151.02874515889002,386.4856143423748,113.82039784796385,0,610.6211693840953,684.7910545806521,2033.3432990781585,266.17800728084507,0,792.1913437831404,149.00630322454668,242.64247788933218,62.39226894390261,0,0,0,1
1365,180,1224,279,1067,904,509,1127,27,1079,283,643,505,218,480,286,231,392,135,669,128,604,404,482,546,350,611,136,721,53,854,285,621,1323,386,2263,1076,1784,1917,1577,1727,1049,1998,168,1777,581,875,994,210,910,816,463,974,22,1047,447,836,668,388,906,7,819,87,769,118,808,162,682,552,463,765,273,1115,170,1090,709,1152,308,2560,1818,2221,260.40848558961244,87.00912017792945,490.853047392562,147.39914007490424,0,560.1783042032242,353.01766121432473,707.0305143631713,1930.0084400626329,0,422.3651337750851,870.413122113995,239.87556738924263,165.8920050865719,0,0,0,1
2496,1687,1803,777,1446,699,1412,267,1212,505,811,720,530,726,584,864,542,714,545,699,408,518,686,539,659,720,458,787,288,1006,199,1087,575,866,607,459,788,1166,744,1704,1008,982,1582,995,1527,789,1489,454,1599,47,983,507,207,438,519,357,246,389,91,294,139,442,1,395,26,732,89,937,230,955,561,694,2155,768,2084,1626,1390,2616,957,2747,504,117.61050405554724,304.42942234966705,146.7485892328868,0,377.34599692111027,614.9770610978517,1638.1347235372816,851.9247065362725,1406.0882667342219,582.5295582839001,0,754.3342992489673,547.4118444628255,307.5677571223898,176.9923448220189,0,7,1
2827,426,2165,1796,1146,2268,154,1961,760,1698,1256,1328,1350,903,1710,321,1478,78,1298,179,1373,374,1282,409,1395,799,1257,881,895,914,434,1011,44,364,449,804,910,572,1664,1018,1459,939,1822,544,2192,1,1721,674,1164,1002,662,1185,179,1131,182,1013,281,720,230,851,302,760,561,656,797,204,991,316,871,764,468,817,35,802,402,265,914,1609,33,1477,1141,143.310001562898,209.03180754928096,242.97024926593977,415.27611381389625,0,826.3116618443673,1591.0687018476253,942.277147800643,1567.9762102560223,0,413.79356420446186,1196.2702150314983,545.9396380724377,432.34090629196555,0,0,0,1
1385,1831,945,2691,12,2405,762,1608,1579,511,1475,260,1514,622,1213,755,870,672,680,628,389,525,105,512,100,470,99,164,110,588,312,335,350,63,308,147,337,304,314,186,418,96,501,86,550,9,532,125,346,233,170,427,113,557,34,718,172,658,431,408,800,143,1131,34,911,1084,2563,131,2546,355,1562,576,1161,472,720,458,613,760,44,885,17,235.90297746422175,203.17822812026947,63.00254305204636,340.5759008660644,224.65902369945684,629.7309466517372,1563.1143922962253,1008.8481744908743,424.61049667813563,297.52160905935904,356.9160445942845,512.4505324651592,285.3853336565207,0,267.1045765605657,17,0,1
1102,39,1190,89,811,73,558,145,476,39,330,65,353,74,497,83,658,352,661,583,555,745,212,834,639,147,1828,1205,1265,2406,829,1975,694,1996,154,2126,629,1289,940,111,586,239,334,373,161,464,27,73,156,133,43,268,127,243,352,55,393,174,571,291,462,600,447,654,346,872,1665,155,1764,1340,1814,1434,1269,2208,566,2154,363,1528,1483,582,1756,38.134667214065125,208.16940554610548,605.5907796057752,222.88509174652154,0,1215.3183656968245,761.192791947526,1199.1317147979096,466.8899640650221,0,1289.1266234328587,320.5940692009149,668.1138053326056,207.7725015684816,0,0,0,1
211,1553,812,980,1085,537,1250,107,1265,217,1140,307,1332,425,1291,602,1153,818,984,977,296,923,342,874,62,460,292,1075,586,331,644,158,1256,222,1102,643,1138,980,771,1254,160,1257,381,1083,588,789,649,661,756,380,657,378,562,142,786,149,787,380,829,578,652,799,619,873,388,1090,89,389,201,103,349,353,564,36,210,94,630,127,804,459,448,137.70115648812236,212.1243142238991,162.07081078368498,309.83560563089327,0,410.4427182933083,1504.8989371973269,265.74117213405924,1014.842751044487,0,280.07301206607156,528.4399664613163,108.562691180438,138.87780552310662,0,0,0,1
459,273,540,13,724,20,614,87,684,155,702,219,824,327,732,563,610,841,450,1184,82,1037,358,632,439,49,403,663,78,765,257,806,1116,1463,1246,1176,1528,648,1937,10,1408,550,698,740,242,455,109,382,8,126,65,3,179,37,486,196,371,347,341,349,13,496,11,633,40,735,203,748,365,1637,1110,2568,3348,1363,3865,378,2745,174,2621,729,2133,111.0309139322671,373.99848152074355,264.44683619556196,701.1352156919585,0,500.6671399243214,2047.351775422221,294.4166985310078,1011.7449746576558,0,731.77324718692,808.1890178786045,506.0552984462268,477.3414638330062,0,0,0,1
1560,712,2043,471,1835,1243,1639,1795,943,1930,229,1782,326,1490,922,1073,1393,616,1322,138,1305,18,1229,302,1049,722,539,884,594,163,1768,303,1695,878,2093,468,2053,901,1757,1421,1114,1336,366,997,188,852,480,540,551,276,267,380,461,138,395,181,448,8,555,319,399,222,654,356,663,480,529,470,306,586,38,526,1553,1451,1161,2446,309,2908,202,2787,1015,324.46962491309205,318.10024093598616,469.04770182394236,487.3033303946497,0,544.6603023903982,1422.6038690772398,1617.3996404756572,1308.7698261654778,0,1362.926362039074,431.34797016196666,517.4535732108726,249.17715953315252,0,0,0,1
2493,1963,1684,2680,149,2618,1156,1849,1788,1450,2070,665,2071,133,2119,378,2016,667,1518,942,1338,1208,1107,1444,595,1523,29,1263,208,928,579,648,535,1179,831,780,1673,894,2188,1240,1707,1775,1200,2150,423,2106,725,1474,1380,600,1731,161,1433,590,1289,815,723,1148,223,1061,100,1010,433,968,735,883,1054,611,1376,137,1264,649,1044,165,1387,246,2059,255,2280,161,1652,269.2248362653881,380.3604889877442,450.6735226558218,395.17357872137393,0,1120.7038078814583,1768.9528235514547,434.8639381577369,2339.1178048949896,0,543.6192320508667,959.428735665393,555.8114749385762,289.66917430294654,0,0,0,1
502,1621,839,1131,1410,198,1393,466,957,630,790,621,588,506,411,386,349,193,461,139,443,212,619,222,501,319,289,604,1,584,207,288,793,1045,1986,1,2083,1079,2158,959,1647,1128,1051,1474,421,1590,819,909,1152,266,1198,329,887,793,406,850,62,1039,427,693,597,696,618,675,819,375,1048,8,1089,334,997,748,947,1145,335,1634,55,1928,983,1343,1706,130.48625539602878,257.43036891110376,302.03807805455943,370.13846060963084,0,309.92299446798074,801.3847792933328,1772.7228210192259,1314.2102059713582,0,723.5923117969446,247.04650133984543,98.31929946822036,144.28616040467878,0,0,0,1
852,1767,48,1800,652,1352,1463,241,1425,763,867,1256,251,1277,319,1268,721,856,1104,491,1079,68,1040,57,956,263,914,574,829,854,398,825,180,578,162,655,2279,473,2631,1256,2739,977,2447,1579,2090,2305,1005,2321,72,1851,996,1260,1344,564,1422,100,1197,190,925,435,586,585,528,902,372,1203,208,1389,220,1174,662,805,1073,118,1161,212,1092,1478,456,2818,2004,342.26423182713995,290.9663329392038,501.64172260647274,434.9652448039705,0,916.2715495419467,1049.3646925758214,1914.656225940281,1752.2545280222694,0,1019.652066708312,499.4721097669166,260.7654748448903,220.52258093246382,0,0,0,1
1467,3648,125,2797,667,2521,1460,1956,2224,461,2572,1078,1819,1656,1448,2154,822,2126,226,2010,103,1934,573,1479,999,1133,1121,830,1174,522,1110,251,990,268,696,770,325,663,880,1236,1732,677,1136,434,1290,754,920,1276,482,1461,103,1200,691,687,836,227,835,157,712,328,544,504,302,442,165,488,120,496,55,595,136,828,38,750,23,767,205,692,308,481,473,262.6963567311082,193.15577630335292,330.307396230673,536.0044675751514,0,247.8944987287939,1274.8517887001542,2012.8339755196246,1769.3920046695036,0,606.6116786910967,741.7545493827625,310.981106196958,322.7285919728073,0,0,0,1
329,1716,1460,1162,1964,144,2096,253,1825,1121,1523,1957,547,2138,635,1762,1304,1075,1674,578,1777,144,1593,169,1510,361,1412,623,1138,715,1109,943,705,1272,264,1238,229,1062,505,767,868,639,1031,365,1806,2639,312,2636,872,2807,1098,2405,1717,1522,2173,522,2018,464,1395,937,836,1184,232,1126,620,689,782,326,997,195,747,586,725,824,505,1060,442,1212,118,997,544,131.65388447782442,363.0794886287407,90.87227932177042,730.912282422924,0,614.544030155692,616.8776308778615,2118.546901406743,1884.373033542375,0,1400.3323573634812,540.1754094661022,391.9422936138365,140.5266501586527,0,0,0,1
876,933,453,1015,1141,43,2548,2525,1258,3455,226,2504,108,2704,1263,2319,2134,841,2859,679,2303,1588,1763,1800,1247,1834,735,1721,253,1631,142,1236,442,1175,523,905,773,743,794,572,879,48,759,477,504,724,106,2074,803,2347,1436,835,2034,412,1835,91,2014,692,1620,1197,560,1135,101,927,774,524,988,165,1154,256,890,566,806,656,533,696,384,913,378,1167,149,263.17761841950244,236.8010610760851,228.45014589623608,535.9196802323808,0,479.88344939162056,880.5835313113365,2471.2070633347275,1551.9182811129824,0,1554.539577850411,614.5474958482541,472.07955014574554,275.76151527979454,0,0,0,1
1049,11,964,250,844,597,559,636,423,1864,927,973,1300,161,1424,323,1177,674,1043,1044,529,1684,552,1281,1026,649,1413,267,1518,298,1094,626,898,772,633,750,509,934,357,1077,230,975,443,757,809,342,839,561,890,499,2314,129,2706,1870,2620,1825,1819,1723,1368,2039,576,1794,412,1122,918,522,1007,38,651,135,395,302,17,400,425,281,820,20,793,218,716,297.9770588262476,163.86992679035333,341.74724658595755,546.6643553096349,0,465.61104475731673,751.6360158263203,2051.552868455776,941.4178598462692,0,1318.6449689628412,145.8161025334021,120.156834162295,257.579455640458,0,0,0,1
324,515,572,334,713,38,926,184,510,265,126,331,112,855,739,1060,364,1496,107,1551,697,1136,1494,189,1548,364,1586,760,1312,907,722,887,277,837,176,825,114,913,361,790,774,561,824,346,834,133,914,705,702,99,310,86,318,238,474,677,757,544,1398,363,1508,737,743,955,177,913,202,579,283,470,384,192,69,178,50,187,216,312,29,240,17,224.54664947038134,183.62791762044134,162.76016164130874,237.51628214199934,0,252.2739185885057,1115.5252011226319,840.9944550380771,834.6522045468588,0,655.5343222356097,745.0488054765298,250.18894039493404,113.61560074162749,0,0,0,1
218,166,472,73,413,96,766,377,342,1133,724,1557,1598,1936,1391,1390,1677,670,1788,65,1524,751,914,1173,118,1204,273,524,616,173,629,279,452,397,215,592,21,591,424,429,240,55,379,227,405,434,76,403,566,1142,1329,1508,2255,377,3229,31,2619,610,2127,1245,1872,1796,368,1739,722,1307,1282,614,1081,271,1011,106,820,376,754,619,269,442,479,619,425,217.64874924648475,328.8589698551431,332.5853016345992,853.733892827614,0,396.8449854792171,1336.9749150829657,593.3113482752441,2111.2495656764863,0,491.696436358176,591.2452280656715,118.42934624785266,74.33665090148213,0,0,0,1
