50,579,67,692,9,609,63,645,37,771,20,712,5,709,350,689,273,818,508,2358,370,4092,1391,2592,694,1611,401,1721,1046,1067,1135,675,645,602,465,405,430,283,505,372,389,426,276,388,140,370,5,295,223,341,465,438,566,294,760,122,828,61,937,88,813,131,780,218,715,180,691,214,838,460,446,62,456,937,1970,1759,1363,1026,972,23,759,382.7821360762882,236.10241074724468,1185.6418065692283,1142.2923230717977,0,693.5312718255753,1152.2056907933395,465.6102810014055,536.3424126359818,0,473.78912254045713,210.69723164294487,143.2579016516783,389.8995404933826,0,0,0,1
392,398,684,231,583,634,293,661,112,620,453,364,546,273,623,178,752,132,781,63,917,336,997,608,989,916,678,1158,432,1225,158,1138,238,977,747,475,786,457,2469,737,1904,758,1942,1487,2208,1154,1957,2115,1077,2762,12,2230,565,1514,779,881,968,441,1127,53,981,99,846,240,813,298,773,597,486,735,210,677,160,707,182,621,48,677,240,759,365,142.3332177881602,215.93506801354553,121.27593977641655,641.864980955264,0,740.9249422174962,1629.0192114678164,808.4585302477112,1367.8967530726054,0,620.6695319478432,582.1370847026382,131.58921419523253,41.965822356360235,0,0,0,1
728,726,560,1753,312,1413,282,122,980,409,635,640,215,1059,109,692,715,21,704,439,615,952,87,1064,289,726,348,545,338,494,267,476,244,438,288,398,470,198,730,3,634,314,451,485,156,686,56,743,213,720,342,117,765,413,224,395,76,771,868,805,997,350,967,123,1005,600,597,956,216,844,227,763,537,543,755,248,834,165,891,99,1065,166.55670294064234,184.68611766119992,277.80999954437493,132.20308997969644,0,250.55770293487285,617.7882324080244,117.449807397923,1204.7299141331084,0,664.4777414278317,447.9070779428852,357.3873484061046,140.98070009770842,0,0,0,1
159,1095,322,1189,280,1078,548,835,846,561,1051,1,974,584,543,693,253,1431,290,221,1325,2311,1344,1691,1047,1236,1819,859,2125,275,1275,934,787,999,564,1146,168,1182,357,799,388,844,527,559,945,223,962,97,987,540,744,884,481,1004,85,1101,201,927,555,671,573,1413,803,3353,837,2505,497,2576,1694,2483,1697,1347,1830,172,1881,747,1267,1282,369,1307,330,136.60395942422386,646.1672394451551,137.94493000041896,756.1415999375399,0,277.8787730288156,1216.4584740456705,1285.4187917946977,2144.1589982250657,0,575.9302349872348,759.1216176394917,382.17351258349845,145.9437976263356,0,0,0,1
962,585,761,809,440,807,226,815,345,1001,7,971,211,1150,635,844,1082,381,1176,75,1117,390,910,710,586,775,486,1419,1102,1753,647,693,759,395,812,507,393,859,242,914,586,392,800,37,873,365,584,493,447,608,165,759,36,833,118,980,296,769,420,671,479,564,875,473,838,297,942,3,880,417,591,804,416,2579,1518,3785,1460,1479,812,673,1034,454.3392057231126,475.2909315967901,471.6165651020874,591.8899107686179,0,391.27631221427146,1053.9062402697443,1015.8530693673385,1212.9476963662776,0,830.5149808879402,390.6017456400081,358.60250088798034,332.2946680380326,0,0,0,1
620,1164,268,707,896,69,640,140,352,184,165,369,125,426,335,432,562,297,488,71,669,132,764,577,518,929,385,1098,69,1043,379,866,776,575,991,61,212,1182,659,3310,569,2050,318,600,577,661,1078,280,811,1146,88,1028,598,577,981,211,1234,241,1157,600,918,651,775,718,459,728,470,826,451,974,180,988,64,949,442,860,703,506,936,306,996,324.96459706719895,207.71818522243507,242.3583133787781,352.114115206149,0,424.0983140735177,557.8003381968167,394.81900615356324,1618.785687123954,0,598.8432388202854,709.649992968351,76.23738540367707,211.1048374745679,0,0,0,1
241,674,2472,502,4353,454,2443,274,1653,960,1747,1403,434,1398,492,1132,643,964,671,686,668,211,631,171,601,468,491,823,447,940,276,1214,260,1162,724,822,841,638,1053,441,1135,25,914,443,198,1397,19,1249,1229,43,855,402,280,373,561,122,834,238,908,159,614,380,450,404,421,353,368,463,333,691,168,636,5,564,87,437,138,593,324,449,408,319.67414632924573,513.2015890459032,448.3284483267346,391.81429817536184,0,1043.5927558200087,623.8103008678859,1227.3004691322353,1340.7047747983793,0,403.52675764963544,623.5892771648215,292.0963415014748,146.45891909536763,0,0,0,1
632,712,600,848,324,936,94,1010,240,985,1839,1167,3439,767,2481,192,1857,1015,1634,1291,832,1304,10,1129,343,630,412,185,335,187,480,474,241,542,155,604,15,726,205,777,555,687,862,361,836,197,823,97,778,532,273,584,15,689,363,74,1702,501,2150,145,553,145,442,994,802,613,1137,234,1017,584,541,521,5,497,321,206,432,34,406,33,398,239.99501679816146,336.8369486907171,20.07034341425657,401.57641558494066,0,580.0285208504837,547.0615300687895,895.798055609073,1844.852969871108,0,438.08431022680554,596.2948028378883,301.74685878216854,21.770042517814133,0,0,0,1
139,278,229,307,299,286,576,214,789,0,897,196,692,386,558,508,308,736,36,848,458,2448,1296,3782,1484,1246,537,277,90,1052,617,172,572,227,186,197,103,619,416,459,487,457,585,197,513,38,547,189,572,266,442,268,382,300,356,688,314,920,75,1044,408,873,741,626,1017,655,1964,574,3351,69,1751,253,626,651,605,806,92,573,454,212,241,569.9514682778505,181.1332215090273,473.8438188190007,435.15497139125273,0,582.6919962553116,1434.2061198190647,522.4717294922366,1209.3878521040713,0,232.93317038222668,446.6019353755471,179.4369965600318,136.33026888888816,0,0,0,1
39,285,141,401,88,563,50,559,95,800,126,862,364,681,554,471,741,241,752,97,559,261,536,604,404,1279,473,3061,454,1258,48,804,73,1605,565,893,993,138,1004,69,1055,359,749,573,460,539,232,435,333,403,293,540,262,705,70,530,12,414,173,425,130,314,54,532,124,627,199,550,544,525,648,624,238,531,964,119,293,152,267,378,76,207.38912565636775,425.5063211846818,142.1439061154111,544.7801944058094,0,513.7218362109986,1065.821351019658,297.03716355774725,546.2552129246221,0,446.7249550100503,174.942497872863,27.421058516911202,296.1367420496125,0,0,0,1
712,339,786,933,580,1020,284,974,23,968,174,903,213,849,496,533,640,451,692,249,862,132,690,470,501,652,203,754,152,855,608,512,662,10,698,1695,820,3309,566,966,295,151,283,607,397,375,264,290,533,367,829,266,710,33,780,258,759,388,614,328,504,336,524,301,453,322,501,388,456,504,444,593,133,663,212,636,491,434,695,290,969,232.8052059348122,323.1630053491028,265.53557637282637,413.82551197498265,0,425.4550181864118,1285.4633434945501,579.8705599378516,421.5920302680892,0,211.7390375128641,224.51064851025873,411.0163211109428,239.67756784740865,0,0,0,1
322,725,619,166,128,623,293,620,78,520,484,564,465,182,343,158,371,101,418,315,252,479,225,472,144,622,150,610,463,390,752,157,803,63,794,85,954,486,635,679,258,823,103,696,2648,596,5150,2166,2090,1626,563,1286,755,1888,746,1222,1648,43,1276,530,898,992,599,1296,0,1190,396,948,851,690,720,542,842,388,938,224,1111,122,1060,636,734,335.5153764425931,365.13650081176513,375.9977340504161,547.1929295034968,0,499.9476822628544,248.54776109415926,902.1554582202886,1927.990087328245,0,862.0029852710479,666.9845607363077,333.8133103561893,343.2782109990255,0,0,0,1
826,285,836,250,837,1263,1435,1315,1290,1182,702,1716,2371,656,1699,145,1107,285,1675,529,1192,1025,57,863,293,716,532,343,626,347,664,118,671,2,694,105,781,260,767,329,622,294,650,370,466,177,432,214,289,434,119,609,519,1523,1241,1556,1311,245,1383,691,933,780,308,1311,119,1209,868,498,942,138,651,537,469,840,117,713,86,589,31,454,142,301.824965567292,203.72498248588974,257.9659266293634,162.78730402043388,0,356.353844514129,253.05193662968054,1655.4221793774805,150.14120081594004,0,1240.19353419042,634.3107050190812,89.64832173584897,236.8929152986937,0,0,0,1
297,282,263,485,113,848,312,946,754,681,1132,255,1168,311,946,502,768,522,2304,424,1199,286,453,276,655,734,57,392,826,116,748,66,561,451,336,573,87,543,53,667,44,784,264,717,650,660,714,544,891,327,1022,186,732,571,299,642,109,513,531,97,686,1832,1026,3728,304,1784,828,690,1335,1107,1509,138,1611,582,1041,713,477,446,41,370,221,396.93766957159886,182.32623075123743,293.37055477962457,316.42683256529114,0,545.3068975356904,630.0216603472536,504.1216819502442,1596.2541344492665,0,340.0752100896048,1075.6353900183892,211.30816125838902,142.58254293470085,0,0,0,1
256,463,85,471,163,558,46,510,83,680,279,632,593,560,744,445,910,189,860,205,766,110,832,1167,1033,986,709,352,387,3,689,172,528,721,322,899,287,865,19,792,349,514,391,343,565,169,552,105,722,140,544,211,505,352,238,403,125,428,208,649,66,551,272,620,487,575,789,89,124,601,1333,652,814,168,173,228,1066,553,819,986,251,115.83660700709078,207.41862451299394,183.2409865721664,357.9588466417248,0,571.8242955663917,175.59355385227536,560.4271783612757,923.7506269123769,0,317.7032052178999,386.25340031703945,220.81957068569656,97.86414964176687,0,0,0,1
1049,11,1142,229,855,609,523,763,16,902,154,782,264,799,210,723,164,823,341,804,502,692,639,575,943,263,892,34,647,236,583,600,702,532,389,129,2281,451,1329,836,404,1153,35,1193,647,785,1504,148,1482,446,919,951,370,1044,15,869,400,626,624,444,530,275,810,227,1026,102,1273,415,1112,871,692,1202,205,1132,271,920,739,1801,1381,2044,1788,322.90382640408944,267.79569303316237,256.7355855967577,168.50857408048088,0,726.8353957396407,931.1287635104075,653.8093848294238,1334.0059207572046,0,461.3574660034613,749.4671751685846,176.11409740378457,165.0420205645537,0,0,0,1
543,3031,1269,1624,855,832,533,1111,1136,480,1012,253,482,717,192,567,445,299,623,137,467,320,232,456,129,466,62,558,68,459,81,505,5,463,188,328,458,336,836,222,313,631,307,293,466,782,9,202,555,306,140,645,63,427,35,418,199,324,193,358,200,305,295,331,359,345,712,245,662,242,843,44,732,267,633,391,414,534,1280,482,2008,337.14479730616847,203.94741923103118,409.3485999811617,0,474.85449350106785,639.8339174395096,384.0416249159077,160.45054706790694,740.1597598569506,420.2173038230158,0,528.4411527920016,239.49305228494714,55.7735830099259,122.02185266088529,0,7,1
494,915,665,494,583,843,623,855,1076,513,1400,91,1295,247,895,189,614,314,372,576,181,514,252,713,96,802,198,658,538,387,770,78,802,339,679,795,530,1082,166,1009,278,1197,746,996,1529,25,122,260,465,281,121,104,48,278,646,130,428,114,466,58,445,323,243,214,322,108,331,10,543,15,587,97,670,103,501,188,354,362,92,437,95,208.05396390884218,334.7471539834216,176.96668254637393,521.8642608383533,0,463.8137988460456,692.3608749032821,862.837350513661,455.8519065497415,0,51.210064499492255,389.37610156713686,88.46947272261254,112.00729110403313,0,0,0,1
431,482,264,478,1516,1510,4065,1403,2968,10,1627,475,1641,1024,884,1691,103,1423,608,1034,531,691,620,172,677,44,655,287,514,356,632,480,420,493,402,662,188,640,22,488,65,666,11,791,41,928,271,344,431,1559,1189,417,647,169,141,939,204,530,622,113,793,276,814,416,691,563,447,506,290,292,313,347,262,470,18,461,21,440,73,362,112,154.35743833334686,443.3682908054535,266.2664743713885,345.92291157975814,0,273.48208350822546,719.5170050755639,1659.8670919736328,581.7307002949432,0,950.211429955104,306.8586452709876,349.13320102813435,195.28872828851843,0,0,0,1
428,294,465,332,390,502,142,634,148,716,988,1875,2196,1855,2000,252,1975,1419,1116,1003,610,1386,177,1491,584,624,728,39,530,477,338,672,57,657,50,728,275,504,370,636,515,630,877,356,1056,193,1220,115,996,404,698,558,635,979,200,323,2532,743,4270,1031,2176,975,1141,1482,1019,2135,668,1411,1488,641,1360,61,1165,677,761,773,449,917,65,852,258,415.25085080343416,275.23067949528837,435.44379882646035,496.44565131285447,0,532.9451191257876,691.9752173644321,534.0699116507518,2306.7538882011663,0,995.7376423510156,646.184026453252,247.05656776401986,180.19250687268243,0,0,0,1
585,283,413,446,415,642,251,1035,85,966,430,759,799,372,999,181,964,1275,2125,2844,1748,2452,564,1303,1049,802,723,601,1321,259,861,736,35,527,660,242,917,42,1021,264,865,414,745,452,648,612,579,902,325,1192,23,1185,221,1171,559,859,689,442,880,260,947,157,802,1146,961,1077,798,127,339,193,751,348,562,668,476,973,12,586,545,128,420,266.84320782725985,295.96441556206554,178.9842983401382,190.14942190471456,0,594.7344806718373,639.8138592736144,647.9576559280295,1773.0033810563955,0,731.9794568628936,494.66541575332997,325.27943326859724,61.32360816350359,0,0,0,1
376,82,326,146,123,329,122,386,166,644,122,779,91,885,427,759,826,395,1015,56,1010,373,50,1459,1705,1493,1862,387,1342,916,1061,979,675,1484,315,1055,929,595,714,160,589,150,526,394,355,483,373,507,324,483,389,767,33,637,323,502,387,232,540,72,532,66,575,110,676,418,793,775,54,1551,429,2036,416,1051,646,60,979,415,630,979,93,81.93675128637922,155.6622691016816,138.1800138377391,294.1126687810266,0,347.0391620552355,211.82942153387845,823.4801425656219,1201.289679385444,0,1063.9301445993835,300.6887938106319,626.6561020552199,206.65427912702935,0,0,0,1
1157,695,587,758,17,814,399,645,777,307,865,36,954,128,885,593,737,676,659,935,298,1117,265,830,394,438,356,205,28,1722,1447,2850,2268,327,905,632,759,517,931,1275,223,1575,635,957,690,310,865,109,849,212,828,378,668,510,549,444,440,729,25,867,295,908,309,780,317,909,385,930,401,614,470,451,956,1141,932,390,1150,2167,1370,1908,489,220.9713770858341,287.57075452222597,222.9691460641586,213.3649353873726,0,543.2220218290124,764.1789283442737,781.1879526095333,1069.140374057312,0,1228.676709738269,52.9595972939241,708.8462244551174,449.0810457159978,0,0,0,1
1270,157,1791,559,1190,1220,101,1009,238,864,387,663,687,272,690,129,832,140,793,171,753,330,608,380,564,496,181,420,283,372,168,508,48,413,124,368,326,230,527,819,372,1049,808,434,816,633,1393,289,1212,639,592,776,225,1002,43,1027,334,964,476,530,569,242,690,147,635,221,916,515,837,802,681,847,378,911,240,896,179,1017,197,988,445,129.4228842638035,338.2124851280308,208.55873148870924,528.8357757096055,0,45.96631919133835,1178.7580210737542,697.7159863267548,702.0184807992376,0,393.9938061790537,295.78187460246914,325.56304318616634,121.65555365600788,0,0,0,1
899,585,212,1692,1200,2140,580,611,638,304,805,684,97,1203,630,787,947,183,885,211,991,464,626,582,368,571,224,556,183,577,116,794,152,736,392,795,779,578,1051,230,1112,31,995,385,784,1329,2265,2529,2701,2240,611,1357,247,1056,68,62,312,178,314,227,422,337,418,542,141,651,74,804,71,647,309,490,368,517,580,220,736,210,661,455,1191,50.286563960301955,367.21154955206595,53.828522408456585,423.94291669562125,306.5571304097982,880.8657468771308,725.2995735147879,1260.8074399611148,572.5210931186455,0,715.6989886585415,555.8790435220669,431.59419263537455,305.6760457384118,260.006925116641,0,10,1
1572,3992,1308,2795,378,1293,214,1871,1100,1607,2039,41,1613,613,993,727,517,963,110,812,474,443,684,72,678,68,461,171,771,483,736,687,790,949,530,1167,25,1115,452,794,675,518,791,1600,501,2550,415,913,1021,18,519,377,408,443,567,126,423,200,297,499,280,424,358,230,347,199,407,143,358,91,733,78,550,101,623,292,340,391,229,426,302,340.71478029840046,264.50002495845564,387.78540964687477,193.21318043902656,0,1100.7725798274594,381.04515731191617,1283.8527330818729,1121.0323185334162,0,906.396481859614,489.21976860712766,398.9398649450414,241.57965865698156,0,0,0,1
652,39,644,109,1459,42,899,14,885,916,908,978,938,359,1153,88,945,193,632,355,322,494,60,566,170,347,357,277,526,80,476,22,618,187,583,240,499,482,464,613,434,836,167,1031,248,808,784,1345,1337,1483,1442,524,507,571,254,656,225,432,110,473,236,854,639,859,902,145,749,158,554,136,571,268,403,128,491,117,544,149,572,419,397,239.8035263393701,300.31645027649836,194.55727488296563,179.98767778255493,0,659.8888126040629,705.8023395137061,859.8471427033636,740.3045513686261,0,386.9663723680424,385.26395686633043,349.2980896880355,74.17374217697635,0,0,0,1
691,154,711,47,704,358,719,416,539,724,79,1408,33,733,788,678,279,544,246,538,116,715,426,371,309,48,183,154,75,249,227,208,380,233,415,163,647,41,752,108,935,185,847,396,729,583,591,767,109,699,339,446,454,628,1458,2030,1655,1905,390,1632,404,1485,695,686,941,55,1048,347,430,350,99,424,203,597,524,261,480,136,562,113,408,238.36792055070114,9.420859441666003,595.2879931402864,0,181.66309814786433,439.599403944286,277.92815653089644,755.028993079765,916.8090264911922,0,990.6473590229045,134.8052097510476,243.05178903192515,147.92125826324616,74.70609519852108,3,0,1
252,362,365,280,642,58,751,85,799,123,920,193,822,358,660,597,400,275,678,662,1409,1222,408,517,292,68,420,166,52,474,484,318,467,14,460,198,554,317,405,365,279,439,171,402,39,357,119,475,69,428,48,472,11,499,238,393,512,289,663,14,571,251,420,585,626,1658,1771,1843,1629,49,1479,497,1739,726,1153,1437,156,1435,396,874,559,236.31389825802455,268.1970801112873,124.50463089672033,237.52940947214756,0,677.6925445952611,525.7301101803517,697.6931905980396,905.1701433999483,0,999.5082486712481,397.26012533065676,297.0030470296295,91.2137826522868,0,0,0,1
592,735,140,813,346,495,519,367,799,17,735,337,621,553,427,1055,270,1178,98,1005,438,789,608,262,593,77,320,16,1227,747,3390,851,2033,314,1217,535,1476,1548,469,1494,815,940,1130,371,979,259,798,632,434,744,143,692,47,765,177,397,185,569,374,574,604,446,959,193,1161,149,1055,230,884,235,733,528,332,172,603,739,899,597,816,232,531,355.61761337405227,166.11997865734654,539.511623703643,365.9558096601344,0,613.3831592080109,445.96587069512634,472.91277846830974,1485.4386474768364,0,809.3766537998948,602.7177886456959,105.76303768362644,95.23413257584585,0,0,0,1
481,151,806,1167,187,1107,376,878,429,629,403,449,580,226,429,243,364,380,618,352,659,259,770,7,789,33,799,314,553,476,335,525,209,952,1337,593,2605,234,1055,619,254,552,1001,98,921,303,388,470,187,452,428,430,120,279,85,113,258,151,274,269,331,523,306,703,89,570,38,477,626,24,774,390,343,454,188,348,168,15,252,89,507,349.27480557646004,187.5135268336681,313.53683425887095,298.009717983365,291.02961531312224,1021.2954327193335,509.64965918160095,172.75333256651047,257.5849158832525,0,182.69569364843952,186.85609460927333,134.82533010838998,293.0051194092008,127.67645878335013,0,10,1
330,659,407,822,554,777,503,758,732,521,849,266,781,45,992,279,742,467,525,626,346,611,218,573,95,804,205,674,622,432,794,5,1172,465,720,1407,261,487,499,416,227,1041,662,638,901,235,686,332,584,489,272,713,185,609,273,613,390,525,445,716,470,641,704,476,861,267,1081,87,1085,456,874,607,592,755,343,927,725,2560,1919,3423,1585,465.09973136976146,207.20951690859349,540.8870541318473,131.29345956150766,0,517.7459801871956,724.6388711098421,1024.5484679173808,906.1258868410669,0,429.82612347890847,516.9995023001655,193.2631124353876,282.9973107914312,0,0,0,1
891,521,411,341,988,774,39,411,266,36,233,200,469,597,204,410,287,459,86,722,263,513,404,370,415,206,467,177,530,130,869,124,834,433,904,868,684,1166,440,2,423,836,849,312,548,3,196,791,92,477,520,52,761,274,754,700,161,828,32,701,237,580,279,475,195,635,184,592,269,775,459,583,531,385,734,212,916,47,722,273,519,154.4516651181685,93.20800879144147,173.5187216583236,95.5883435980485,0,104.71796646230294,914.6218548512454,576.1738425406689,542.8492302347546,0,459.70922813178936,365.9746736267047,119.08809733123013,192.5721037209272,0,0,0,1
371,619,447,1845,617,1394,290,1477,445,1661,1181,889,1546,1,1329,354,941,340,596,628,164,532,26,479,149,520,270,500,548,358,712,168,742,32,885,247,896,445,676,525,628,738,432,956,124,1202,478,1018,62,167,1501,635,991,445,173,584,30,404,212,211,366,653,46,621,46,615,140,570,413,372,480,363,710,241,654,9,720,192,624,405,401,282.08465931647436,162.22869529545707,113.23300121634489,406.7784863535887,0,532.1221711223842,562.2925635352574,963.1913016612427,899.5203354430762,0,855.1424577081178,175.78178637600652,428.82809053308597,113.11086125946689,0,0,0,1
549,354,693,119,677,436,561,684,459,1421,629,2289,7,1657,648,140,410,308,285,240,242,61,678,449,592,975,115,961,450,778,652,542,697,467,731,421,757,301,706,232,842,258,963,78,1153,331,955,495,745,749,561,818,293,755,174,1732,2,2554,464,559,1009,505,1112,462,448,930,27,1259,770,673,1200,221,881,662,512,799,110,883,151,825,381,199.2835224420004,307.33636338148074,221.5483936856908,337.11922083013917,0,330.08209963583306,1102.9491855430854,654.3106265245409,1104.728522239361,0,976.5405567047821,90.92404526136907,487.7311971142429,35.70655985754787,0,0,0,1
633,532,460,563,257,911,48,933,325,926,573,705,981,462,1286,76,1266,481,830,2320,463,2815,1245,541,858,36,744,223,780,865,232,1026,499,284,637,336,730,652,609,1003,202,914,74,917,76,630,267,542,392,567,690,432,735,125,778,171,526,580,58,704,1086,1948,2211,2713,1574,868,1197,416,1137,522,798,880,59,1195,580,582,670,44,576,432,347,278.3756233441597,296.653010015128,207.80639588929694,477.4087708034591,0,254.36517057175888,454.7504181882491,393.3720778172396,2011.6688922005885,0,322.58741925553267,884.2732053069051,165.85224487876735,166.67049532350308,0,0,0,1
617,17,603,103,722,321,496,433,734,545,680,786,413,1168,149,1180,159,1001,495,731,844,449,2674,2291,2682,2051,145,1099,658,940,269,965,994,98,1386,528,804,678,344,629,103,569,29,616,263,534,302,477,361,304,312,185,355,10,379,131,377,94,392,248,389,207,526,348,506,1110,895,535,808,923,585,728,572,435,132,811,350,383,498,166,525,384.9099671368148,23.642730017805157,471.3378872770789,323.76595553229885,0,248.3386649315809,112.83615510175832,1138.799817484749,1134.723394520868,0,885.3386974712942,204.45577042468997,472.9369996359161,257.15051709895897,0,0,0,1
81,283,119,206,116,451,96,522,66,622,176,616,416,449,558,428,750,8,740,336,572,194,2313,923,4796,1422,2211,1135,741,1488,1037,2154,31,1502,900,992,1248,543,1272,4,910,303,634,420,409,653,124,779,143,632,417,518,642,284,937,92,982,337,935,527,604,658,334,636,1971,833,4440,955,2648,509,1866,303,2317,1390,1147,1590,74,1315,481,741,711,35.65411001816131,631.940701131457,129.63442346528663,975.0918479596172,0,562.1228535649481,887.6546663572852,1102.5349667641092,2151.49406106842,0,684.483123599225,718.3429734227785,476.8065897993801,243.46635132802768,0,0,0,1
140,804,339,478,405,329,515,34,459,126,367,267,515,173,551,106,668,147,583,122,465,405,390,422,342,494,270,883,1148,879,1258,678,509,953,883,170,38,74,238,17,315,217,186,215,688,46,635,199,452,288,148,304,92,440,150,463,350,264,692,185,408,254,198,55,296,109,651,40,692,284,668,537,329,1505,783,1777,1391,640,128,33,132,277.507502026327,153.75282867543936,96.69868127011794,353.9049923293155,0,92.14316306704475,940.2451148503504,619.3822709961421,337.18114553705914,0,417.33817885494665,309.00719158996293,101.6419064755076,241.24671200256972,0,0,0,1
63,6,262,140,450,77,571,326,511,338,323,297,400,211,356,33,533,130,411,155,317,201,210,421,69,432,353,307,547,44,744,50,493,906,1874,952,964,98,388,5,1071,365,864,950,21,1037,245,659,52,485,405,268,491,119,584,130,552,354,478,569,381,793,216,771,77,915,52,912,239,766,467,617,591,269,686,735,1533,689,2544,127,1146,300.5142088192044,153.19488719524333,164.48898994864146,94.02215288747038,0,547.9180709741194,580.6191931063007,944.4714336673972,651.1253111526449,0,419.3656119803328,277.38171106354514,262.4286122784542,79.97170081999295,0,0,0,1
282,778,17,806,53,670,151,469,40,387,83,566,217,389,360,196,368,35,328,100,339,124,447,80,322,120,597,175,541,610,385,898,183,984,252,914,569,1391,362,1899,508,683,989,397,553,257,23,102,282,317,205,59,160,384,120,526,149,606,314,594,484,533,569,409,771,225,800,120,1000,27,982,181,765,460,483,642,253,650,85,726,468,257.15012591342725,224.57691438988073,185.65100622383306,151.76452848849993,0,267.5032429709965,1080.0657701020932,426.9265924229797,583.458281582299,0,250.7235619306409,117.77311001025645,131.25466808721194,136.56179193347987,0,0,0,1
632,2126,2996,2953,2754,1755,2445,609,2522,140,2595,1599,1264,2174,97,1773,446,1421,1044,949,1378,444,1432,77,1079,354,842,357,707,811,509,969,316,1215,236,1142,854,772,1200,209,1118,567,352,1693,950,876,456,142,564,369,200,497,88,366,591,74,352,98,405,135,525,5,582,134,780,297,549,432,831,477,786,699,521,911,357,1077,70,927,79,886,469,415.96017158809514,432.18126281599575,647.5010875139667,638.774422831947,0,863.3183899929389,1074.1707671595916,1304.5152848158377,1580.7402811671823,0,911.3582837849395,668.9624554792742,381.97799002959965,275.0790889583935,0,0,0,1
866,827,337,791,258,2155,435,3220,834,1136,919,249,618,41,342,220,253,966,583,368,743,194,695,305,476,637,87,703,218,572,483,258,479,335,468,387,736,191,867,99,904,351,823,712,528,715,89,2116,100,3271,530,1181,950,212,590,124,397,266,85,494,281,10,449,473,141,462,21,436,25,491,158,531,205,536,113,583,17,583,172,692,564,130.90490579756263,459.9098566034954,227.89277160653592,540.9501182053766,0,234.6965381082559,802.8264243623328,331.5745666277538,1429.2744242794884,0,352.90585611143774,843.5012873983559,282.215394135353,67.20423748323414,0,0,0,1
475,865,152,651,49,534,383,685,1649,1122,2275,1076,1210,121,300,316,136,184,220,209,499,81,353,438,81,361,158,165,261,94,317,191,352,428,253,742,204,746,58,808,62,873,479,676,662,385,863,118,611,351,2434,548,4668,1648,1962,1116,491,612,708,802,137,711,562,102,330,319,280,419,312,520,730,317,667,334,728,32,634,113,589,187,643,367.65351769706257,408.34067798597323,458.14059002910835,561.0862654167643,0,561.7902811548096,1096.1450956401095,604.6643672168368,1398.193329638214,0,176.37300917148065,612.3180963583021,109.73017167549773,286.2128117197215,0,0,0,1
490,500,678,356,860,85,752,277,598,579,225,1473,161,1240,736,260,121,254,913,193,384,448,74,569,376,413,127,127,266,24,359,84,418,23,507,64,694,315,558,478,450,504,420,655,268,855,114,782,135,473,329,1916,1138,2256,1346,554,1811,281,941,3,471,129,415,507,60,168,289,273,293,511,137,562,149,340,199,345,390,129,477,21,485,134.34072094848918,192.79981769029894,69.67992448220944,339.8376356031291,0,537.2405285228659,459.3546572308354,957.9816947052196,393.77225889768346,837.129904694345,310.0014728743839,0,216.52735815747337,173.24855985566947,179.62607107995098,4,0,1
24,607,330,557,539,479,650,302,948,201,1018,603,1711,312,2470,867,1334,182,167,225,217,361,742,461,220,404,90,214,444,389,245,372,143,231,218,252,352,374,241,386,429,427,442,641,334,759,174,815,160,598,211,475,531,202,811,43,903,329,2273,445,1448,565,836,670,1244,1225,739,1443,114,1502,282,961,439,692,606,429,793,125,784,251,603,172.97004609330367,379.01200985647193,274.3389675948385,451.92738982783476,0,1006.3814634620414,495.5566402210534,819.4847353556672,923.7362038684338,0,457.28799864279904,232.07009522741401,129.72995065927054,175.2158442971487,0,0,0,1
593,436,646,254,775,102,772,163,587,606,282,733,66,813,210,715,427,569,887,1128,893,420,91,1362,420,1123,652,305,821,79,618,337,6,573,430,472,733,89,784,302,638,220,742,333,561,485,610,539,459,715,261,773,142,811,107,602,202,430,456,398,830,35,777,875,2710,2486,3453,2870,689,1610,406,1256,257,1242,1008,404,1270,325,777,423,283,381.8783993992186,193.76339678165556,416.7801054042973,457.8974985696773,0,423.4880901513052,790.3064786906543,927.6246097693073,1422.8487424173902,0,1003.5600119285295,456.00436814026455,447.59775749796694,269.30404601176735,0,0,0,1
482,66,541,212,433,498,214,677,21,685,172,539,260,525,226,602,443,476,436,577,432,561,684,215,842,867,2029,1442,3009,1188,850,766,319,859,5,687,800,136,1161,684,533,922,45,892,209,586,582,215,548,96,457,119,444,163,583,153,643,71,773,455,557,828,237,871,82,711,430,578,954,57,30,1105,1782,1360,1296,244,496,474,1459,299,1066,425.7351014864552,118.28644782013012,482.49388952738195,105.75571114114662,0,687.6805399311515,353.4058115621088,785.4997292615166,1152.4300451345166,0,66.86668759588332,956.7248717888148,199.82653919066337,161.31663977142225,0,0,0,1
1091,426,1325,52,1268,377,938,704,609,788,205,1093,102,1054,312,1007,483,605,523,509,604,517,980,258,833,122,1097,68,1120,483,646,230,560,417,1126,1349,583,417,531,696,186,558,300,466,824,523,1097,89,802,515,650,636,439,907,85,858,29,824,8,781,202,761,404,599,857,137,873,241,835,540,601,874,370,1007,329,1164,1262,1956,2032,1639,369,276.38039924114264,447.88262697338337,480.78288735270047,415.6387220960327,0,430.86081859458983,1266.4780720929716,709.7516566039511,945.7199577458356,0,236.64066845963066,419.30072454793327,186.68785417774427,139.43572850478444,0,0,0,1
574,81,264,408,8,239,141,167,127,536,110,736,150,649,340,503,404,423,490,365,676,311,754,150,817,26,790,21,921,208,759,567,472,630,172,672,105,622,1015,2536,832,1458,36,1081,475,1441,962,578,1306,547,1088,779,740,945,161,1025,199,713,218,503,284,454,406,500,503,323,592,320,757,97,1046,216,932,513,789,570,689,802,543,970,274,137.6881299256956,254.0803477049488,237.89780995192547,325.9000343814041,0,380.5361809342182,797.1642230337716,899.8987435151117,937.4089524867354,0,590.514349406431,600.6939599668199,133.55871666406262,62.017293062549314,0,0,0,1
827,746,159,1463,199,746,60,387,421,846,237,815,117,895,268,936,570,653,805,452,888,91,856,109,810,331,590,452,468,535,320,639,186,697,143,787,94,892,367,640,715,288,773,205,270,993,32,825,615,76,124,270,656,101,609,583,19,644,32,537,244,454,726,1,625,418,514,550,377,479,486,465,406,443,572,504,474,915,148,817,142,249.93653196340716,33.197277141310224,138.07725134485838,202.5202647461795,0,365.42464339450345,978.7393286228049,636.4439099629236,717.4347055174156,0,205.27628669230114,394.76803052324465,117.23120075491346,122.00310079712376,0,0,0,1
930,379,705,682,496,913,51,545,269,1143,1252,1308,814,1058,183,489,419,149,594,793,210,510,106,280,120,83,350,231,30,329,179,209,127,389,329,373,355,484,479,326,634,67,666,405,1718,543,1975,539,232,889,716,703,227,94,53,163,22,250,310,87,685,219,430,445,141,547,36,679,87,609,3,703,127,477,164,469,402,386,624,105,669,236.17152512290457,137.26776652698865,188.57768886399768,261.2801124607243,542.7190626801942,462.9015858828822,515.7167156777894,0,268.2026822180162,465.53011028559564,371.4850819066079,382.3133504147571,307.47389724369873,309.2406992608014,165.4957755701608,9,0,1
219,486,493,416,880,125,104,2085,1506,3099,1284,1156,929,193,1502,261,1709,638,966,1451,649,1429,168,1055,257,802,574,345,937,51,821,259,752,427,490,583,348,522,242,750,191,793,229,858,49,965,172,819,570,479,703,1566,279,2367,309,442,1111,234,772,166,246,77,237,178,26,135,154,495,13,565,193,570,514,421,700,142,606,88,806,173,746,314.0129743016896,54.83628489737208,223.9118312891941,74.02636101568075,0,805.6900768906119,684.7329341226845,1221.7400116744457,732.5247403869064,0,1073.768854511172,432.8944067214291,100.97346022821934,323.8071675046685,0,0,0,1
317,680,603,535,776,334,885,41,1037,271,976,501,1088,95,1195,258,600,578,181,626,229,298,431,154,228,175,98,463,220,595,470,384,598,127,517,154,553,332,587,491,429,564,236,521,183,209,72,389,109,409,7,391,66,426,218,428,490,176,472,427,581,642,1749,99,524,51,395,235,894,742,440,974,236,826,313,577,457,453,501,197,549,190.21225828298785,231.4140083550562,72.55169606908491,394.8571225533447,0,750.180246674091,195.51975196063694,124.03396129139797,888.7935283858051,0,342.57844424332546,259.3317305786382,133.4897695478779,207.8891152740081,0,0,0,1
120,583,105,602,339,634,396,544,845,166,906,196,793,367,660,564,572,945,366,1060,53,912,528,466,397,1363,2249,2471,1932,1132,1376,173,1618,18,1800,1084,740,1849,196,1334,550,897,825,355,963,220,913,471,593,706,414,649,349,809,39,857,286,802,529,506,931,293,826,24,717,323,522,651,501,481,259,1850,865,763,787,158,528,1062,244,1086,635,478.2945354779264,110.79571936653538,568.2818883545882,349.71570387895383,0,690.0880523527414,781.299476117831,449.91251763763853,1546.812116403344,0,654.8489740805617,646.6125985702733,121.18921433572669,171.31374738444143,0,0,0,1
77,606,28,736,16,832,411,423,604,18,586,183,560,246,853,564,603,799,397,720,245,728,3,731,71,770,204,564,490,501,591,265,1633,698,2733,871,463,1504,1307,1115,516,333,554,175,1066,677,452,944,419,407,665,143,643,22,560,211,236,203,147,37,216,222,302,417,276,635,27,903,304,811,589,522,739,278,884,208,562,941,781,1609,1543,220.04804729887175,140.41492244945988,66.11487794063639,141.00855087887388,0,131.4367623612207,679.1207855763122,593.7264302101405,1173.6080946472373,0,251.1140866356992,877.2992215571223,102.80622031697597,260.72934253364343,0,0,0,1
876,703,612,342,288,320,46,383,675,306,949,313,827,625,342,674,4,585,45,639,200,743,357,602,466,505,602,214,496,143,536,7,747,365,600,530,428,600,276,2024,1677,4699,1005,2633,729,441,558,958,797,58,1066,853,422,858,167,435,539,38,578,97,586,223,364,223,490,351,269,441,183,504,143,668,51,715,190,865,314,591,312,529,412,395.79508317908596,336.5178854364492,434.3210444497179,355.03388871196034,0,608.5868980679752,603.9903650070113,1257.9392665704863,833.5460876790396,0,688.6335139405252,586.2181792056116,377.08838189291964,328.615409836771,0,0,0,1
306,507,667,206,542,184,279,575,305,387,177,60,280,353,236,422,273,165,141,116,224,29,527,125,497,267,462,368,252,673,36,617,174,466,254,238,272,202,328,268,691,115,658,419,730,662,582,1515,1040,2328,146,1086,1138,140,1075,22,921,660,637,777,16,396,382,102,707,660,258,931,17,802,248,751,261,761,342,656,488,562,771,384,961,149.83292134820675,177.3699842068534,149.2027254055964,142.17826067859448,0,325.83763211145515,750.423988370135,365.26189433376305,991.3735911368755,0,561.5226978190997,451.3418500453695,357.9520468871879,45.05764091870352,0,0,0,1
190,1166,267,958,696,500,687,250,708,1211,487,1920,236,715,71,17,4,474,133,891,318,510,432,419,543,500,717,235,803,18,562,94,583,327,515,495,347,701,220,904,159,742,200,681,328,597,701,391,907,183,1093,43,964,1558,1098,3070,162,2318,1169,1520,927,1096,856,209,1138,621,519,813,292,533,817,61,742,384,459,453,160,510,111,464,106,165.4923869695351,274.0181078152874,366.3342733834435,126.45915588792175,0,736.5483368387985,690.6013723163078,1030.24114059106,1186.7629070311964,0,746.2314915162598,489.6885713006084,233.66343149939163,183.54652833879197,0,0,0,1
597,127,602,91,750,182,777,574,421,943,61,871,362,650,564,664,63,81,429,1654,1257,1953,683,1350,187,1482,958,744,955,181,742,610,529,686,65,634,272,552,490,400,549,220,589,146,817,131,924,283,832,310,711,581,510,831,309,813,284,1019,109,155,179,1025,435,353,358,925,27,1216,401,636,1058,138,1033,299,749,646,594,778,363,975,333,89.15889227572106,329.3343186437853,84.58219122655122,386.73772770415985,0,341.843421759144,151.17715826544114,339.1959373828556,1581.1893438407694,0,604.7781610346995,347.09177438969914,196.42036728409016,113.46275689137128,0,0,0,1
1208,3,988,32,902,258,765,552,519,555,297,761,199,820,35,883,450,744,937,315,920,7,1201,185,1172,938,207,2045,493,987,321,492,728,2,521,614,159,428,347,221,588,80,828,480,508,643,461,544,319,896,147,1064,122,1061,369,782,527,736,674,635,922,131,708,31,822,305,663,801,2609,629,1928,89,711,367,1085,1298,372,1650,552,1181,848,138.89130421490879,252.57836905432205,221.0546111157965,297.4702755282691,0,429.5870837211007,416.29955009615344,491.2894118092232,1731.1288846152752,0,180.5779817644085,766.2984947138533,46.61329072065782,141.1962584787503,0,0,0,1
723,824,230,840,87,737,387,587,574,154,718,136,830,158,562,358,321,675,221,907,88,835,468,721,849,373,326,742,345,1293,903,827,96,895,913,526,856,507,814,1052,529,992,154,731,430,486,580,369,841,67,919,102,870,347,784,348,709,539,507,694,288,673,92,740,104,820,126,703,222,597,507,568,896,908,1221,812,265,778,190,484,406,215.78754120208697,97.87536684522107,193.85493665472828,212.38080340557227,0,471.12294043062684,796.9106132431889,466.980150364725,1142.9291132918272,0,453.63300300440216,314.322739377919,185.93959011267302,107.72287168455756,0,0,0,1
437,166,380,251,225,139,325,312,714,113,626,230,348,369,301,577,148,778,110,646,315,499,557,393,673,274,836,149,772,531,616,851,248,432,1311,503,2180,1051,707,975,53,1081,250,884,1203,160,1337,868,656,1041,70,995,140,907,347,764,481,578,549,664,583,310,812,160,718,53,707,388,412,578,275,526,252,719,168,658,374,527,581,719,1041,145.5595387622716,103.62535745014674,279.34598442886625,110.66739832412276,0,245.50821778506725,542.1193434760581,339.03470786476436,1228.1979949336223,0,639.7804065429573,617.2359453657484,289.7052312752718,228.75159052682366,0,0,0,1
2152,525,1778,956,1009,1149,790,1043,422,1737,647,1233,987,354,776,114,636,497,385,692,117,627,77,640,6,632,4,830,158,720,347,776,538,714,810,357,844,107,734,36,510,1214,641,1833,429,1095,1006,398,1120,155,950,924,839,1236,238,1314,440,1052,1174,313,1221,160,975,411,721,453,601,557,307,742,56,609,137,809,502,670,827,457,1069,184,1248,221.02281005048565,91.16281006961229,260.1052312216723,338.40604564358364,0,378.1984961630599,555.7662804907917,913.7789740165617,1299.1884750302197,0,1007.0337589790985,500.52973378727495,451.966268472004,105.41644278392164,0,0,0,1
159,1118,698,712,800,972,87,1670,379,896,424,1372,878,951,1129,257,812,716,467,621,52,508,424,259,647,28,514,47,279,67,406,69,558,267,620,492,512,710,228,664,90,617,452,391,625,20,438,246,1213,134,1396,296,89,998,254,12,297,134,234,242,295,479,87,698,118,665,78,757,131,850,264,665,409,486,653,188,335,1488,653,1709,612,46.59307431177653,62.566956849411696,234.19293798450582,186.27838031305436,0,94.60907322297956,318.97316426440364,450.2752815764655,984.8747698076114,317.5222468747745,206.40206415438598,554.2111780919028,320.21283547238045,298.00889889304386,246.4064436478833,0,16,1
630,70,227,547,163,920,943,488,1003,37,561,213,331,167,230,279,100,294,263,411,26,312,104,374,134,506,17,428,21,270,184,294,332,218,627,279,792,138,687,462,1216,537,405,79,1262,536,1564,146,1244,827,938,890,251,685,170,582,527,315,571,161,747,154,574,275,501,512,429,530,417,686,255,887,31,760,36,830,54,635,487,324,559,228.27967845678629,194.36694411932,136.60099032593652,222.36421311715736,0,124.85515608095646,571.5903491405029,892.6243473892018,618.6698267741492,0,542.4614467050664,309.87494889473373,297.54308013989004,161.25330339724633,0,0,0,1
218,651,101,112,1550,799,1445,893,518,1055,917,833,861,644,1657,156,1676,881,900,979,143,1004,389,636,505,315,520,10,537,49,327,27,433,54,424,329,545,581,490,917,151,909,167,772,418,790,1195,1220,1289,1146,1414,436,1315,598,662,122,531,204,369,204,370,334,407,233,236,299,149,468,50,129,121,46,359,157,362,281,340,338,224,384,162,71.51689536949742,136.81898011123846,72.34218397406691,8.176554677801631,0,483.443590297772,477.4232305988848,1144.594043458536,803.9888018697308,0,724.1686633587523,640.8189116168554,229.7412500311135,86.30017700145527,0,0,0,1
362,46,423,100,599,270,439,333,685,15,666,109,108,643,723,128,679,536,484,662,258,617,200,367,510,195,359,385,119,269,320,88,362,17,591,28,744,207,971,442,744,635,603,967,341,1171,251,1083,677,545,146,387,435,1018,547,48,389,63,1019,95,860,1247,300,1508,159,1199,805,838,1023,318,1126,16,1142,496,760,574,777,555,505,782,273,160.77652240480535,0,146.55920945279854,293.1265641175106,173.31868425251292,716.8154074154818,0,532.0491669378483,791.0994623606548,829.8835618303884,660.6274246299877,0,204.48498402631466,141.4642611199424,40.88982258713031,1,0,1
698,96,691,137,623,359,494,538,434,867,27,767,271,1295,312,2005,79,1068,1607,551,952,317,394,111,445,646,70,224,172,140,361,39,436,33,588,242,431,257,414,203,398,495,294,471,128,640,147,704,40,729,408,543,693,311,675,58,1783,103,2387,332,489,533,630,339,459,76,157,316,395,733,47,569,608,311,566,135,625,151,492,279,446,73.29278016547342,147.82101912232363,143.84285728611383,0,299.47027708865306,544.3873043238915,475.23556484646844,645.4633958294826,845.133486732542,0,727.8041179720568,306.10509859518226,342.04378234309905,120.84575120469675,262.02486055265837,3,0,1
350,312,478,141,469,245,672,20,710,290,597,656,395,1004,49,1059,413,1348,862,2230,1162,1864,1346,548,1545,35,206,203,546,384,254,418,278,6,618,240,654,691,381,833,55,871,290,564,482,489,555,581,917,360,733,221,788,57,725,456,427,727,211,814,281,111,1905,351,2644,547,700,1724,600,1867,585,1570,1489,1063,2361,55,1928,939,1060,1261,434,297.4847830084933,92.44771721396698,184.7444093671902,212.95932006433614,0,793.4579541475402,267.97534927215145,531.3173393612659,1876.5304239922762,0,593.1001103635484,922.915112372203,86.50940578072203,111.45147145046379,0,0,0,1
1278,75,1279,402,1045,636,830,652,641,619,628,914,365,1068,87,1035,88,1135,296,1095,413,796,514,614,2367,134,3921,907,1968,1274,251,960,46,1056,490,729,1026,369,698,11,307,333,102,511,23,670,327,697,452,640,662,319,766,4,604,68,668,204,449,208,400,356,258,450,52,704,732,1644,298,1987,121,699,1710,692,1275,749,220,712,583,1344,156,283.13225922393434,274.17856063774593,240.05762828032334,298.7472933444435,0,196.59959308197972,1097.9988382160363,1508.9847228443487,975.7522360549392,0,690.3681987121478,312.274975664041,561.4171415819361,30.376959328634758,0,0,0,1
1155,654,350,675,23,409,147,404,348,318,650,9,452,77,437,54,561,228,597,585,693,832,368,849,243,818,176,811,653,507,495,471,1104,422,105,241,274,28,307,151,171,405,36,480,252,695,126,875,244,765,437,483,711,398,771,47,632,108,422,228,463,304,441,646,67,730,158,768,371,528,661,121,809,1503,1886,2762,2391,2095,659,1489,504,294.7214383963742,366.68647102640796,348.5290895395636,217.42301345109342,0,700.2377542663635,545.0693865812032,533.5151857966456,1139.3412069717203,0,526.5141247991284,501.76735928192187,583.6070245408349,305.0265711794095,0,0,0,1
