361,94,401,147,286,240,326,313,173,964,480,2054,736,3098,527,2560,350,2207,208,1552,116,914,655,760,1235,523,1235,13,111,195,499,191,280,111,423,160,382,557,444,711,222,749,27,884,21,428,33,330,54,250,234,235,952,595,1256,613,741,748,940,582,746,220,493,437,126,746,128,642,65,593,6,349,157,185,97,128,37,6,150,112,359,372.1087106251495,665.3583353436842,353.8455358512404,740.551852766596,786.4801117373183,967.0246569772916,0,418.79695835406085,1010.2237200948523,290.700559204814,427.23166432589096,133.33054098406558,175.71547536116768,0,135.05152459806357,5,0,1
151,600,92,460,186,607,48,516,17,471,101,430,462,671,884,160,736,477,619,443,55,256,74,200,201,12,348,348,91,411,110,423,228,290,357,168,474,315,841,1478,488,1749,83,1506,581,1202,818,491,624,40,456,639,19,708,356,322,64,401,55,251,70,357,230,48,659,789,571,1988,650,2021,1540,759,1627,175,978,291,531,747,189,920,539,191.72110764079162,245.65042889592596,179.19749340250118,191.38794284907118,223.83337929804136,422.20563946656944,376.5543917106941,795.0020443490926,679.6399920006784,297.0191569621699,657.6387985566926,552.7233645580012,321.79161874024794,409.0906380025549,225.8427863682936,17,15,1
426,234,356,17,345,353,610,111,445,148,411,111,286,13,220,161,187,168,114,9,234,168,353,263,584,340,865,251,1686,1238,1111,1004,555,1107,31,794,456,115,702,454,558,669,408,605,203,261,163,131,83,125,20,129,101,179,105,314,22,436,159,310,128,278,155,310,567,711,294,1544,258,1172,790,746,907,70,846,840,243,1026,107,872,218,91.02977579196877,369.66683112664225,25.782700393414316,193.83993238516123,0,422.98524711197246,596.3736020982428,375.925547397893,616.1064028578387,402.4996177221653,779.1103314971743,0,220.45678976277662,348.23280129853754,114.3207164868173,0,4,1
26,180,43,288,147,526,140,679,84,642,151,642,41,547,80,460,53,280,87,203,871,743,948,781,640,811,544,647,45,138,126,349,130,656,46,568,216,410,451,169,482,21,502,97,601,52,472,264,641,55,580,45,423,148,400,479,270,414,112,1182,1028,407,1434,963,1154,1272,338,1116,190,855,408,72,431,434,246,552,59,411,13,104,177,120.69887228353412,186.20116975236726,127.84066842297855,595.1397524640348,0,372.749369550104,110.87840960266097,521.2761680915645,712.9600402537603,0,230.01917450018374,790.859055128416,171.55990568077436,297.1337941642841,0,0,0,1
207,124,322,115,202,347,113,406,519,168,629,1175,210,1483,217,1323,477,836,675,314,324,325,103,621,207,377,79,149,323,185,342,92,235,244,407,176,440,370,629,187,536,182,744,351,253,41,882,51,528,95,162,176,206,48,535,407,506,653,343,498,12,295,52,229,300,247,364,288,519,288,437,375,577,259,563,195,755,118,597,171,680,126.85446239002579,347.5176446979079,143.70200731733686,154.96487806112597,0,60.390687394390056,640.7933465597922,340.4437503867096,193.3898413174106,508.04271410610744,198.56240422608013,572.9798359848869,62.375165231576055,0,196.60184048031786,8,0,1
436,580,669,517,753,439,1525,177,1528,397,1033,785,667,773,262,251,11,81,53,272,61,317,188,38,118,33,248,158,455,68,447,84,265,61,239,333,124,758,1129,527,1867,97,1720,790,1121,1302,315,1192,484,1042,1001,498,922,202,611,244,353,294,197,484,417,381,460,388,641,81,718,72,695,245,585,409,349,377,40,373,1019,368,1729,1143,1305,212.42866220478462,105.53148457121026,400.9557237631474,0,480.991908998819,279.703411774338,604.6961519251092,986.5714130086711,296.3404305466,574.6590144013744,0,750.2195879923564,282.60304397711866,381.1948006211658,217.73700696472972,7,0,1
1250,792,1291,347,798,35,228,177,319,32,498,191,231,259,18,362,358,86,305,170,416,51,240,6,182,51,264,10,434,228,369,332,551,386,365,402,1296,1011,2165,540,2064,384,1707,926,862,1101,33,992,758,369,829,84,506,281,76,142,27,251,56,486,56,492,312,675,242,557,233,493,102,429,273,376,324,1011,1505,641,2141,154,1689,653,1253,142.60798117920356,301.7161369907828,0,216.37521511509104,563.1885044143971,354.03378845501726,764.2388549772483,0,746.8083426223027,164.82504867320816,1005.7048494767769,119.26506541669929,766.89708267698,0,139.78020053899513,0,2,1
1119,399,986,84,670,314,436,307,402,122,358,111,428,133,380,32,166,110,65,270,40,239,3,383,126,389,11,526,58,469,106,477,10,346,111,1117,590,1410,1073,809,1248,192,992,395,587,1004,180,758,513,521,470,156,446,86,124,11,243,67,502,205,486,153,459,310,393,392,80,507,81,522,599,853,1196,1586,844,1572,170,1460,206,753,480,169.799830638006,183.86561252627374,492.6924597535648,406.8546033458519,0,688.33185089857,650.9369796544979,606.5665424986607,286.85635836714124,532.6267342421662,234.10410288255605,0,503.9872318056648,197.97928726495874,352.536499970939,0,4,1
40,496,861,192,1008,70,711,283,388,472,46,322,37,220,96,344,127,275,293,422,210,492,122,403,170,256,390,172,515,213,59,28,706,740,857,766,318,948,20,654,592,245,607,524,350,483,266,320,258,259,59,70,64,27,192,225,79,158,108,474,185,529,14,451,711,846,1363,696,1201,366,1372,33,983,375,350,505,162,206,313,58,45,57.91908916723019,229.92263955967292,277.7549812983449,201.24507892295762,0,446.2324191504092,583.3432615188484,128.67795045525176,88.23847189643227,529.3044238537864,90.42479508559961,745.469498343531,71.97060570763735,0,146.4491955792825,0,8,1
140,184,182,19,274,29,473,79,419,450,691,1089,1407,935,1496,90,1431,636,730,714,100,1025,413,1087,786,569,523,193,1,362,105,422,130,503,296,507,473,157,427,1,595,130,322,308,963,162,1439,171,1165,136,1173,622,646,870,70,37,28,127,151,375,317,487,548,412,450,499,474,278,386,183,473,14,458,264,1277,178,1810,551,1440,1139,519,116.68615813507468,119.0560966535114,272.46716859573553,143.02881202231416,554.8746835975799,325.92138864206225,949.8868550922065,504.9044990144804,273.95113957852504,707.719718012992,243.31630461779255,450.41432495415,233.35730443984826,99.25422804902566,259.4303337730564,7,11,1
946,367,508,898,62,1065,373,748,336,406,176,185,113,10,30,123,8,344,278,281,442,311,640,98,537,9,469,240,304,403,241,651,426,146,389,266,1076,18,694,410,557,356,298,503,26,320,610,43,521,94,414,200,238,283,362,100,281,87,447,174,343,248,377,320,376,578,103,452,39,578,47,424,115,31,926,1092,1092,1243,467,1182,40,111.4556962566468,0,310.45893483746136,175.27045934088582,448.85239705580005,57.71474111347536,0,650.6452952742894,185.3046888500073,295.661551066348,408.4601393796504,0,595.4934062848039,261.1253383159577,360.93955019580335,0,1,1
921,356,270,459,342,313,545,0,365,214,218,201,168,320,138,305,286,504,160,466,378,682,290,453,119,419,64,433,347,216,408,191,889,519,218,726,446,865,428,597,590,182,119,131,425,382,782,605,636,556,426,520,62,369,187,293,192,436,86,310,263,362,215,395,222,616,136,681,106,780,41,796,319,447,629,454,77,613,174,315,342,172.48175309213138,0,321.51036813555385,183.54896535769407,210.48245381422268,339.0861376889079,0,610.127566060132,473.8456617755275,96.11421269617344,486.74223748324204,0,261.84498579110783,88.85484944948386,213.77405882755698,0,1,1
102,292,180,272,0,476,331,376,126,162,650,432,920,766,282,1122,164,847,454,74,708,301,345,487,217,353,114,206,96,283,314,218,386,173,358,46,352,652,594,1060,1902,392,1466,663,918,823,207,772,333,385,665,137,484,210,100,277,23,402,368,295,372,134,49,638,251,847,295,518,201,664,26,491,311,6,408,232,327,488,293,456,161,322.2457404131171,185.94110356592716,144.7449867429063,93.2146797898432,203.4806662124079,264.33478486525917,224.2735728620289,307.39308061768884,428.76974538447814,305.0963364326302,566.8305439645852,680.8303573083988,211.7373108280967,193.26441933866911,207.19999072588732,10,15,1
91,216,79,245,141,397,4,317,188,244,975,785,1021,950,625,1292,4,971,424,703,855,311,1093,3,979,94,659,387,24,282,106,537,85,563,21,532,117,545,402,316,404,138,526,358,1092,30,1758,617,1675,1023,876,1455,49,745,586,97,826,617,485,879,74,760,133,551,307,339,183,354,152,279,56,506,199,349,21,475,269,266,141,14,160,315.58611100557084,92.15138097601448,263.18158769620055,318.8179043432562,0,214.84849553361516,430.62119448370726,1017.5623510578206,249.57504975075295,762.0751871885134,307.65514338346526,569.10043824422,131.58427551555744,0,246.4836877320136,8,0,1
20,430,8,1033,515,1784,1645,1461,1862,460,1850,124,1421,580,898,865,138,799,407,559,266,506,52,506,54,428,182,495,85,445,12,388,274,252,333,409,478,235,384,244,297,179,119,426,133,893,859,918,1262,804,1185,410,1368,135,215,142,160,155,265,252,532,226,402,336,469,409,456,353,509,196,271,230,371,849,756,347,1013,131,706,12,653,301.0835614187023,276.96403328930376,182.0899077647536,377.021823513245,0,205.20981809953548,822.7021858838153,488.37355469362825,592.1323390100457,832.4807301465958,558.770473670385,574.0390733277701,92.03396038122366,167.97744454241464,149.13567452996847,0,16,1
237,126,290,226,308,493,55,450,109,647,83,674,287,613,77,836,75,1413,161,1783,601,1304,1160,629,1006,26,644,284,311,211,337,346,541,54,518,119,379,39,489,217,374,58,397,52,1028,782,1013,923,327,987,117,488,562,251,462,861,269,886,101,572,0,434,143,139,135,255,41,215,145,358,18,389,127,408,168,329,158,341,281,56,123,215.1885356951325,70.5202937447702,210.45890129784866,117.17057868279507,582.7129140411834,331.72844373092005,582.6970751671192,615.6747242970378,310.62028165948135,468.91822477368856,33.324553906868516,578.0625071607416,86.54583307398191,0,224.94023929592774,14,0,1
131,260,293,574,658,1204,86,1225,782,1299,424,860,797,536,807,127,233,90,10,275,19,459,240,263,345,282,508,65,431,197,689,119,459,19,553,12,329,87,598,139,732,67,753,17,570,76,683,6,680,372,1689,305,2013,897,1265,1239,561,1177,163,809,956,167,1035,539,826,477,601,252,206,113,184,170,71,148,123,307,100,504,40,776,167,171.53618146306655,192.49036611459746,220.25515300015033,278.80768918565497,0,650.2109292375821,985.4301590607271,623.0473952269867,379.04525586077,0,759.8498658897729,191.6445639334654,510.41879573883966,204.03483147371566,0,0,0,1
569,124,495,279,266,573,2,510,249,852,681,679,1241,283,1571,342,1398,115,815,411,336,147,22,75,89,215,9,361,125,260,149,324,315,360,105,42,396,180,1409,158,2130,789,1516,1221,661,1262,296,971,349,447,668,41,611,29,70,25,13,84,237,165,398,275,111,100,1387,809,1135,766,793,757,364,642,223,50,580,329,770,732,579,722,234,298.20180435487725,240.1451171631968,305.3301405634783,206.68924619476718,560.1804134348174,397.57886006219945,471.2385162475581,579.7108163091751,662.6531571036517,481.2613463241105,373.5759450099444,520.6177941381928,344.28363291852156,110.86387926485152,188.56908287280268,13,15,1
221,235,169,237,91,392,58,360,279,533,267,603,171,648,112,782,107,899,224,612,378,106,553,183,1325,178,1320,318,1058,647,406,509,354,348,965,163,752,169,410,150,44,34,187,267,236,90,376,32,73,243,111,468,134,483,226,256,305,65,451,176,90,424,585,677,845,1596,628,1356,5,1112,219,699,370,87,248,328,24,265,240,50,1,304.58672749685826,254.70547400704388,375.7658414217958,519.8741791150604,0,186.57042236110203,501.86171148829146,165.60190607600452,502.12555049615094,0,346.58560574922967,718.5647678494581,433.0667627461434,271.8638582772539,0,0,0,1
12,202,116,77,110,226,158,523,108,783,100,1668,690,1763,1109,916,1348,490,1340,165,808,206,344,296,127,270,161,77,368,85,193,285,350,275,467,155,622,105,511,327,380,284,258,457,138,331,217,600,115,1262,948,1607,2047,961,2260,83,1826,553,1058,749,146,874,719,248,792,72,472,14,15,144,183,266,53,267,240,200,68,123,196,87,347,120.13024420290664,0,444.82578908713873,94.50712147638282,449.6802062857548,229.05867222262842,0,1255.9433639317183,209.13058148038792,1057.2289016716568,204.40176793968138,0,701.2909232388101,187.45338820105837,185.03867725670088,1,0,1
33,386,74,8,24,41,90,146,222,995,528,1383,1002,870,1381,113,1175,342,766,1093,114,1047,550,525,297,290,145,94,20,33,319,53,554,54,845,118,743,40,670,84,687,56,549,52,374,693,216,429,851,137,870,349,717,732,106,181,302,10,345,382,204,344,242,597,232,401,406,428,419,486,385,705,229,485,2,532,122,386,232,385,218,229.1756397682174,226.85746743715845,146.44890511356294,353.72701867691364,0,296.6571187832237,179.04133212658314,627.9229761884337,560.8719875049154,377.48128996582153,599.4749747557223,84.9949096393911,533.5451365129671,110.16456948512155,132.94342949201607,4,8,1
603,920,118,1132,176,868,768,639,725,130,630,430,309,554,7,382,54,196,96,149,42,58,92,75,91,218,268,16,217,32,535,231,457,357,359,411,382,627,219,455,124,27,245,790,873,941,1317,286,1348,371,805,433,345,743,607,294,364,56,290,212,180,474,220,372,74,412,97,260,1,181,67,62,99,217,32,168,69,404,16,343,158,184.34857044347314,0,217.55531463042917,63.25059116406759,544.0014385579074,424.3849509807598,0,379.8488455167802,491.70074298015993,287.3783084729733,632.7492342509631,0,302.57873060485036,274.6991914544042,113.98063792783881,0,1,1
1140,448,1370,953,485,1013,326,717,510,272,857,162,593,354,223,89,226,5,220,40,207,76,164,20,251,257,171,387,88,597,99,327,104,291,259,384,381,292,445,27,9,466,58,1008,14,853,623,577,860,186,788,330,446,675,36,75,176,77,122,83,429,276,525,415,760,349,892,176,963,71,709,65,715,203,131,405,1023,271,1920,503,1222,53.7519443136981,0,155.14920078561835,201.16186573834187,438.1044216974913,225.11064390345297,1009.808573420235,219.6856518190974,0,438.28397830166034,213.57427929622986,618.1451430886017,195.57470422848078,194.592023921575,129.13345409297352,0,6,1
1028,538,836,15,740,854,239,1260,359,973,403,698,241,351,192,301,169,190,177,254,369,244,587,287,788,109,599,63,593,185,354,486,264,503,678,1360,639,1755,509,1766,74,1649,855,846,942,29,1009,558,540,734,248,427,232,228,239,82,90,169,119,536,204,505,225,642,399,517,271,258,201,315,581,202,541,653,1768,137,2405,425,1794,1054,1097,58.855252413353455,322.94708137627595,0,52.02596637475216,426.43028958104503,266.55702323316683,1543.4741842793062,0,117.06359413195204,749.2503101473785,208.2114668207352,356.01587354278513,398.08739737858906,0,192.90390097058346,0,2,1
1123,187,753,457,350,900,109,699,57,493,65,307,191,288,394,408,138,404,112,471,160,352,171,394,117,332,5,396,8,79,94,68,310,439,303,1188,271,1232,363,868,682,888,789,62,910,599,319,719,0,672,64,548,243,467,150,134,203,432,130,432,184,634,106,633,58,617,63,469,568,39,408,890,565,729,833,126,720,328,230,268,98,201.04864549395938,247.98764559653785,93.08019897563986,0,269.6160692123554,332.5376551332875,613.6794356488002,377.90369207374454,368.2960238089131,309.05636949292574,0,603.7494656326666,314.45410328983445,411.8908228408918,200.34813869097786,0,7,1
127,45,193,150,235,128,182,231,321,905,607,1090,1395,762,1116,496,1397,110,1025,583,340,676,237,410,486,215,424,144,271,50,305,142,35,148,307,643,408,345,638,133,605,91,649,308,365,541,60,515,323,198,250,23,72,18,239,47,244,84,376,127,474,21,654,234,488,339,501,447,502,657,355,620,593,785,0,569,584,467,471,88,501,156.99663296860655,108.50468579873404,115.46694017019357,149.3843140976652,269.87782756637176,370.59592244290116,587.123966655815,172.6345461853079,458.2977761190435,314.95350185976577,647.3896410951658,99.55420101499743,192.56137849266977,126.63842968066531,62.89241569757946,18,3,1
297,258,216,156,281,369,231,413,139,589,43,527,119,704,201,136,244,976,37,1517,560,787,928,341,1072,159,1030,839,544,1023,47,730,78,395,210,151,102,121,291,143,145,199,458,95,534,8,747,97,648,454,442,338,376,487,176,342,165,68,182,748,741,796,886,238,997,105,592,210,76,243,348,31,392,65,230,30,67,142,251,63,261,155.7263954571392,89.30452645439544,206.68058102657778,258.8313605114693,0,234.3205603441576,591.8402807152524,631.5992860694927,540.9955085679667,0,52.917063055601254,695.4281760290646,102.8107812097478,302.70030127735856,0,0,0,1
266,238,198,214,134,283,51,330,217,407,45,1095,643,2025,1870,1708,1967,526,1868,362,1343,832,312,1083,424,557,557,217,136,48,95,200,377,46,538,175,668,363,532,358,494,437,229,483,231,796,664,2350,60,2506,452,2065,942,1296,1018,543,697,90,285,571,151,599,129,385,218,268,268,265,364,414,224,322,184,525,71,514,79,531,151,381,53,109.43535852544976,0,461.01203585321423,121.56205058320916,553.993554589999,411.91154960117535,1264.0317973888716,680.5222233148143,0,742.8513056084926,745.7204150809906,564.5290325889956,559.2410131499163,124.45407699949652,224.01721748842087,6,0,1
359,70,318,23,196,32,104,117,178,694,742,735,910,136,697,534,269,398,277,408,1009,50,790,165,658,245,437,275,232,223,217,20,382,143,267,325,678,217,648,73,643,99,466,373,454,478,155,667,815,260,1219,1065,996,945,687,1165,141,851,221,282,367,251,330,561,114,232,169,23,86,358,156,167,52,325,60,284,86,239,161,184,42,314.0545229485183,0,164.77966316514465,215.58894211706055,338.4450428775941,120.33774412231335,0,387.5064224257151,682.7931244694978,255.23209599478167,744.2836068259452,0,117.80196574962731,367.4600154822352,129.85868846100587,1,0,1
219,58,204,110,262,106,393,472,198,1166,1496,53,2232,805,1539,1390,533,1209,91,786,577,384,909,163,548,61,251,357,188,206,296,39,58,229,99,342,656,755,1411,663,1129,202,1018,50,466,4,90,86,368,36,342,124,13,16,617,77,532,55,581,206,326,72,213,62,355,305,349,480,339,559,480,458,538,314,203,1213,31,1860,321,1686,1099,197.24509466540795,364.733795276926,183.0815265609458,172.89123625994674,0,438.81436889329666,204.50369113107996,640.8814377552396,491.007756286341,562.377462628049,463.97338579887906,269.7375010533632,718.0948559402852,305.7212215038036,348.39495079104046,14,2,1
939,1084,363,843,265,675,806,260,551,268,54,420,12,540,131,540,123,521,101,417,133,240,279,37,230,143,170,294,137,524,32,348,36,984,1304,167,2142,1498,1620,1623,1005,1796,512,1555,73,826,220,250,324,179,118,25,92,158,106,166,144,11,280,131,457,146,269,342,408,979,1317,136,1828,1349,1560,1791,525,1560,63,1048,246,272,527,388,296,118.9826645608125,147.49720426867697,149.54417219881037,485.05444947818955,237.79955619747187,541.1871844521163,913.8342061775015,318.36521739782853,1057.388683601996,0,245.75006133012633,1012.356937376798,196.6146426098735,308.67430116148455,62.31725506383264,0,10,1
123,89,68,177,143,120,303,409,30,965,514,632,391,473,596,609,739,61,676,285,51,270,66,347,145,167,38,81,221,121,264,288,172,306,178,372,454,511,685,1591,20,2089,754,1298,994,704,861,215,390,334,124,421,363,195,348,264,434,217,362,29,169,42,98,653,331,1177,1101,1161,1129,405,1125,47,797,201,220,239,470,96,381,255,338,56.23291848873994,278.5670852594119,73.27747900096207,218.706529310877,494.80971920670004,196.0339472218233,447.00439463590504,530.9853746243601,863.8991465958582,193.47153027521438,338.42260939336387,501.02183000263653,180.82128391602646,329.4795040011752,72.72807810782356,11,16,1
72,389,361,85,326,81,481,22,656,140,441,1053,1351,1250,1732,548,1933,378,1374,1033,442,1250,395,1173,713,662,379,475,295,292,25,325,149,350,182,183,493,41,718,91,822,287,662,372,541,424,275,584,20,486,685,156,163,199,486,392,491,23,409,258,207,307,323,148,479,28,382,107,382,159,119,88,84,61,188,80,192,67,405,123,413,211.48568081696527,218.49792603085808,111.36247168480175,363.65258078790845,0,271.27202675543236,755.3529594568176,747.1503428937167,530.5117420340961,0,339.60587173741743,735.5349466036096,147.24812195952927,388.90625185357635,0,0,0,1
244,491,375,222,212,128,226,170,525,232,969,699,951,982,1207,765,1019,1080,314,853,25,20,42,192,6,48,165,114,322,241,230,316,107,473,181,479,228,574,194,295,201,310,827,60,1000,161,884,667,397,749,91,348,563,173,806,334,645,217,512,321,166,273,23,389,104,281,142,422,146,558,243,431,341,390,505,225,397,359,561,268,682,263.19061925424916,74.07271072389992,218.45707867926535,167.33796322696884,462.191594223976,451.7451881053783,209.80051985499958,588.3981968075932,453.5607970310308,0,381.9058373606852,289.0604653701235,412.01152238182164,46.811479018518895,141.502442351818,10,0,1
138,135,795,225,1588,312,1270,906,648,972,72,520,502,70,796,188,677,241,528,298,117,114,240,189,43,118,253,364,171,563,153,643,64,475,71,361,216,273,467,47,677,399,623,582,78,88,547,330,408,42,527,225,21,99,283,306,161,299,197,324,306,64,91,661,40,1283,249,1127,711,860,949,161,812,668,342,1075,112,1078,121,800,40,134.71271400919758,326.47126327527826,249.44333569905532,114.83014366566259,159.57797183479366,330.70574471541954,566.0334375085564,515.9376487421481,140.6286519999028,294.3589540432162,314.75647138021725,706.1815362938853,337.7644874857053,292.01709777037803,24.382433819845367,0,22,1
763,129,402,55,489,98,378,2,578,166,622,259,735,272,554,296,502,274,59,286,45,217,81,202,612,116,897,565,667,993,118,791,424,465,768,109,909,459,614,498,508,341,177,295,34,141,59,74,22,285,2,278,104,528,184,478,201,430,211,335,326,277,314,269,277,318,783,1387,445,1509,286,1084,668,467,661,222,640,787,215,800,100,119.08661771830099,251.0729791005524,192.09009930853745,188.31153493765453,0,331.443211576282,828.6221165816047,135.69422384772813,508.7941116723746,0,137.15771320020022,749.5819014362722,159.05888919606804,330.2291291194211,0,0,0,1
42,123,147,68,215,318,354,411,145,679,313,522,311,413,355,96,355,188,279,486,163,1255,672,2194,114,2119,572,1475,887,616,775,153,534,794,252,988,103,636,63,264,314,226,216,295,111,168,73,292,310,384,433,191,367,228,414,40,409,86,551,232,80,577,904,1011,1840,532,2010,480,1502,1104,561,739,8,834,416,682,574,550,285,409,273,278.5366037501016,386.4708957963881,311.287901007254,323.7201689712522,0,512.1519525492411,1025.9223378672377,573.7069948948719,640.0830960033337,0,510.86673657908136,870.2774439170416,243.09542024672464,313.9331569423537,0,0,0,1
330,12,300,233,220,345,117,707,118,684,169,743,76,887,62,886,76,437,128,64,391,1321,282,1325,416,869,723,515,559,116,255,236,362,114,423,254,154,420,129,556,214,539,293,497,234,331,66,246,129,452,35,405,35,413,343,258,417,226,401,219,173,99,989,1279,779,1449,283,862,748,45,780,746,640,1331,215,1064,81,687,106,367,15,424.9907835655279,228.9589983691195,211.67709023183363,497.24638523685053,0,250.26011468070578,555.3831648342202,451.78701453600183,177.5566859563303,0,654.4466299369674,551.4677101694452,604.7055376772199,304.92620123503343,0,0,0,1
169,133,114,121,155,102,511,122,579,313,677,557,318,335,340,400,199,268,114,41,310,46,1092,615,1382,866,1136,1305,886,1468,183,920,431,468,611,99,629,276,406,78,367,38,292,52,338,75,306,51,457,146,397,71,498,168,444,2,480,1,454,2,317,519,1145,272,1589,1481,1202,1567,171,1094,255,670,353,252,658,420,250,417,85,181,43,53.39810425685851,224.42218347238295,79.04758066543326,460.77907595969356,0,148.8388390172404,1070.9851845631306,17.06195871133473,717.8229212175743,0,233.45071733286815,841.1338349451659,99.33107998686772,270.75192701338034,0,0,0,1
234,12,204,90,188,123,65,107,121,710,149,1347,116,1165,712,690,941,216,781,477,303,503,88,409,16,323,99,240,56,149,98,180,361,260,577,146,571,176,555,236,535,261,595,76,413,1,593,884,724,423,1223,170,569,454,223,595,98,256,459,451,165,551,93,361,214,350,335,145,545,1,530,9,620,29,474,208,576,128,504,102,493,167.98420289855085,223.92879820795517,29.883046449140345,388.6312408037479,0,285.2902289585625,395.62688050910873,397.3831959973938,417.08369244645905,481.65189404201277,414.8100759940052,0,425.4112583328934,305.04005536019304,164.3815756142849,4,0,1
34,447,56,400,237,399,348,336,109,753,692,733,993,382,484,574,960,540,1112,96,826,359,496,198,424,326,346,409,77,313,216,314,381,74,413,43,440,337,342,420,240,507,100,601,51,631,106,381,47,85,1008,991,1431,1401,687,1526,109,999,497,386,732,78,611,342,234,42,161,64,25,26,123,93,34,144,174,203,53,464,207,467,278,150.6108494124528,144.86076470886348,142.22231032980685,0,480.27725589523044,286.9994160184528,1016.3144659405356,55.59621167716737,349.1761688172189,0,334.057000597716,496.41767070077606,257.02650138734293,236.6583748387166,169.09387972233253,3,0,1
437,307,184,166,104,342,78,487,934,469,315,823,360,1198,573,1052,976,497,659,312,124,52,433,83,693,248,531,173,48,209,216,249,348,256,461,157,552,127,638,307,27,660,783,465,711,61,829,287,466,447,67,466,664,135,82,14,18,41,142,248,337,392,474,786,416,822,311,894,168,644,10,613,173,315,273,197,107,572,272,567,465,65.0641642023447,240.60953004764042,183.98382125068326,46.480842577463356,292.7752155825548,476.0196339457052,121.17905569139934,355.49957670528516,441.9137176753916,310.7306344741284,429.2652706096063,558.3095959783413,218.827432462385,182.23368450044705,42.002894533442486,12,6,1
451,428,158,584,80,503,522,384,773,68,650,77,459,54,555,81,359,133,315,120,276,167,427,405,278,493,265,703,34,537,55,603,298,564,525,497,589,386,837,562,1190,102,1245,626,974,699,623,1027,284,858,164,171,303,22,209,6,365,187,410,278,270,420,275,419,238,618,57,449,402,674,385,816,244,854,536,1032,51,1229,551,1270,738,116.69150841517171,62.89925765227568,261.9087310532683,0,284.8215356457899,259.2826638224555,1173.9340930731494,362.21104628707246,313.6875688930246,270.2304129031047,0,212.4508289448492,214.16080852840926,148.94606797965702,131.4237171083763,0,7,1
667,1013,109,915,403,347,429,149,435,133,483,5,314,363,385,327,215,466,432,299,422,245,543,105,332,60,399,92,439,128,340,185,281,514,318,1010,659,1136,1499,940,1721,3,1357,262,720,59,298,18,42,27,136,86,77,177,16,395,54,489,7,537,92,610,76,442,172,676,434,470,1263,518,1266,684,779,999,302,894,166,229,388,223,264,115.76010345206979,116.76545353143945,297.5855103253819,212.74511998237722,156.35913058094832,81.24244746325571,1044.3983725784776,47.61533528241125,637.7140305079013,0,175.11928050985637,392.84879126977387,395.07240141543156,340.89120671383534,220.74618499275223,0,10,1
123,183,4,259,54,226,78,161,549,737,89,1624,962,750,1351,59,1062,387,487,940,143,855,465,487,369,15,13,65,314,42,110,97,60,185,229,398,473,833,1681,239,2053,106,1922,629,1454,832,545,588,71,409,512,149,459,109,59,184,25,91,152,439,159,201,393,492,485,697,414,836,446,256,1018,1269,801,2086,86,1507,877,924,1057,234,949,105.1329218658077,205.38744754347834,228.31953409562962,376.43409849703204,262.70152581582397,720.012974672435,418.92511195588344,601.7603140540447,833.5364693883854,504.81017052136275,374.433883861835,458.6038040116724,507.51504279995993,407.2328087883308,332.51407294836963,12,10,1
519,457,768,138,836,173,450,8,328,40,143,113,246,70,285,39,192,258,205,396,89,443,111,534,115,517,158,583,145,106,497,936,525,1834,63,1510,464,1185,949,507,1022,543,489,827,22,692,230,388,147,40,110,2,154,94,205,0,288,240,443,423,728,215,619,161,575,68,512,15,381,255,377,535,373,945,1440,609,1312,197,956,230,448,180.00687759562368,97.59814425127819,241.90724460344683,424.30311879254526,0,529.7859874515369,827.6656754027395,309.62604986529317,530.7427701318287,0,198.00603866761426,631.71869029156,397.6528307811929,246.36895720099164,0,0,0,1
423,319,264,898,66,604,147,446,219,197,235,29,82,106,74,295,201,323,353,335,511,258,432,174,486,43,416,219,393,243,179,410,334,483,329,1124,109,983,633,429,701,72,167,525,55,777,458,524,318,401,208,248,124,53,308,39,226,236,464,282,443,322,359,449,341,656,115,491,145,583,334,530,1036,1714,827,2492,190,2132,769,1434,1054,274.1112522157314,58.245712619786616,450.1633555584208,274.53309327105944,0,745.4441964359238,906.8527243812756,483.8260240404347,12.686222789839178,0,620.7797786366668,144.07938469944506,501.5522700060637,218.12498958917013,0,0,0,1
526,924,341,746,1021,285,812,109,490,184,428,90,276,244,369,4,381,69,561,228,703,394,592,470,274,169,331,191,185,320,140,257,296,655,895,24,977,868,909,995,297,983,295,475,281,181,230,84,341,136,345,59,323,91,17,339,100,525,90,242,139,419,149,549,78,761,100,556,204,583,198,456,577,409,497,326,1235,37,1039,564,570,56.585102893867564,312.0867042829674,0,213.38622447685964,521.3782291411595,207.80156926460987,588.8381362095054,0,325.03136965626317,428.09296590918063,251.81168592256486,341.92753209334955,398.46508341415205,0,318.1616527407468,0,2,1
201,191,138,41,226,196,223,484,441,536,406,387,469,273,246,64,392,98,421,644,16,484,1008,283,1495,472,1338,1142,729,1195,294,725,305,293,473,235,144,47,37,180,100,390,83,307,215,451,81,221,99,125,89,43,123,195,15,286,51,396,138,349,413,214,745,714,99,1277,458,516,615,31,185,286,96,289,449,272,410,236,293,130,158,119.99072136498985,110.25684400868437,193.11354282963225,367.2882385656567,0,319.03536246002574,258.9042649293953,370.57248630973163,503.13449799412774,0,557.885276786238,596.1557597744808,383.0036960374667,223.10544480933933,0,0,0,1
96,215,278,143,375,164,285,167,383,340,568,486,310,695,522,176,638,1404,144,1424,908,907,846,412,605,37,337,98,95,44,153,78,245,177,40,191,641,1157,896,2265,147,1673,878,862,1000,127,711,424,537,1081,109,636,207,251,94,112,179,117,410,591,175,631,42,580,116,503,395,709,218,1338,649,1891,1337,1959,1657,1196,1923,187,1407,417,731,378.2518527463618,120.99144252875088,295.87221304487076,144.50779090147037,993.7620000841323,462.8235548720782,737.4455985902047,644.4555173490777,566.7848720599162,451.2141930467384,555.3154649400664,558.1827417256434,611.4806903651588,250.42952032937535,171.3023435722076,17,7,1
918,224,721,430,456,399,340,0,245,64,269,56,226,7,204,103,345,276,134,270,321,206,233,97,397,109,165,71,106,246,125,771,1291,626,2106,117,1738,920,1180,1140,247,1000,576,427,985,122,801,184,539,25,483,87,194,159,340,100,374,134,341,477,327,723,83,570,70,635,120,473,341,451,186,887,232,2052,1177,2047,1324,1518,1591,804,1628,202.44233853457962,131.84507054274565,438.10288140514626,143.98304440203754,0,675.8498982762371,935.3598569229262,921.8489820110225,426.1999551508643,0,738.6730660434539,563.7852368243965,588.5402080512115,209.7996367384694,0,0,0,1
88,946,449,192,597,12,537,69,155,138,104,447,207,386,513,116,423,152,459,463,294,335,323,247,353,188,171,99,75,168,224,38,482,539,19,379,769,143,561,316,434,297,320,399,69,349,520,145,482,171,517,173,674,2,390,242,476,120,395,209,597,73,438,175,351,38,197,89,286,248,186,295,125,404,11,559,236,806,986,486,1627,54.004932548940396,54.05494662507968,221.8682849022716,177.96694599910097,0,162.4493921195152,671.422925556812,357.06531575643464,158.12211976117314,0,370.19755578395376,171.06918900736616,178.12806326735222,149.95291659138584,0,0,0,1
446,1593,305,1058,615,437,359,71,113,154,32,59,6,54,112,110,211,106,169,102,319,54,171,103,204,240,263,405,134,454,186,548,89,379,149,479,538,188,978,1296,587,1310,268,930,619,700,601,4,564,337,248,447,263,278,176,95,86,21,291,87,178,578,695,61,825,685,728,308,627,814,455,899,77,595,347,222,235,147,309,56,268,78.04851144069066,202.6438479893841,132.3026179252862,122.29540689950187,0,325.8057373224453,200.61855803750635,280.72345227309887,643.308140155642,379.3018226768389,640.4718557438091,136.574227911018,327.46590644795106,206.38874542016848,95.50143744361452,0,16,1
184,219,397,71,317,203,370,70,485,338,356,443,212,545,174,506,249,524,184,738,656,1148,483,2189,1065,2051,1670,976,1842,72,1370,269,524,614,51,621,393,378,45,224,178,211,506,385,257,193,285,244,90,14,114,193,40,276,114,143,15,360,336,224,408,51,704,394,563,1250,276,1323,217,971,865,702,937,275,440,57,92,152,119,230,325,86.9769433541653,208.10228052008466,224.3036660115212,223.02483313372323,0,141.93000035228633,969.8672096029989,765.7509038769264,738.8407488698587,0,445.5296573712724,767.9497192760698,398.72377071421164,317.95227227278224,0,0,0,1
151,444,287,556,197,480,359,516,186,348,43,103,6,186,136,268,380,326,659,21,462,3,868,682,360,331,952,442,234,159,256,15,100,554,227,504,283,311,276,146,172,162,30,192,88,103,18,118,67,201,25,419,188,491,522,159,433,364,616,219,733,102,865,29,844,828,242,1344,218,1089,766,506,932,219,302,567,132,610,383,322,402,212.83206084582653,0,72.5075965928966,161.63632972075442,182.60669111108228,27.20214624818174,0,572.5745309436031,584.0066804783975,295.2886388853712,588.386394439593,0,144.8407902124418,444.8186929104561,123.90073520378061,1,0,1
104,76,23,148,223,114,121,174,614,498,313,1412,508,1594,793,989,973,547,629,223,303,50,350,236,351,28,148,194,82,137,289,125,391,124,748,77,748,124,467,269,362,48,738,19,524,246,570,335,157,392,225,157,178,305,157,357,138,128,488,36,710,225,639,229,604,202,450,35,378,60,406,266,347,283,345,481,422,619,334,1145,778,95.20197275237223,237.37523616769522,149.73526426072257,100.75055246618867,0,394.9458865567896,594.3806274112163,174.26995336902118,139.12960130895917,464.16246780685634,114.73478534480319,656.5197734409089,148.92027396642249,182.10332359010943,53.60053329930861,12,0,1
71,1081,1105,732,1195,58,1027,203,771,298,291,295,188,131,66,58,229,107,245,152,415,290,241,160,52,134,56,235,47,117,248,116,506,86,695,47,587,49,643,396,821,91,1369,624,1626,1179,824,1460,295,1094,82,693,423,139,241,214,267,112,401,115,453,337,265,209,368,353,407,340,164,318,272,708,810,445,1565,181,1264,871,568,500,337,161.28165041088567,133.38335289006517,0,353.04399738697225,215.36944728602188,461.2547959557341,848.5732963324847,531.2457026865333,255.31575908376195,405.7153025661349,419.4733583354042,275.27335974607854,511.07188714337974,0,279.8334087640522,1,10,1
33,257,247,106,315,51,467,15,535,325,552,514,861,1197,1113,2078,785,2139,99,1804,601,1012,432,561,307,29,61,160,100,365,145,428,215,636,102,271,253,358,806,1395,78,2076,1228,1942,1767,686,1685,17,920,417,278,790,491,562,258,40,146,68,132,20,224,90,60,919,805,1445,1947,845,2076,225,1646,728,616,715,75,657,591,467,887,181,508,113.57360871139726,366.4789641335888,65.87102347937308,149.89792598341612,608.0183760676763,356.93526475151253,1145.4317573352143,306.49091377668265,918.2395193987948,303.390915829472,267.3086039479963,978.4200890623844,128.52719008948088,658.5604671262205,117.67143945443632,14,18,1
114,177,70,387,188,380,181,543,317,405,131,538,229,54,627,477,746,1828,138,2097,386,1381,800,856,935,195,728,110,366,220,323,420,158,362,21,609,129,290,659,683,162,1133,1078,876,1167,428,1134,38,606,71,192,34,388,161,355,195,426,226,325,173,292,373,39,490,139,554,401,546,758,1049,1571,356,2259,903,1993,1371,926,1496,351,1123,33,203.3142176974474,208.07392244176384,340.4907631131053,462.5446176863704,225.12866160288064,295.1283603459419,564.0148591400068,851.8408505979526,862.4533341159462,85.54741996142457,87.03513057567997,921.9048999371415,225.15169798574948,492.27128660397614,145.7060439887408,18,11,1
61,82,74,248,295,298,323,409,804,450,125,984,550,880,574,781,877,438,828,43,413,133,195,38,282,85,240,59,236,53,342,59,504,59,686,26,357,402,903,152,1114,120,835,565,792,952,504,800,231,671,75,608,61,290,209,383,171,303,172,595,47,369,92,418,158,577,451,355,584,348,561,390,547,888,345,1880,1493,1754,1693,1182,2021,258.4784482029271,228.23088590101813,180.22334752428156,374.7515626590132,422.7273947511726,726.4139349589814,610.2268459445514,264.67288632554374,214.6929890191709,488.1055484644751,417.58733951058304,466.63734646212373,119.61916823606879,123.37930547489407,145.7737443793944,16,5,1
308,1624,545,540,652,182,692,606,217,403,11,156,109,74,123,208,47,60,37,145,51,393,175,384,194,335,208,252,223,23,184,131,89,716,267,893,1142,421,1584,318,1379,397,878,729,369,338,310,187,347,367,193,327,54,229,183,154,197,254,316,25,349,244,359,397,427,630,861,946,1335,1916,895,2174,572,2123,251,1560,835,799,606,281,187,64.70746265346622,256.33269327961415,74.72370968538678,517.6565115222985,224.94195779994942,772.8516312765556,605.5278955604247,969.4321001268701,110.14000794705281,0,677.325534810232,318.3104244410835,296.39709934304244,354.6254473401967,333.33085891733623,0,10,1
43,221,123,112,453,50,513,466,480,624,211,776,75,562,331,251,312,226,392,213,340,313,337,293,323,378,549,377,208,294,566,223,826,174,760,123,764,529,474,468,50,430,141,387,284,242,285,277,333,274,158,368,366,365,423,333,694,79,528,35,568,74,683,62,767,139,528,289,657,26,1329,1151,1130,1936,685,1837,25,1689,485,1206,607,93.73379257528771,139.553009370718,273.2209221510676,195.5871557958549,0,516.3304876723822,1156.2504502459194,372.0181701274518,356.59265303888856,0,475.32698234888426,521.9724103635689,362.9784013149212,180.96442784338026,0,0,0,1
