252,649,490,636,809,42,1307,982,708,1463,151,983,799,1,331,479,458,404,63,516,762,435,321,969,1173,560,960,1488,1079,204,7,2335,1951,1687,137,861,1188,307,473,1056,480,153,242,110,658,1447,592,1100,1642,672,869,1343,718,347,1111,758,556,790,269,243,266,581,829,714,211,637,1285,1001,77,1168,1495,1514,1209,293,1570,246,891,3180,1725,116,278,199.1584536451238,174.45821440040177,188.99574536946295,102.65626222526608,205.1380327974313,179.77292064158175,313.8608228293508,176.77732589920794,211.51166479209175,226.43489475992772,335.84365877010464,88.34365245191492,321.1347276498725,0,0,2
389,211,722,1688,1259,567,159,428,1782,1951,604,560,876,719,423,256,414,391,520,273,390,652,650,47,846,1410,1128,1094,754,667,1520,1902,1308,1788,474,2629,1073,718,221,451,1236,1398,882,405,24,763,2003,1918,308,1140,1294,647,122,54,218,394,564,274,235,613,1020,574,143,501,1123,1261,350,720,1150,1297,1157,80,411,828,1333,669,3731,1582,404,314,560,209.73261454825953,71.54312016857621,244.37010253697963,82.22073697072953,226.0701495111639,292.37712020390126,212.0430998021555,222.3943861324844,319.04927920095975,57.7374015379205,265.59200041770646,273.9212210528146,201.94967924708214,0,0,2
843,2162,2100,187,1560,1720,1034,577,81,937,1158,642,176,390,454,310,438,438,466,99,1070,1401,744,231,784,1084,1399,1424,667,460,992,1111,404,185,1308,609,1203,2230,198,1820,2320,944,270,1176,1007,768,2255,1377,143,572,17,309,181,496,580,721,988,212,768,1560,1519,485,601,1521,1578,919,527,831,219,1071,592,124,2713,1859,6476,4858,1606,1931,101,105,2268,265.82290554446485,230.0746650455531,340.65762330930437,284.19126615366685,532.1730005364797,373.5951615012337,381.78396449503043,482.6131368075454,336.3024938605064,454.8330237232371,417.70811663503486,279.7754163681201,476.2233069338657,0,0,2
2928,213,2722,2140,42,539,224,580,202,1102,771,47,695,356,22,546,778,601,1553,1258,417,472,170,344,1539,1459,226,678,610,648,388,1977,1095,467,2061,728,2792,1429,780,89,401,947,1518,1175,444,101,134,412,928,951,345,809,1088,625,250,783,842,655,531,59,727,939,632,122,174,253,777,1210,979,333,14,1848,204,2686,2084,4184,732,2440,2698,42,718,230.18166789653262,70.66740599469186,174.21071275062138,232.9023758355459,280.93194238106855,297.3616303478221,526.2911236990877,702.8726408988376,441.62597711564763,406.9323477659748,412.80070971740565,192.42226985381805,264.9263429235996,0,0,2
1402,1611,534,2063,1323,137,259,393,35,1037,1509,645,1135,1256,294,229,856,282,989,1459,1145,104,146,241,77,615,947,1151,1297,645,1963,1141,5999,1207,1598,766,1220,143,1871,1531,430,646,708,1741,1034,779,1836,1485,195,192,228,666,1293,485,783,1067,589,617,695,347,161,923,911,1156,1173,334,456,794,1324,2831,1247,4144,2472,3020,1049,2448,1176,1184,413,1478,924,253.0053523227297,231.93273330729005,456.31687154541345,422.6748008921716,493.3577612899183,465.42751955913195,946.9747418960553,271.0242804006609,227.72025220512592,418.50781857244493,146.33338679524215,249.99929096627244,421.12484407047634,0,0,2
1640,2719,1025,958,1152,329,302,601,50,1551,1492,673,1752,938,177,13,658,347,513,1365,983,249,52,465,1532,2327,1207,679,1949,2914,1002,142,1060,24,253,703,484,273,519,855,638,101,761,1465,1325,434,1220,995,214,367,565,467,596,559,636,121,848,1042,918,440,228,843,1412,1604,1259,866,791,1012,4053,2977,100,1139,1128,244,697,1864,1280,30,401,259,911,35.5843490035169,206.8867114252873,77.49575228808143,362.30149085545463,84.61939789433626,130.38641934075784,426.8095848692949,620.1511993858526,86.18463707370987,345.65483109370643,201.36533327180905,80.82729313494218,322.45135702881595,0,0,2
1296,818,187,993,1411,858,574,901,541,129,325,599,77,805,870,422,362,116,591,1281,1784,1038,367,208,1100,2639,799,1020,2077,175,1989,594,359,303,1169,2140,943,490,1168,1285,1414,1182,9,1453,1701,620,274,283,48,306,595,510,96,15,411,1175,1301,954,151,767,1383,1789,1199,189,635,1588,847,4517,2921,608,1485,100,1961,522,2652,1726,119,278,486,173,1789,202.6968119831419,145.30001509740435,168.88719955910608,315.6818342380448,450.19504800697223,418.8806581671321,337.2919498930888,608.2141892300996,309.10266303580687,201.56968252531726,106.93913691885419,283.4952076513624,162.75187118501006,0,0,2
1671,95,1095,767,144,217,328,315,227,758,825,643,212,26,312,1550,1706,453,589,1128,1277,1773,1101,229,1056,1864,1859,4045,2359,1248,1,2098,1781,1482,3317,1592,402,624,629,318,1263,1575,219,1089,684,212,223,885,1191,284,1011,1534,1424,598,53,415,1624,2224,1218,74,863,430,9,483,2993,4107,2186,2111,839,238,1180,2763,1680,681,711,231,845,1736,1143,750,1309,231.06305113677308,252.72692720842738,244.91662632311136,372.60638748123097,378.721933778597,648.6560650718684,629.5271754657317,837.0763505880004,128.30699309166866,238.80861507057926,141.69047168573178,302.1783716852762,157.48836074562695,0,0,2
605,70,142,435,226,925,1320,534,925,1132,565,456,208,608,1510,1182,267,66,75,486,1474,1123,79,797,2013,2399,3108,2458,767,785,65,712,1754,1852,1048,175,742,1103,905,409,41,55,45,827,1059,43,653,859,639,171,384,787,934,801,466,113,722,1273,1111,361,78,114,432,1000,1083,5456,1602,1501,1818,1525,999,1867,1330,889,2277,1731,289,97,304,566,79,213.8784721466427,140.45313502152885,224.00950105266853,291.82409435470123,338.3122642249317,280.94690072879143,507.82840005351756,197.92595101879377,501.8967293703854,129.98848251236183,193.79799346157932,69.8295326935825,264.00265282221324,0,0,2
1035,1092,287,357,605,767,785,579,626,1207,794,596,228,332,723,787,962,913,407,218,492,331,2232,3619,1428,423,1255,989,2190,2342,911,612,552,212,140,522,943,785,253,329,513,731,742,349,943,1311,761,270,366,321,999,732,743,452,311,806,967,821,846,914,1231,2560,1922,2457,1768,2658,289,1188,1817,82,4,1344,955,206,425,199,423,794,613,534,1407,247.26174113346133,124.9468198113775,387.1589379834585,236.92479872285494,405.2818872402269,249.97867806901482,511.74322228124123,207.35004725071158,176.18660057824496,167.21142388573088,91.26460551194175,131.54475296249626,34.27259550287039,0,0,2
895,103,915,779,582,275,196,381,1073,937,601,56,10,50,674,1407,1803,555,309,1870,97,472,4376,1706,1871,744,623,116,1485,1645,587,219,275,112,704,1258,605,561,1206,1214,449,1108,925,75,85,407,121,793,1255,1079,316,211,457,1425,1554,1092,17,697,1898,809,1383,4718,2711,2206,2841,846,825,810,2204,686,1437,1882,583,419,1054,773,929,2155,1298,428,1215,232.44176751430902,277.71603683848605,292.8196951537479,398.35797350641656,194.9942595308898,657.8536667202458,562.4866193277707,659.0026015760872,243.3626197448193,210.4858098174857,262.63785060285903,224.30567474966384,43.155995571200805,0,0,2
169,8,957,1612,516,684,324,105,410,1333,1255,771,65,1071,1504,2845,191,358,4287,55,2959,634,343,373,1765,1406,35,694,900,876,1156,1007,450,1398,1337,471,637,1315,545,193,55,734,75,1156,1109,254,524,519,837,1413,932,371,1597,1271,932,140,2173,3035,3200,4051,109,1141,409,1275,518,2463,1564,311,621,399,904,1908,1255,372,1314,956,425,29,19,48,646,275.09762928395645,192.6250803121764,377.697651766964,251.044786168136,612.0479321507427,282.4205234475358,664.4089701843084,384.5944740349894,346.34310157569615,72.62376049342612,402.76660178067914,207.71897982181014,170.92490874769197,0,0,2
1088,431,264,315,658,1065,1464,876,463,952,1251,1818,1639,287,646,2386,1448,1527,500,1217,90,295,401,39,487,1580,1612,1193,125,1069,1647,1094,44,333,267,168,586,274,188,88,26,454,727,1039,781,136,923,1620,2034,1003,174,773,1370,2021,1148,2503,75,5021,530,3669,251,1722,2190,751,182,240,349,1183,2332,1375,300,1395,1044,23,367,72,10,753,924,253,892,278.0752306825362,89.55599649483061,275.25267922210884,145.50081220882677,381.37289003021704,210.70519799291435,562.0836581027785,367.49772935503574,528.001311810201,139.05420024890773,206.60704439809035,146.33708700541317,156.55381459901014,0,0,2
929,912,866,444,327,1605,1541,633,24,537,1017,1441,881,358,470,1753,1438,3335,622,222,489,702,1157,1481,2185,998,118,134,412,297,1210,1090,61,1010,977,219,243,319,554,832,253,761,1208,724,387,887,792,706,375,93,284,335,912,1001,485,445,2102,430,1524,866,2740,1369,3267,3020,81,313,1103,447,1732,2663,1191,73,31,236,56,239,1157,1496,561,368,940,123.14968938676111,133.9230757942236,298.2393240334067,173.72654456117186,331.9168344630926,446.2971458078858,408.9088174626902,578.5635907299405,362.9921658534331,261.875386849302,211.29930773888302,183.4664075449409,117.53472900754544,0,0,2
1129,799,185,717,793,440,239,454,456,425,861,860,996,1235,866,58,652,455,2496,2279,1278,375,182,113,848,1661,68,326,1008,851,261,893,1083,990,1206,326,961,1398,878,20,774,984,487,128,234,262,386,458,201,414,919,822,441,17,625,1010,1481,1311,218,1226,1779,746,1801,2611,907,2159,895,981,131,2245,1669,519,1371,773,896,2012,1832,252,1535,1515,933,87.84021040650744,107.35303746376297,155.51478581400846,241.0811430385758,419.3107320353249,218.69788948126626,456.56731193853125,120.351146180736,232.58698380216777,214.74444500554978,120.75977671971062,13.669002827197568,160.28527888277844,0,0,2
207,604,839,469,149,678,639,471,494,109,495,1180,959,281,142,379,1147,1571,1046,28,298,55,254,1765,1358,345,1237,1247,1536,686,1742,2403,1571,609,546,737,646,2073,1692,174,451,263,357,531,1335,1150,22,1173,919,284,550,848,847,559,23,619,598,299,793,1200,310,746,1067,1173,1247,976,1285,1087,3506,1636,525,97,1294,512,2864,2013,219,369,1038,1205,410,84.53614147881486,145.55484367430333,102.1119271720271,231.46548669936124,248.22888253585643,182.5772815273626,570.3891677722211,173.02423247086494,402.37697834076084,60.37672889097141,106.15876199330421,104.29743913556827,238.94656212185924,0,0,2
1115,944,650,727,505,583,1627,1361,170,1263,1162,203,274,62,59,896,895,341,117,293,510,1190,1787,1104,192,233,1092,1587,1025,2072,1677,1780,1819,1012,32,946,471,1969,1145,184,949,258,880,2219,1828,109,1945,1763,667,13,137,326,625,447,34,151,441,165,294,734,1009,500,841,1766,1431,588,72,482,1154,1542,1380,481,283,2055,1364,3595,1632,1795,2434,1569,7,141.20147473858472,111.24755701608258,200.6565560352028,182.18240918620384,113.22137607360195,284.08586472849345,308.1205221511168,597.4470528464585,316.90441020402443,280.22575135819807,231.82452621458197,301.75516632093576,190.3801354501444,0,0,2
179,203,1669,2700,2093,35,1544,1250,657,208,64,252,265,913,689,110,21,152,984,1075,310,678,1089,1077,944,403,214,499,849,866,1123,773,219,189,1865,932,4154,630,784,1483,263,440,2423,1915,134,347,407,64,532,846,479,377,399,82,1009,1044,33,1233,1317,427,419,722,692,382,339,324,202,974,1056,569,68,384,822,1355,1461,637,138,1668,45,654,2851,90.70857122399586,125.79213285963169,156.3332724215342,169.0694557108367,299.0100541787851,157.24423220854044,296.9339261283796,201.8368557807531,135.476378207977,240.1451432338568,102.09266670855311,307.3115381358587,402.1184487512856,0,0,2
1790,1433,2152,367,290,1598,1671,268,886,238,27,1237,2103,534,1587,1967,791,240,474,386,442,589,498,538,751,364,296,466,439,250,1128,1450,1088,892,506,852,1576,1516,760,2068,652,3139,1019,331,152,13,1152,1111,205,338,835,1072,1855,1889,546,836,1610,1183,601,52,599,835,450,178,131,354,39,346,857,1318,1376,81,1455,1540,1361,1154,180,761,1172,896,658,167.084947356881,160.23182584875505,248.10001729155385,187.43963584794366,81.16849758373012,391.7653648235394,190.49568906808474,403.2794992448414,141.56239274480342,114.45375868153776,176.56955509204164,104.60917251861127,95.70915202190403,0,0,2
1914,189,5290,1110,2849,3300,2036,628,1726,2527,961,3331,2116,144,594,225,231,661,1238,796,404,1049,198,53,525,334,1334,1766,222,1416,1487,539,210,282,127,978,1577,1023,394,111,337,104,158,2308,2636,380,516,1179,194,345,2695,1432,656,1626,1122,306,715,1134,51,685,807,835,788,120,1117,1036,30,1175,1246,483,76,484,363,377,628,627,121,765,872,845,571,35.098821914835405,65.71415742495599,143.63568601531173,342.94461379976593,89.84571845669666,515.1617166497867,641.3103634232953,676.8713836462441,200.06397247361113,399.1103214154107,358.4495857089548,163.82613147457687,268.02686910741426,0,0,2
46,904,1662,4,1410,3619,761,3398,1976,247,111,1543,264,2537,1859,95,340,1204,1187,803,1931,1150,389,102,466,1023,1229,435,582,966,721,368,76,80,83,607,1066,1119,1026,637,271,392,1338,2533,55,1196,3104,1713,1123,2371,1981,607,84,1898,1393,187,1382,987,850,1555,1371,455,2004,1667,429,447,526,617,379,58,455,395,413,393,318,41,717,1230,1574,959,695,181.97275200073622,104.12073387251063,212.72764323775996,178.85085851851625,591.5830732027414,107.11139133351412,820.3083673038271,66.59773080927422,358.76847842296115,115.35592246464574,135.3812480528762,303.8191089986159,185.5640507870618,0,0,2
1254,1083,1233,1281,595,810,1519,3346,2577,784,1502,636,2348,232,3135,2040,48,106,1123,82,1967,2279,393,1298,1031,171,37,247,203,630,1227,584,41,60,61,764,1613,1248,56,884,1501,1705,1578,434,316,530,1355,58,3616,772,127,1486,889,146,1796,1852,752,1176,1005,169,1429,1658,785,15,387,247,310,523,683,361,451,1126,645,37,433,906,1097,777,43,985,1198,86.80508172411226,215.5746264241535,64.82785697038332,461.33964737090923,68.34870609601911,659.6194918612914,348.7075139137389,583.9578111271596,200.90701046443453,82.52617496250434,205.92044807432345,222.65207820068846,194.91781406658126,0,0,2
724,807,752,194,846,996,871,583,4301,1268,1191,1411,1783,1840,2362,846,1684,1887,1600,1488,1057,254,1611,966,50,232,906,342,456,851,797,238,586,908,834,530,45,189,764,1302,965,213,190,289,801,830,618,416,2603,1228,2627,652,893,2116,957,719,585,1502,1404,985,186,288,1303,858,516,1440,1101,652,560,43,1326,1483,809,168,78,829,1009,827,595,199,331,42.66527668074152,237.29895406229213,97.95826342732168,378.60357958929694,244.8274200840257,301.5164354098859,165.21791101183027,291.15917591568854,223.24765378354383,272.9524648588168,131.4375520047553,105.33016043832151,73.13991231510217,0,0,2
1024,820,565,729,988,1097,528,1424,1538,5425,4629,868,1976,378,510,1362,2851,1249,1006,714,440,361,1700,1603,293,884,1132,508,821,286,63,423,946,871,165,286,343,507,1095,1501,751,933,1650,1748,1211,312,4,69,2712,2788,378,147,781,578,439,355,843,1404,1254,95,614,1110,1494,1567,870,751,1724,944,201,703,679,365,194,30,40,311,905,1311,305,763,1190,274.8432992734642,172.91367665210493,384.6477147051782,353.601285668315,415.9216445756143,355.30062561706904,493.03381753969035,410.9138562315505,455.263618631628,135.75328352364633,178.43502517745947,110.14466911468396,2,0,2
1455,816,48,625,1346,1428,1126,672,293,3681,2187,4168,670,3203,1365,1038,1644,1012,611,2733,3205,358,2080,1644,603,702,885,17,1203,1100,552,131,77,221,234,1023,1292,814,393,1399,1243,1283,1215,280,908,2006,1279,275,496,672,1290,265,2745,716,1733,2179,2844,699,192,353,1518,2320,2094,602,778,641,42,196,863,914,450,124,491,693,829,617,234,588,983,1164,670,120.95726469295096,280.71477891042326,119.7954437790557,378.27153829591595,481.1322323436666,484.054140681156,759.5433122526264,406.02179379548863,259.5887566288106,204.74092529023426,115.35651387229814,102.77843846322631,125.61308190264354,0,0,2
273,1157,1343,1230,765,249,249,652,583,1099,1318,229,5479,747,2998,1275,819,1110,2475,1308,2120,2445,293,263,1139,1536,158,1668,1588,445,79,286,542,1135,953,309,1531,1092,69,372,210,185,991,1398,712,101,378,867,1519,1367,575,173,1803,164,5040,2539,401,211,669,7,1548,1748,363,83,49,26,572,1561,1487,611,644,1275,824,104,558,599,505,31,666,754,628,66.35204970700636,239.1383381210877,49.70506443495713,495.9113118800132,141.09589159504256,749.7322180614749,305.74345811749635,536.7788196721625,106.25794471489019,241.59009652544043,45.938093192533394,404.0777158625492,293.63996513542776,0,0,2
205,21,21,953,1603,1025,515,1591,1712,1081,449,342,2294,52,761,2994,1400,1546,2241,87,622,1778,1586,384,1810,1345,308,938,1241,473,2175,1604,305,1315,943,243,127,43,266,740,850,594,248,622,757,1256,1292,229,1300,2229,1629,730,488,55,1440,395,153,1580,1205,727,1437,1080,839,413,2284,2832,677,1889,1191,681,1673,1819,599,1344,1757,548,84,160,85,197,687,115.0799322890533,183.33060994972547,161.80429702290175,291.6573417343099,357.6632048799541,618.4193238377893,274.48806316346617,509.4781248331748,114.49410220670221,182.14920658839765,238.7085086643933,210.72573277753668,118.8513394503058,0,0,2
746,194,114,269,657,877,1141,1056,208,1565,1563,1120,632,525,260,696,1952,1098,1652,3510,2638,409,186,779,945,3197,3199,425,795,596,219,1027,1655,720,174,236,78,375,1012,1242,602,135,608,1137,1402,608,245,817,1304,1206,981,699,33,175,128,525,1015,1130,1676,589,1827,2276,551,2647,2145,828,216,106,673,495,1376,1188,514,623,1026,217,1023,1868,1340,230,1036,89.58135589135688,267.4381244771543,35.56081065276673,365.35492377511474,137.26272709661572,701.465445173245,103.77453126620327,368.38850867604987,160.48500819983585,58.76381441700931,142.62481117859602,176.0291623709494,235.8160663037297,0,0,2
1193,335,7,289,381,781,990,808,154,37,526,1362,1327,547,275,119,1372,1994,2638,1465,2654,3739,1418,3158,3081,139,2116,1007,2046,1032,3363,2065,209,68,430,673,1954,1479,475,1882,1221,640,1330,636,155,321,718,183,1451,1183,81,608,739,1231,1539,820,853,1722,1547,1273,734,42,32,2437,3106,203,209,423,0,1125,628,1979,1715,700,189,124,829,1862,1682,385,1364,221.92545736179724,43.57482842939371,237.83153359755667,430.45562093646,460.9111119565247,493.967397082519,892.0459224255188,403.48148188016387,383.81354856493095,129.1842917946076,320.4971955895169,71.30877941856767,189.93029526686126,0,0,2
1386,185,218,54,165,461,727,284,239,1113,1399,1011,206,512,898,1741,1477,310,783,1271,1233,1396,1026,2079,1186,3975,1196,2260,345,2457,2254,1657,2313,263,260,1897,2019,486,2233,1516,50,391,114,433,385,1413,718,323,631,386,716,1509,1236,901,1920,1180,808,807,233,710,1653,858,58,644,1027,363,2538,4082,3582,4963,851,338,491,158,1071,2127,1871,684,395,880,605,133.93160524744334,322.25744365577674,226.73362484138534,527.3471592375693,139.71992744415522,607.2821286089328,492.48646174914603,769.0429161964106,143.11339806644446,457.8125320067413,238.02954259026444,168.65525810729721,200.5422863420723,0,0,2
407,733,937,354,548,1103,1043,596,237,755,1034,959,743,169,1270,1135,961,604,294,14,743,1184,1270,866,569,1870,440,3960,1834,3646,2840,1177,2197,1494,453,966,1653,1197,839,2263,1625,107,366,292,655,1205,562,1207,1684,237,1144,1187,497,85,345,174,712,1276,1066,288,459,981,1631,1530,719,107,1105,2480,985,492,1239,1665,1103,0,1231,1640,866,592,450,777,14,8.35914966158219,256.06105968824835,177.70874427755115,138.64654727401464,211.23901302789693,172.85363793830032,393.47932223493285,536.9253302366608,365.12497052585223,333.7681251797158,262.3487501946216,355.20692732494894,47.073119658661064,0,0,2
1743,2199,794,1028,1159,797,935,934,227,1379,1004,372,45,84,54,483,1242,1097,621,73,475,976,1334,1728,1453,148,1038,3785,1528,3513,111,2525,1761,3,1167,480,327,2214,2867,950,1042,1513,1216,1438,990,101,1028,1359,887,231,682,196,34,802,905,149,629,811,811,1282,1207,342,1643,1899,1432,1058,159,644,975,816,1012,3913,409,979,1515,1485,161,2205,2862,1302,331,90.85950722661717,274.95562090759114,166.85696170553527,408.18487521169953,135.55632823664118,535.7775898695475,191.60302582369368,763.0040284876625,320.04863701562255,318.2841959724222,377.78350804450616,39.788165441939924,184.19192926030018,0,0,2
116,161,809,1636,1167,94,1058,724,251,291,478,226,45,555,1299,1493,236,921,1237,1514,1394,353,928,1283,1038,926,656,343,1792,983,4471,2221,5014,1354,430,342,551,663,3136,3056,127,1574,690,166,769,1327,690,515,1060,787,191,222,562,634,949,236,978,1608,1164,53,551,485,766,1463,1303,203,362,729,624,669,198,2662,4008,2647,2398,118,1193,2138,1608,1291,2489,117.53722883899619,427.23243971025926,64.99755373077001,592.0001565044375,358.5398940494628,529.4562896247141,572.2842525486913,584.1521217408589,210.8324056834899,348.93594663370754,96.63839670749168,210.63541787549366,323.4535326416695,0,0,2
1520,367,17,283,166,602,1203,1017,129,669,789,837,292,537,1219,1079,254,92,132,289,1266,1328,639,179,683,868,1108,1531,1032,497,2662,2172,2119,974,3331,1295,1348,2416,634,385,1275,2386,958,1181,1477,759,597,881,537,902,1935,1453,186,1160,823,235,901,1055,112,986,1280,763,821,939,544,93,225,798,2195,1895,1728,2328,4290,3701,2177,3427,1950,1039,1440,1164,1699,454.3641117246873,288.2004430204917,414.9778716475093,491.122200589989,398.58012055294483,534.1752403713226,692.4000703369384,455.6064248466456,516.9068695295795,304.6306907028618,369.383616710143,114.43932765567592,149.43466997238045,0,0,2
525,2161,1701,371,304,653,1314,879,153,706,883,511,589,932,481,57,96,111,420,975,1097,640,515,1405,1816,1173,149,1019,1348,1455,1216,193,2678,107,3061,2300,3133,121,754,216,441,1076,2830,1964,380,1401,765,1047,1656,476,1100,1463,828,207,667,248,251,679,1043,619,613,1407,1081,441,442,148,1374,2061,1854,574,32,52,393,2480,200,2175,3337,2911,776,1334,353,290.8306145223346,218.29627930054303,295.5192764654708,495.3544117211187,388.85331746045324,547.1664513261858,500.02669420646566,372.891246491797,159.92535191497436,278.40997411540644,190.26263761354681,371.5589899308434,334.36491321789305,0,0,2
53,1259,2900,2067,654,2393,1485,229,364,513,62,1211,1262,411,270,134,134,596,1151,566,607,1601,1544,740,34,547,1082,1440,1416,664,18,555,343,3695,3362,3004,1797,1474,1697,445,3528,2149,950,756,361,391,2110,2074,178,1044,703,297,603,1092,549,1187,1644,782,300,676,805,940,1155,872,562,1520,1357,934,689,406,633,844,627,183,2635,2114,2499,262,1171,1937,2719,225.24184303991478,324.3337253917323,121.15388656000685,426.3994126964865,134.98137834531104,484.17678382758106,711.8817725205294,293.9729690664286,501.38770011401584,326.4401793006297,294.12101171943755,336.49890502805493,95.2091063285319,0,0,2
1618,540,1111,443,513,973,1144,317,745,618,379,647,471,107,928,1304,418,513,727,469,412,441,9,729,1357,1005,176,275,409,721,1509,1511,676,1699,460,2382,3104,4132,778,2781,2728,454,736,3311,1755,1762,2322,170,719,862,1879,291,1792,1984,401,589,551,616,518,197,554,1304,1018,32,271,13,184,933,1960,1540,89,803,861,1659,2047,1669,1143,2074,2179,1203,1778,73.27015471907062,160.00547691120903,211.0803886900868,200.57024609223478,522.3670273380585,385.9969256021257,986.9530187363998,343.92536491971407,291.99857454654824,197.95402675521873,179.73995110767055,168.5941461728819,379.74361114995725,0,0,2
2378,410,714,92,735,94,1666,1548,878,621,742,225,1927,1970,547,1018,1246,720,199,251,329,65,713,842,857,996,497,271,1371,2031,1696,906,81,848,2565,186,2413,2439,2790,98,1299,930,406,749,2455,1720,385,852,1260,1519,1465,541,844,1464,1226,612,241,480,208,424,743,648,147,756,1340,1230,1010,37,1051,1391,1800,1645,1027,316,1223,873,37,3432,1761,4548,78,64.12144626283845,308.1784001310622,122.40836580948526,441.4586971747971,128.11660704217857,607.6304040240669,273.49577790427037,583.1439520335979,246.11281493253378,231.06438675402688,214.36580093978353,397.7764545095528,259.70333632957926,0,0,2
3222,1091,574,2271,1294,276,986,466,1003,2028,1423,293,304,578,546,648,612,248,558,967,728,298,186,739,1127,1280,1192,1,1358,1518,1171,937,154,653,901,967,369,2773,4403,1753,2996,685,606,818,3722,1269,3023,2782,57,218,1528,1435,644,1929,1076,188,307,350,12,1382,1507,64,1244,1088,653,480,42,518,1551,1530,645,46,288,408,1017,895,1010,692,2794,1234,5019,34.53616785308036,174.40390093164086,158.5382668203661,296.7694614315398,396.5706596875266,525.7099450083231,776.0986101007052,404.9408865957141,406.945159926546,86.10991897772959,213.12226210747986,73.36665107971243,87.6998434068635,0,0,2
2310,465,1464,1718,656,1251,1999,1116,545,396,344,78,297,766,1302,887,180,396,743,1042,810,213,994,940,1022,734,63,601,1113,1130,909,751,489,348,1199,1147,1755,1244,879,5027,1331,3046,3111,1788,672,11,974,637,2531,2294,440,632,241,169,1203,1702,317,1432,1846,134,1317,1249,241,227,298,42,587,1297,871,139,227,962,1634,1750,628,507,893,946,2267,720,372,119.42911367786348,154.53950249616494,220.7903659665676,128.01439729944786,271.20960528712845,275.0670665163932,656.0411461665955,452.0966224289203,455.0053828076497,173.54422683043498,197.01845684732086,413.84597195756726,101.39168795116704,0,0,2
2077,1523,2562,250,530,905,1100,348,1188,388,352,1003,1466,580,957,1579,1340,512,114,740,696,372,491,640,105,449,709,1221,1292,481,205,1024,1454,1623,1706,1017,407,1083,3860,2042,3717,429,2632,1431,465,1214,186,180,1664,2768,669,1992,2321,1160,370,78,466,1024,1143,712,753,1310,491,231,387,403,583,1583,1764,327,851,1205,1558,1411,572,514,1146,1675,1040,2870,1965,231.23595435906438,96.18196776556944,255.28471091839484,226.54356858878396,384.9995275971128,364.4041105619132,600.5368350667688,463.9006040138454,367.26897734196183,221.69531295163785,274.0716202778662,147.2810927224277,165.39841391753754,0,0,2
2994,698,1094,261,725,1306,1259,275,426,1322,1670,1106,555,251,683,1809,1179,321,890,266,98,857,1205,241,533,1152,1639,1236,509,820,1621,1743,1285,843,135,1163,863,870,1740,709,6273,1086,2134,560,693,1284,3084,2441,748,1634,1160,1119,1162,509,216,693,1222,859,310,12,448,142,1291,2127,768,817,1145,1233,1061,903,48,1230,1365,1160,1114,1104,25,176,913,834,162,237.61544317193707,81.30569820197043,348.3012304202014,178.5982051932258,501.8464811324276,249.62681143044995,500.8598781879321,385.59200544020825,409.31100437757834,51.975288854241036,280.0709130427788,147.62635755592285,274.8098389599354,0,0,2
3003,874,572,892,1264,177,3101,3131,121,1233,400,127,886,1884,840,771,1298,650,304,62,206,869,1258,632,995,1539,758,95,206,115,549,1565,1191,47,573,795,1015,421,2099,4366,986,3237,2567,675,16,1836,97,3023,3222,768,727,179,959,134,1612,1564,498,497,818,599,751,544,437,1565,1313,500,95,398,689,879,921,881,438,431,1144,1530,1033,616,715,2324,787,88.09113122559356,87.18972935491655,175.96685807443887,179.4963257946484,270.57509355075535,453.48280126732425,604.570443159371,768.7585330280583,232.5409154004186,293.8402504395913,112.8940419668031,87.30542396368688,271.73380856486796,0,0,2
2728,2255,1917,317,257,779,653,1071,1235,675,201,765,1217,576,940,2095,1405,237,853,905,502,332,55,738,877,504,180,303,386,859,1419,986,2,616,1305,1770,1229,228,1204,662,85,4390,2404,1262,1821,47,646,1733,2511,396,754,309,46,1086,1937,1014,664,1238,1000,493,60,424,595,592,612,30,570,770,698,790,1097,412,1225,1973,1555,814,327,587,1553,1829,968,63.293491161419006,157.9116502546432,117.4174368668273,351.2137435366992,335.72103840093195,403.29691712345334,301.2612804901054,488.55064674215464,165.7522468359659,171.58740731076307,169.75467881851486,200.01927995137692,191.6072933703633,0,0,2
937,559,22,84,2063,630,886,718,2145,1563,964,1821,733,743,1314,873,766,2088,1361,33,508,332,165,352,896,994,264,531,795,964,1535,1203,485,2064,1930,1197,735,573,14,1183,1082,2684,2049,2166,621,1560,950,1305,2540,990,465,1388,780,1325,2669,1564,94,160,78,280,693,1141,867,385,807,896,637,262,303,967,1469,1031,131,233,874,1495,1379,722,27,249,528,134.41277643257226,84.01075592184758,227.98045863069294,275.6621356404832,195.77648128669594,375.8292076891389,368.45336221172045,556.8153876083705,60.59319017283448,179.66175938293065,139.08297483829375,276.45770321501516,78.94147378016834,0,0,2
903,1250,532,1311,3971,215,1296,965,2138,2093,1625,255,1514,1319,971,551,826,816,300,896,860,733,327,449,918,844,68,514,639,708,763,200,504,793,1069,835,488,192,924,992,1131,1414,1174,2677,1520,3044,584,3754,3494,636,3821,824,661,1307,2464,448,2276,2276,428,562,35,15,946,1787,728,1369,1833,755,397,432,262,728,1069,714,395,1004,850,819,1402,1441,359,201.6676991362088,50.45723849031102,291.21018225704245,188.90874850868641,498.03310193700986,308.47163474040167,830.1112898089149,595.2436430882793,330.2160184653801,206.75636085063388,112.52401674374399,346.3601582430566,115.61422369030578,0,0,2
1429,1579,811,1767,1412,1675,1774,2121,338,789,422,603,184,1190,1335,310,171,1087,581,575,2079,1522,157,1159,1057,349,190,309,647,766,417,34,109,316,1105,1499,678,800,1573,1466,1140,583,419,1284,1049,3440,3182,2650,3114,1030,301,228,1496,1059,850,1193,74,129,1465,2259,561,1569,2131,831,348,313,84,648,998,690,147,390,874,778,776,488,726,1717,1833,1366,940,68.4530952065529,162.83887355659198,93.33577519109342,165.47770961370213,148.18203754166697,304.83863280441545,405.83209265045843,595.3011256133344,356.6760472103131,368.83800568470383,47.11342007336327,244.9361414405612,390.20078563760495,0,0,2
430,433,1450,1896,518,1422,89,2734,1505,1287,965,795,632,733,1737,782,1312,2044,1383,287,224,587,1103,1113,203,550,464,426,277,21,315,950,1329,653,473,1260,1392,1122,849,109,1466,1593,979,815,287,309,105,2938,3169,1930,34,2190,195,2714,3285,149,1203,706,414,2141,2802,751,1065,866,16,234,1008,1066,193,1168,1331,673,353,463,119,1303,2034,1183,564,899,759,209.97693068372115,218.90286020116127,268.04195885207486,415.06981877853605,254.79021395061469,505.7916076549602,578.6821460162884,454.41359393781795,56.05537411859222,145.69511311480434,41.01238315686544,234.23303152948836,249.72801835607765,0,0,2
1646,1830,1084,82,170,753,1386,2428,2564,2283,939,3106,1219,734,2563,1095,176,952,797,93,754,819,712,590,340,125,744,1064,872,84,725,981,653,354,149,484,811,1207,1079,292,141,270,949,1658,1403,614,7,678,2290,4548,752,623,1248,482,8,2116,2458,28,1259,316,355,347,1453,1399,372,712,1087,899,435,3,707,1317,1025,62,777,923,547,192,850,658,753,141.34350217884727,133.95929164917536,246.45460339304543,86.57348256559298,522.5558708167003,98.62462946684587,731.2604357221695,291.4737782803219,305.35709287810306,175.80557167607444,161.51736823156097,124.23183308914466,194.93370180968688,0,0,2
1380,1268,1149,823,284,953,3242,1177,2596,858,1161,490,1054,1721,414,322,174,531,338,511,1200,1218,931,310,1056,1119,717,78,807,1056,730,82,58,8,229,1082,1201,299,326,881,1378,1423,948,130,459,940,481,3400,3596,2179,2637,1039,312,261,1495,904,1098,1209,168,326,1179,1243,109,1471,1541,661,453,1008,448,242,357,412,356,955,931,529,68,376,1247,1665,1271,222.1954789636764,70.20548789954982,183.48826212465164,61.48524496281163,388.0393182397887,110.86069311093168,552.6833733221904,269.8934712062627,415.20230889113805,268.69035576881924,342.6621115872492,137.21118141555118,147.163466581652,0,0,2
513,284,1059,1976,1680,581,114,739,1320,2064,1074,828,2144,469,157,391,20,804,2347,1881,282,1684,1351,386,296,605,140,1243,1099,37,586,13,188,541,1734,1408,131,342,968,1811,1969,1070,219,1362,1938,1639,1142,440,1099,811,2434,1476,1689,778,2802,2688,624,1693,566,990,2627,2211,309,2340,1523,67,190,439,470,556,1534,791,274,149,57,1062,1488,472,1050,1855,1387,182.4305087796797,100.56672524699135,291.8540459031638,77.7396844037505,331.82357228653905,148.41526128369992,797.2845792008337,232.11962334924385,246.5713188360239,152.09671440904353,96.29518275111887,141.6074644425074,188.1030631600711,0,0,2
716,482,303,488,1106,1248,1147,671,1171,97,1546,434,1093,849,476,1733,1236,684,1936,1389,180,347,870,477,630,1424,779,250,484,346,555,1385,1059,33,600,920,819,1122,1005,20,891,1318,1189,952,472,331,23,871,1487,2916,235,3385,2206,2755,1656,3375,1961,808,178,1627,320,2130,2087,48,243,933,632,1057,1909,1036,495,1414,1011,640,122,41,94,788,1269,729,228,200.25322116109206,109.73986596234357,202.10696702250343,267.35393749898645,461.4149285079537,496.31538475822686,451.84861169953956,725.6234141743628,124.44235348412143,221.88288479046423,169.41559234985175,219.93242165126253,112.69718774309445,0,0,2
658,823,1087,1490,1334,268,74,832,1492,3551,1574,3258,229,605,1694,1739,1072,471,958,414,534,400,1531,1393,564,336,1183,1167,645,182,709,804,612,322,377,560,654,642,462,90,892,1529,1337,622,190,653,1719,1674,1082,643,898,1448,2863,3044,1167,153,534,1320,1373,2418,1246,627,862,456,1476,2566,1350,511,974,728,794,550,85,723,652,594,219,302,864,1200,916,218.94790126914418,52.19585305659306,299.03856269883585,74.83108708207796,595.1858953301902,271.78251457402683,431.318428671037,247.80149379209126,229.10288791832724,86.26105509865775,265.4016886473309,129.76741961892554,93.56308388653181,0,0,2
368,709,1787,1547,617,315,1041,1725,1576,771,336,656,80,1239,1646,3574,193,1509,636,536,1605,3775,2200,1344,1766,558,788,1420,1104,632,1786,1090,8,284,4,89,755,1241,702,703,1314,1158,702,456,85,1428,2083,1279,382,7,140,1953,269,2121,3090,3204,31,471,754,878,2246,3233,1020,1113,1476,1004,1455,1428,14,1222,1129,172,145,789,688,554,1269,1004,26,632,984,207.73070174477212,139.32308962707066,228.85795193884871,344.8001049054517,118.320077015695,699.3533499172308,180.44252086866933,531.612357757328,326.765027827414,271.53692446553663,52.01161872557141,92.00807668924477,150.84398422303778,0,0,2
1081,967,211,649,974,1177,1418,675,128,396,623,578,477,2433,1321,340,2684,337,3135,1693,925,408,819,263,2131,2147,622,465,98,445,519,1460,1053,77,705,1166,861,302,219,578,763,934,931,332,548,983,1391,1072,522,193,361,746,1226,761,3679,4011,3441,3913,187,141,2222,2569,1494,3313,904,999,213,1995,1092,1159,1688,962,519,347,319,1155,1629,713,778,1300,646,268.35718407769923,110.15458421243255,391.46505179967744,147.72537053868197,679.8900669409725,363.3500228020612,740.2062422746255,343.90869998095195,333.0863128365386,257.5104469857276,98.72371778202508,139.41827310962358,158.72180548779156,0,0,2
75,240,45,355,1212,1221,481,217,808,1210,1919,1210,23,782,833,1376,5159,996,782,371,749,681,1855,1311,60,204,289,618,1214,1422,604,317,1005,1318,780,254,671,684,517,373,176,191,755,645,777,1163,546,840,1565,1496,1169,988,371,1047,2651,390,480,4451,1668,2253,2365,429,542,1640,2783,720,988,878,424,1440,2378,1143,1235,1980,1115,321,123,39,399,636,879,233.5033199450105,75.47900464536211,336.5364792862449,168.42031957222065,644.7092741112075,418.32208870475665,506.11902173084155,371.7707369276894,220.5477583838893,156.343015832657,93.52209199872065,348.75705753764004,71.61195814165701,0,0,2
836,317,579,904,976,1478,724,643,1556,2105,1635,1264,542,457,1333,1135,794,5137,66,977,1171,506,304,1916,1650,1209,920,325,1551,1815,909,72,278,607,808,868,383,25,367,587,609,555,432,543,1285,1264,656,151,405,737,1684,1618,462,336,750,2482,409,2743,1318,3238,1587,268,1557,287,1046,3047,1882,928,2403,1635,384,475,925,146,1136,1268,682,139,678,804,830,285.25369813277365,97.73044076657693,398.5419054117225,199.216061667419,511.17445468743836,150.45841436556626,514.1256110894143,275.96997772531466,402.1611902614213,114.20857551740512,273.291225839906,106.57108563034284,246.00125791444717,0,0,2
623,348,903,1237,1169,371,485,1111,1449,1441,1069,48,799,765,613,1142,300,988,3329,1338,1901,439,1749,2117,1555,915,1911,1084,594,722,1024,311,537,855,882,748,498,418,909,991,641,272,1035,897,511,304,224,1038,1256,990,544,414,340,581,1616,1021,2442,2020,1801,996,1214,2185,1650,1041,519,1069,977,1240,1222,1026,395,98,70,911,1586,1291,6,876,1166,714,224,253.363244419259,70.63639433020205,250.53911163163977,186.5175636294845,265.70734017900224,144.21066840284598,279.804612865551,124.38303124184402,64.9138427469877,94.82747353908414,101.3224971398436,108.27280680816159,211.16382204491185,0,0,2
945,1119,641,189,400,414,566,794,1216,801,848,1501,1381,1173,755,0,28,2971,3223,1985,263,2537,306,2331,2318,94,1158,833,1827,285,1348,1364,724,756,138,700,1499,1195,147,1188,1093,454,48,569,699,88,1186,1300,603,615,540,542,1601,1884,1605,1113,474,302,3248,3108,2586,906,1425,1406,816,1635,1069,497,974,2741,1818,1137,2664,1656,219,144,63,761,1307,1187,51,150.4780361203949,148.83256013414197,174.8277679236696,257.66078842558545,464.3290656958705,365.35612837838244,842.2156397648838,439.1559541009986,307.68431224485226,186.73279447492723,290.6277279313678,113.14609510795736,67.58247277894219,0,0,2
1060,1035,48,337,659,89,1297,1836,792,508,772,1021,1769,1998,286,1029,1320,1360,1268,641,934,3205,1382,1165,765,730,2164,2351,449,1544,1620,1354,1203,768,286,1446,1420,666,170,426,492,534,763,525,229,1083,964,1003,1142,245,1574,2008,1258,708,116,800,1082,1436,321,2389,2822,1915,1559,88,270,1616,3375,1227,2000,2024,706,812,1669,982,932,1601,1069,115,22,362,2,211.4830844460705,119.58145250973146,287.8321667919271,271.9364894022571,299.6738404082011,517.9190275837007,396.82903090248215,371.2451590249116,324.5648650168895,162.31852599655264,93.33391683569329,93.48041687595374,94.78085112865286,0,0,2
1017,1363,531,330,633,1026,993,443,308,1329,1790,1313,738,230,404,900,781,835,342,1705,2297,973,507,1582,2505,971,934,729,391,1950,2210,450,350,127,522,146,1313,1365,617,27,340,877,1004,496,602,1205,1157,467,73,61,79,771,1561,1242,395,141,192,410,1451,1942,2612,1601,4076,1549,1657,1368,3244,1665,2561,1677,648,303,2363,2360,0,1416,930,627,920,836,191,160.22321446680212,139.9884289659227,194.5816967233897,162.6174361030421,437.14276844070065,486.926409306994,637.9991679460118,581.1889971935984,302.50250977363424,336.4823492482162,105.01046877064924,124.30562697109741,214.03913295588734,0,0,2
1696,1684,5,1164,1098,255,87,541,110,956,1003,384,166,10,752,1574,2007,832,59,272,1018,3040,118,1119,3911,614,2917,1276,33,163,1763,1621,25,1143,1322,812,1228,1168,320,1685,1619,460,611,757,232,397,426,74,217,576,1039,940,658,343,576,1612,1907,1597,634,282,800,1589,3768,23,3865,1801,2725,308,1379,2030,12,27,2132,1584,821,2781,2575,792,418,183,410,365.81508362877,196.26814947424438,392.4104383593671,196.93950013653335,619.0199113316147,315.4769690475614,738.2464508740128,121.13124244671087,412.84091080260146,248.1592804590132,226.50647951134988,152.03693780797764,101.10097112923523,0,0,2
1392,1470,273,1194,811,6,307,1258,1084,301,1285,1473,890,523,292,1156,1806,2313,1337,174,1214,640,173,3123,614,596,715,345,921,723,1824,1897,1092,320,695,842,1250,1026,13,902,1118,424,23,105,494,860,962,454,726,1525,963,223,893,1147,1275,665,318,1206,1069,866,861,489,1201,703,1172,3549,3331,786,2096,2796,669,1766,3027,365,2048,2465,977,353,616,337,845,75.60862400485131,98.60009942819613,264.1013078843081,325.4935680216932,283.4363872635269,365.8346789042114,20.69592558352912,581.8426020447627,278.8199691925981,207.22672978029811,122.87553093367694,166.68352503331568,357.8717083467368,0,0,2
1541,1210,301,16,180,1019,1041,655,351,1552,1692,539,347,689,768,947,1508,1147,475,1143,876,1105,1960,147,90,1187,1905,593,292,2161,1552,399,1879,1736,617,472,506,264,343,864,871,476,147,322,829,900,384,511,1058,998,481,115,417,339,772,768,404,51,845,1624,1083,557,666,619,1865,2646,4214,877,1497,1164,231,2286,3621,763,1911,1198,390,397,1783,1484,322,103.15633633855971,231.1113402921869,195.05701241737492,361.3604124167721,344.8577106938455,471.8482637457539,208.54488404209508,519.171133208399,147.07054046778936,16.568929475154214,270.66110368886615,103.10209626139554,193.57971491193757,0,0,2
1365,1034,489,378,69,1169,1345,706,118,790,1009,609,320,262,204,1005,1434,1432,787,542,450,289,1402,505,2101,2831,1449,478,20,2203,1924,457,789,433,703,289,1001,1559,927,275,30,621,1255,993,44,810,1086,286,287,270,292,548,763,736,29,728,1139,1519,1216,107,871,1383,1621,1615,1111,16,2017,1637,1624,1357,988,229,646,570,1905,1628,1087,801,238,863,1724,189.2089986115857,83.59341982932268,285.5735949946624,75.7184514029867,319.5137184065811,75.88169656080291,296.27745429662997,154.8871609699885,143.9687605089928,118.96789322736934,33.530343690364276,240.52794927594948,257.0838052033273,0,0,2
1604,757,687,1440,1063,334,43,417,706,1194,630,25,5,201,1175,1455,414,606,1206,1936,1613,1208,382,734,917,930,3361,311,5409,766,3940,3,1920,1952,102,213,1909,1839,821,2477,1693,330,379,571,828,768,541,60,652,894,550,216,168,408,951,1340,935,495,1491,1431,1249,1080,450,785,1310,2663,782,2241,316,1274,658,177,1313,1684,1269,854,165,886,1971,2078,934,248.17320826487833,166.0264700909333,273.8167911648996,370.7488610145688,472.8707546729868,388.488226255932,466.2090557553162,672.8990795205872,202.19519898578437,442.68018679353764,42.09341483163076,129.97422683335907,81.0794486430301,0,0,2
541,1225,783,236,495,641,422,1028,856,341,253,260,1111,1708,1296,150,461,1129,1955,1717,826,333,593,1554,274,109,3078,1182,1485,1716,2551,183,3236,2100,812,168,239,575,1145,1307,882,13,790,881,489,31,134,865,1090,818,75,956,1106,1223,695,417,1327,1597,1144,731,18,496,956,773,659,732,642,4025,512,2799,2640,1737,376,514,488,1853,3279,1626,736,879,208,152.41952819841816,230.15855281877782,286.9325960340127,80.11918745879848,459.11855767328774,299.4739109042013,512.8513551430137,279.6789702822047,458.0762222351057,166.21450807670323,219.7116279877726,64.71596258642636,242.54533582844712,0,0,2
277,1177,1300,406,901,1370,822,247,89,459,1431,1028,106,1093,1114,998,991,678,138,845,981,744,1026,1057,532,112,601,2338,916,42,6173,1227,2629,1276,881,141,1270,1323,75,411,657,735,971,1291,1268,205,1153,1885,1184,150,818,900,870,816,303,103,107,544,1115,1253,546,105,533,1286,1741,2127,1530,706,244,1112,1106,5369,1445,1962,878,1045,1575,773,2278,1051,116,271.7368209280377,223.65391709210348,350.1985389471123,352.14893399520747,379.08826231499177,437.775424242781,425.25306575294564,543.6548660466805,373.0075468403668,426.5337645154309,229.1058361834978,404.5986803570293,109.53810299830573,0,0,2
1050,1546,115,2020,2432,1295,560,1206,763,78,575,1046,135,1123,912,610,754,636,238,1888,2341,1022,515,613,743,2624,1906,638,44,2672,1183,5078,1444,1484,350,1284,1996,267,1251,1083,1582,1430,904,115,1114,1423,1426,634,208,697,692,486,317,133,742,1144,1180,651,85,666,1365,2039,1139,497,1225,1272,1473,1135,580,741,1917,2066,4128,2842,28,484,1836,1573,2686,4090,1625,317.62902145390785,108.32292397319789,524.1682569776822,279.76186641194477,702.5920869359404,570.1837649790605,206.30869471848834,354.8735470664942,330.37263993006104,330.5903722546275,202.38914533487343,269.5535702962274,194.88537305850343,0,0,2
15,385,905,895,2667,1515,438,776,213,326,939,1121,106,1324,1847,870,248,963,1171,848,606,67,696,1406,1658,1108,598,125,198,735,1128,3076,393,4301,918,2786,1249,2847,2596,94,1244,123,182,864,1270,898,229,27,528,670,855,1096,220,1340,1617,341,628,396,578,994,1187,341,541,685,1053,1294,1023,322,327,282,1162,1388,4214,2299,4467,1254,1148,162,2498,2782,1268,304.2530888752362,117.29656805026751,426.2760571295322,316.0130290864214,587.2922356033664,570.673039893935,527.9085210329469,561.9241947995223,387.263576247318,181.0384714392342,475.12736683259385,228.5334586826865,274.69224020727086,0,0,2
2164,126,501,1426,2490,934,857,989,691,614,426,92,1120,1458,269,1038,1525,584,219,31,162,805,1315,871,63,807,1442,1597,1770,745,527,911,1648,3139,72,958,3004,1222,4118,1028,1142,584,1918,1766,1238,2675,1608,145,9,236,1074,2038,1430,359,1371,939,192,97,379,37,918,1351,1205,576,90,662,1288,1655,1713,974,245,1135,1564,385,2443,5587,696,3397,1822,493,993,414.11873590169364,213.62138147242752,570.3494595795828,101.90229776568003,626.4768551191656,151.51584159345825,593.953815805809,545.4823912913173,102.88721025446394,381.35253909912285,84.24295727904064,392.1618811794244,319.48030382406637,0,0,2
2752,2584,613,1501,730,631,1795,2273,503,1527,1845,1122,333,62,163,704,809,680,137,519,993,1024,1094,757,820,2097,1969,1014,225,142,1041,1994,1935,358,1931,1529,2609,179,937,892,2058,2326,763,601,963,1170,1360,1659,786,1028,1478,937,176,48,152,54,828,953,505,427,61,1133,1594,1056,459,627,1674,1788,1334,448,23,60,802,3250,5303,1338,2151,995,1414,254,2771,172.24127445050095,249.31102011981704,182.50324369003636,333.1312258258724,298.77983637621867,553.7712518513134,375.2944517831029,707.7031399720208,212.60435198951365,373.02834590705834,72.3108869293305,239.40445544175765,71.77227708386803,0,0,2
2600,662,82,316,244,1546,1912,818,547,839,472,291,565,776,89,1272,1579,418,625,974,1158,1171,875,567,1668,1473,909,1035,692,532,810,685,441,2499,4417,711,582,146,865,1197,2967,1853,777,1748,1587,924,505,326,62,231,910,996,443,463,790,596,21,506,1127,911,244,543,1045,977,781,470,335,1112,1143,1124,893,74,943,3355,1716,2447,506,928,1914,2305,1491,359.8839157824193,210.62476237904968,375.291449611791,344.6376487905969,354.9648943909806,457.75666989490264,125.17490037392486,204.86051294323485,351.3853395569564,186.03165004771267,205.3637353577895,95.72744776389771,218.67752155193622,0,0,2
