382,465,497,432,578,684,768,661,1314,479,962,107,1104,94,401,576,94,803,480,454,741,262,658,81,592,212,457,341,153,645,101,684,484,483,599,155,1023,301,1462,364,1345,37,1767,885,1159,676,698,447,644,526,423,296,376,679,28,1029,384,918,881,472,989,242,640,521,315,568,50,343,219,100,57,245,462,184,491,781,270,604,534,201,597,132.80868477223413,141.53431319807504,232.4620422227636,148.42060501322078,309.24286899276865,295.63420188087093,129.9790623510005,437.70066570978526,96.39065353654334,154.16549023058175,241.41216567620683,240.18126710858402,103.10262656663153,65.15010190608452,10,0,2
889,202,1121,246,722,646,399,1058,76,582,450,241,712,504,282,469,436,10,574,742,165,817,635,347,741,402,312,508,139,440,265,53,341,637,207,577,364,722,1863,368,2372,82,1568,868,276,952,532,249,284,766,272,465,647,79,428,522,194,39,469,459,169,211,872,1203,33,1480,1073,1248,839,275,65,156,19,103,384,270,748,613,54,973,950,160.56529529895136,55.64080583783261,155.15157774507657,172.04488839825416,113.52838100228554,266.40717803670424,94.38311770086833,242.64967285876935,155.37768176772306,121.18256316468823,397.78473218451876,171.23068322003735,396.87554843815525,357.27361288928563,1,12,2
181,234,12,622,665,523,624,33,343,1076,74,1610,81,1433,687,1269,1386,373,870,358,246,331,179,32,143,374,312,494,479,184,167,546,427,51,414,542,313,1016,1870,954,635,1665,294,535,800,225,666,721,297,686,933,170,504,343,790,488,358,664,350,71,495,376,10,75,1009,959,250,1537,833,1784,1097,504,834,235,255,144,132,409,27,629,427,92.46958778951797,151.5313390688875,180.3950525278519,132.47239408118207,133.32823256909992,140.86668981460136,360.10621132054666,209.599218035383,109.44144674508767,61.21746308375388,311.452834613889,96.47039019652343,170.836323445463,593.180156674476,24.26836879306045,9,11,2
487,20,248,511,60,717,779,325,407,358,845,1500,498,2462,138,2070,1284,1380,1732,276,1220,610,422,864,49,368,240,86,683,124,966,581,894,1034,254,1192,711,791,1142,43,783,153,294,264,409,580,498,90,1061,679,1592,2638,336,2740,310,880,102,335,506,583,726,682,679,645,113,791,220,313,45,149,47,381,172,690,6,902,658,313,694,291,469,201.83654884611045,19.74480733954522,216.9975509806665,63.51849583498803,371.54380377688983,509.70879231849494,559.5961695958555,158.39388436769053,289.9754978044858,128.26088746788125,399.2414224504841,506.2378263885084,243.62018865200037,0,0,2
710,341,66,407,475,641,385,731,1152,1827,232,2262,638,1337,1286,674,1226,468,1062,182,1303,1056,543,1310,4,1075,320,58,315,327,117,975,126,878,654,224,819,749,546,567,222,741,422,1054,1158,381,923,257,361,798,94,166,59,480,440,0,716,623,388,942,100,993,615,530,781,130,870,444,295,437,196,71,126,164,434,18,963,229,1360,1289,669,178.53601628978817,59.198166114859,210.7445461195738,107.29976960942291,256.7129909244198,200.37747527600305,471.33754502214356,450.4735195565415,217.73103143006603,446.08032217825263,139.23996752252395,259.31526346521235,134.86583736535425,7,0,2
1898,1,1210,282,1350,185,1157,140,906,116,642,351,369,329,8,142,153,239,243,182,435,87,671,230,553,848,156,47,215,232,370,496,163,851,254,702,1065,229,1291,860,234,1210,525,582,722,98,671,544,145,524,595,50,565,364,368,475,81,658,644,249,614,249,96,586,621,1234,2106,129,2204,586,1580,1109,718,1085,227,954,118,1164,1459,397,1512,108.85945825719536,93.47422377950788,81.833870740548,209.5029713912942,326.0271803382979,264.4464574321116,178.4563185369026,176.48056576834293,257.83559491426945,456.054019656618,227.77676827849174,301.0592191439799,373.37890807497365,141.23925193640721,8,5,2
215,8,38,541,355,260,368,335,855,1430,719,1217,2884,420,2362,682,657,596,142,63,93,71,147,117,548,481,348,391,492,203,197,547,274,326,401,578,170,788,2077,631,2730,1363,1087,1416,789,317,581,583,410,1015,148,639,571,251,638,305,541,584,82,349,458,191,166,879,390,2013,1465,1902,1692,848,2152,30,1449,468,533,614,287,87,315,698,223,162.04187724722587,133.69536967335458,29.674671323662707,299.881620964277,142.2379020645579,138.16361636913481,341.15359005736224,296.17383084248985,354.8890234440424,182.8431360148661,229.01093749458352,473.024581968034,149.9699517461789,860.3016101594587,98.37818623858142,11,12,2
105,164,191,235,644,320,204,435,642,69,1998,2190,806,3406,779,2048,1659,519,1501,116,682,441,298,501,261,328,379,147,394,258,473,671,132,891,638,36,983,478,616,1083,399,1309,399,314,375,70,105,759,153,387,644,190,250,281,632,475,69,624,561,55,564,791,241,425,665,996,132,2212,2196,1347,2478,200,1953,862,600,359,229,170,641,256,63,145.62564531306484,54.474403596206784,57.46044786948715,240.96801157773803,216.83242896102308,167.2942342273082,30.90486066034053,447.7533088957907,479.2413011505236,188.67616900150983,214.46550830900335,364.33184461280945,408.84151491912445,568.577466422389,143.97494926985723,11,10,2
274,582,505,474,829,235,944,282,604,512,59,487,388,86,409,96,25,84,501,621,103,190,833,1058,436,1006,1034,1304,1355,384,1665,1116,580,967,577,341,419,98,133,250,194,12,333,474,200,629,308,606,789,42,827,422,382,308,196,159,69,274,371,127,330,698,556,1378,3166,718,3000,1655,1330,1723,132,1110,434,202,534,865,196,202,232,349,26,137.7694174802592,65.201713807584,196.83352212864952,176.6522256479277,287.40350119648855,53.35928873565224,315.9165237188828,405.7376981028427,490.6632737847212,230.26062363672952,384.72396105424104,541.8166669228101,271.1229146187398,0,0,2
452,352,235,86,272,618,302,238,862,316,1519,566,1452,891,1481,712,1247,961,832,1193,74,771,219,269,515,29,594,36,480,375,128,648,601,99,638,482,153,315,1979,2122,315,2589,709,1558,1769,300,1568,712,273,562,172,518,315,304,691,434,587,840,609,1022,152,826,627,458,866,34,636,135,176,110,339,341,580,71,690,900,238,1977,1602,1522,2692,84.46418728068646,21.2879219782229,183.20746277790323,157.65326213163408,259.6571150673082,204.62614037555497,330.7712592551267,416.74988423266575,384.68612935057917,410.1301367924278,97.02566431679841,216.91810080771288,512.0433535199118,239.99639251495296,13,0,2
493,1641,501,822,662,34,166,285,998,651,611,694,38,457,164,348,19,287,327,368,218,665,140,827,297,511,877,288,452,426,116,27,101,728,283,1461,635,2119,2126,798,1468,171,1346,303,1183,406,682,686,169,1022,230,865,578,488,85,181,312,298,384,890,98,852,818,249,1056,439,295,855,63,1126,490,2488,410,2836,1038,1804,1398,1226,1496,294,782,165.48864689371695,157.8153196013615,213.63001633007752,151.07340549627725,151.2457132050151,372.8327797416283,472.318644820808,574.63282067211,68.53323577267484,572.6398937592679,137.67700915009146,261.76521601269644,356.6624513842162,0,5,2
394,19,423,668,95,600,802,12,661,672,555,828,16,538,447,3,449,441,95,143,503,525,48,732,712,309,734,994,1024,233,1536,1985,218,1940,1553,1009,2081,260,1236,995,402,883,142,215,115,139,340,2,496,256,425,707,88,845,986,16,974,435,387,272,38,8,242,6,762,1502,882,1761,2113,1531,2427,210,2115,732,943,614,13,232,556,667,260,145.90827485658255,131.75941770381016,168.20416377045427,134.95760745221432,237.9683096757393,335.5826380407027,486.0613376832293,215.10752197012815,566.4782283059423,52.30134522572796,599.7779117142254,331.2757546995428,0,2,2
604,118,785,552,502,762,302,302,304,530,271,614,580,534,1203,277,826,316,648,476,726,363,496,838,267,1098,872,39,295,397,108,782,513,526,845,72,1003,256,1709,1304,1770,1920,1714,1990,811,2263,160,1641,344,805,407,83,489,644,365,235,199,678,123,920,702,532,800,1,718,457,277,568,173,151,118,243,443,201,767,179,877,596,322,1126,913,93.30688997079362,131.15567304698925,66.46482801939473,209.04251500828573,128.57129777094036,358.95857639688046,380.91460863612497,383.7166491457362,410.08698369409467,81.13398240432808,539.2735301352361,165.99921255499626,101.24835404021917,150.51951794503836,12,2,2
635,544,175,646,424,252,217,399,402,794,531,631,484,52,480,211,380,157,402,38,642,563,78,723,344,107,619,293,522,69,733,675,296,871,415,645,426,269,432,796,172,1254,587,990,1231,315,1264,275,421,751,418,512,645,305,260,299,377,86,340,483,120,196,1178,1208,247,1156,855,993,998,41,1029,704,279,654,340,158,378,422,149,287,163,42.27081460908043,54.617065280429756,76.9058795689953,36.97544278276326,46.7055392225103,181.9373140992894,85.91063052797954,207.2719787944905,380.9812505953573,216.18307407969553,222.51007203412868,86.18485506923403,250.81491725186845,447.39180259473824,110.75418586809856,13,14,2
410,597,131,324,376,429,198,13,742,343,1601,2551,411,3036,602,1773,956,1054,304,845,116,817,408,35,379,243,74,286,420,245,130,573,487,301,1015,504,526,812,334,670,497,4,602,1396,635,2261,498,2183,858,1165,1508,95,775,620,447,277,121,90,538,499,11,594,459,268,1146,2407,555,2788,2736,1647,2845,419,1927,1065,669,702,19,326,225,140,80,159.56705376974176,80.2777468375076,116.36218323320725,218.67925386041966,640.8325661838973,83.57871693077675,113.67906234324963,629.5657257332209,307.9908969934748,340.61832942507607,309.2855078202332,273.4575208580732,435.7399123338682,557.245944138808,133.15462585345873,8,16,2
450,88,724,83,908,452,686,857,402,1037,424,799,706,78,628,79,223,133,95,447,439,21,1442,1455,612,1925,954,1410,1207,486,1194,201,427,312,446,348,542,822,13,551,304,234,366,15,332,206,88,26,314,567,7,534,545,100,571,516,135,326,636,318,160,376,354,167,682,1738,1641,589,2555,514,1305,1272,151,847,407,141,517,882,197,267,353,69.03065242659221,110.7551584372292,93.18620658997969,235.14176950579326,76.97188610135521,163.22268860635108,332.799422113888,463.85879685733556,25.153839916990165,313.7975041666229,91.30096112294733,646.6919509183354,172.70129606735082,0,0,2
261,452,294,443,810,177,308,952,55,939,723,2371,102,2637,13,2320,828,1867,1612,511,1205,705,342,994,235,844,793,285,483,466,198,963,6,391,129,726,1450,42,2416,670,1556,2007,157,1890,861,705,1046,122,651,57,113,97,87,634,190,583,363,511,901,107,893,964,333,1006,366,586,369,43,11,96,61,145,309,505,1881,1343,2031,2403,1221,2123,242,271.50696429513454,108.21155470855159,127.72774136819095,138.02191559392512,128.099587715375,434.8114389350744,277.51300265390176,624.409254453896,25.202715518683227,230.74880953810126,582.1371190817916,180.79849140821315,447.96701897901335,426.9631436198391,55.6022336889549,15,0,2
1584,701,527,406,369,426,295,752,398,227,307,18,446,61,266,115,240,75,395,259,750,260,565,1054,375,581,625,279,44,277,819,108,29,749,1071,378,1440,544,1049,643,696,1497,19,1152,943,927,1753,48,1417,754,468,441,14,240,83,578,250,527,742,43,874,635,260,700,497,520,322,272,209,1128,185,1797,68,1394,691,990,1141,80,292,232,141,99.51421440565986,145.75124121910818,152.22347918623316,188.85946437838194,200.08115826960952,58.557928830400265,358.91443549282576,258.93405460002344,277.78936959819356,408.9156156563807,223.8024153742403,238.88627260048443,268.7130540703738,0,5,2
169,429,50,686,534,579,846,115,1072,684,309,739,447,387,401,46,117,80,363,686,37,656,360,459,328,851,1838,918,1926,2004,358,1616,1391,644,1369,356,943,1044,115,375,6,27,202,66,473,263,330,711,69,696,506,688,1010,128,363,670,495,2,177,123,109,520,120,1100,377,1942,1579,1611,1595,201,984,118,489,417,305,565,423,259,444,486,443,116.5918374189913,126.72503193198325,117.0501559709052,280.6181977409467,138.76588578807608,535.9942962233088,141.52084541012397,381.88807823362464,194.69787304805078,352.9927216925982,512.6832153057197,238.54871872064047,0,1,2
591,399,405,648,218,194,679,614,314,384,536,1253,383,1391,322,962,137,1082,468,1101,914,121,835,552,289,571,219,108,1,341,407,226,675,302,577,925,354,1408,2136,333,1687,1411,911,835,264,264,7,73,446,462,958,83,667,274,389,83,390,299,186,21,274,857,148,1302,576,2225,1891,1695,1548,981,1526,652,1571,162,1043,475,598,700,285,656,9,74.26407751381295,126.68503979688066,128.5659694083502,231.86056501112742,16.512555904557022,144.19729943032502,536.8750495652121,189.75626258207004,472.82474311407185,340.14569137236873,392.5099452809287,121.54543141738984,350.6241134318051,273.77728523002196,121.26250817114654,13,14,2
331,165,399,568,48,853,660,394,931,303,672,877,287,267,930,375,1347,361,1850,857,1976,1201,1331,1522,568,1362,206,871,800,102,541,753,134,668,647,251,820,371,659,582,218,680,113,347,367,269,187,220,470,265,497,791,44,971,569,759,752,934,1259,840,839,494,1213,713,1478,394,1039,68,723,378,66,19,57,357,471,226,711,8,1109,629,807,39.96349366474765,107.67864211374388,70.05842392316275,292.4369999205674,280.1504261106879,445.60045577786434,228.40472646958753,410.6894889913324,378.17128970006127,485.71485951520367,118.17259979985157,257.65364037673896,151.80200131788135,0,0,2
576,698,82,187,115,170,398,155,697,1002,514,2829,2017,2153,3235,841,2140,88,1331,23,831,220,401,168,159,212,257,302,756,477,203,454,643,76,117,549,32,1310,1120,1194,1307,432,1595,342,1240,1198,122,1086,993,370,727,400,421,518,467,106,252,589,137,550,946,82,864,547,593,712,487,499,1361,621,1758,1259,1324,1011,745,1092,413,804,14,430,342,83.83151482761815,115.654260787767,228.16035721597052,104.51396699002183,355.8201591133932,376.707408703647,378.7747396968983,312.7491980484336,140.46576313766124,457.447335489021,378.27581176041883,435.5419863887999,114.06989046848315,344.46371635420576,248.96573999637232,16,8,2
591,610,278,807,159,404,700,288,570,601,524,755,187,686,283,187,89,105,236,257,366,909,151,1264,595,548,345,940,1673,2538,1739,3002,366,2738,497,1671,704,860,915,182,313,163,124,610,447,652,1065,241,1036,328,831,842,60,892,572,650,279,340,79,206,594,61,537,1002,493,2242,536,3083,1532,2548,1301,1800,1275,1406,1277,924,877,317,648,370,185,14.137131826912064,341.16358873551036,14.427223824871533,640.2929037977618,208.39258807276897,883.514870238398,287.14601526466146,493.0185281876149,91.07821022546759,295.40970425731615,491.28800481308366,104.2430616805121,0,1,2
428,15,378,488,97,929,875,452,892,290,556,793,685,460,948,594,2417,595,2161,566,1307,932,1100,1124,728,933,106,475,126,605,707,41,639,799,402,19,843,34,1122,14,1639,73,1637,1037,824,1081,86,596,596,179,560,437,121,503,436,107,13,33,538,491,353,433,625,5,1820,2394,3,2787,999,1631,1649,208,1139,685,39,768,685,112,383,45,141,37.29957736220196,22.29477508094867,252.93499461266123,82.75748988914533,159.51512303487507,327.9794257173893,102.22339713661268,568.722829793492,343.4798184907508,442.9477466974685,188.86124230138932,173.57056718280498,390.82330946893006,492.7003951785901,137.99061235029893,18,13,2
629,306,169,163,59,126,68,304,919,399,2200,882,2840,2278,1880,1968,1042,1896,330,1271,286,975,43,794,743,10,753,111,218,596,479,439,1088,188,574,719,327,391,905,419,288,1311,1743,345,2505,2624,1499,2314,146,1598,294,805,221,277,445,295,569,72,1065,264,823,581,512,575,227,472,86,256,246,273,200,282,195,616,136,901,488,592,939,454,1107,159.6024873644543,139.25704093341812,197.39277565947896,165.49563128380456,320.0277446395547,197.14240944870488,743.4132919982744,8.564239611605542,521.8337418523425,86.32270991277784,474.40474899473867,185.4491010079686,511.3180538377466,157.4807248801958,9,0,2
2287,1065,1661,2011,893,1618,317,1130,570,245,71,9,205,169,211,317,21,178,81,89,62,111,138,199,514,265,477,5,261,511,132,270,530,315,238,370,784,641,2244,1360,1689,2405,796,1570,110,1029,28,491,375,582,51,545,538,29,595,118,243,654,175,585,672,168,402,953,198,1703,1089,1625,2224,666,1374,6,1106,246,876,442,565,394,3,460,534,180.65570132149134,10.650746392825976,151.77006505613448,167.84858188426296,51.7337233711451,569.712317001299,140.35747478804495,564.4554896020727,81.09195969121872,229.18593924656315,373.2736264818352,145.74670630937445,503.89791895759544,153.41297827717034,1,12,2
183,489,702,161,599,922,162,797,45,124,721,881,110,877,259,54,173,137,824,15,418,573,41,529,320,16,382,31,256,231,173,155,475,221,70,868,290,1607,1967,411,1954,11,1185,175,1010,1,709,116,656,112,728,59,560,450,588,750,100,570,589,48,204,575,146,759,108,1675,1302,1391,895,765,1155,542,1293,92,905,935,147,1034,785,432,841,82.95267608096167,90.56997000311941,137.0597302183387,99.31709954429657,271.00542884890274,408.01608384755787,103.35429546789263,342.31166824261135,71.46627297515019,185.25706206865402,405.73801758477777,110.47321387215487,284.56807581516705,145.09866922362707,161.46115797466206,11,13,2
331,394,580,202,455,724,12,752,12,1071,260,1177,642,1161,295,1154,837,885,1085,416,833,324,19,69,384,465,1,663,491,567,1003,75,1016,554,733,813,125,418,334,7,104,60,263,329,69,675,39,40,410,700,2693,748,3164,2397,1436,2783,39,1664,657,655,1120,319,833,725,115,54,107,519,635,383,775,170,545,602,107,738,300,503,595,52,412,147.7424680405454,128.41451822787326,172.25057065680198,206.29661714915875,216.97085777818185,594.1609721598852,241.73516407727618,381.2225293758517,439.2278050810788,435.1214213277811,271.2569593828173,493.51122388254555,158.39999957367786,0,0,2
232,368,249,173,382,384,321,624,111,1082,245,1539,250,1088,415,865,848,731,878,148,834,727,273,909,88,625,375,200,182,234,441,734,6,763,493,600,1087,372,889,332,795,667,611,958,563,774,70,1029,376,869,394,405,564,386,545,316,124,469,472,244,872,152,827,614,651,826,128,717,375,241,430,96,38,237,484,594,275,918,530,861,1328,115.18957992412284,64.35770534419721,125.0739983915484,88.33802280054553,160.48586643828259,189.45588095810345,347.2086556958136,384.0449765131625,50.14967633976857,441.3871102860392,86.94684761910862,242.05811327244263,84.26062771013112,7,1,2
429,1121,1278,719,778,108,224,154,44,591,46,618,354,337,552,302,162,342,34,58,60,272,242,282,918,14,859,1039,412,438,401,291,131,91,460,380,133,1035,1792,321,2407,109,2222,743,1983,1495,925,1533,180,1051,1117,273,770,150,141,503,48,494,262,395,627,127,800,733,453,1134,358,755,577,83,244,294,202,205,630,1676,364,2161,1514,2025,1745,128.53460326426057,115.31157549464824,184.40210448678573,234.01033300536474,336.4338859823549,457.33240678863797,434.7554471774347,190.15767793624826,431.85089965511725,223.53478896020957,487.37802388124055,317.1409775791579,87.0799294470289,2,2,2
138,289,528,114,851,766,236,809,664,483,589,993,1097,1043,1950,631,1894,429,1280,853,711,777,11,810,885,210,735,437,150,378,456,96,668,727,277,925,251,655,687,18,580,565,28,230,287,367,202,137,334,864,453,1233,2169,435,3045,454,1971,1273,639,1081,34,180,108,245,275,210,260,110,104,277,55,189,131,254,53,353,398,172,739,186,538,153.67440659205587,20.785471851878953,184.0613795192726,143.60637152606657,352.30124272417777,46.58390509098588,532.6197460594212,68.075330195082,598.8726536387858,154.3144931555088,306.3351670469228,455.8543318988022,154.1259050995065,0,0,2
108,346,356,58,147,337,597,44,263,1068,1369,1372,2554,858,2249,45,2022,505,1710,1099,744,1445,636,835,961,189,481,217,147,606,286,466,800,74,953,785,300,648,481,226,378,238,206,510,939,363,1235,1968,179,2068,17,1258,461,677,66,173,151,440,378,107,747,641,232,1134,245,1563,1276,1546,2098,532,1189,16,697,40,648,217,519,73,319,309,175,146.43202712002926,142.1243659886005,172.58731344180993,41.991655423047156,454.4526547460357,354.655526797988,381.93494409803907,322.71879640312454,477.32514898947886,343.8128342350324,170.52387345087146,318.6581847519939,345.6446507915016,251.06796282165985,28.510938064787535,4,20,2
473,541,228,769,71,820,612,285,826,228,385,458,217,3,87,492,658,134,454,590,1220,2124,124,2869,688,2105,1565,1075,1972,114,1119,947,385,907,43,535,241,369,17,87,196,114,356,616,103,623,707,223,1002,514,420,630,372,230,317,272,213,364,306,585,1633,383,2323,1280,1153,1685,58,1206,576,339,961,1022,541,1297,555,606,772,56,720,524,246,79.53843634784751,142.97243277318202,109.69630623941026,243.20054600678574,289.1807328471245,248.78935043719713,280.57884037989487,652.8089945048256,155.44072982861934,596.0485005418062,188.65571497127667,491.22666556789545,156.23071145848263,0,0,2
573,461,139,708,666,235,758,317,462,686,216,807,136,932,983,245,869,772,685,609,892,95,485,271,0,243,609,105,671,508,369,784,355,529,799,69,914,632,475,593,133,324,275,52,105,130,597,402,408,967,69,389,712,862,1686,2034,1417,1837,579,2152,153,1842,748,719,951,369,477,145,192,283,36,550,362,541,722,151,878,458,180,812,385,106.79020280657801,119.30564031381053,159.71150305980117,218.80871224945736,231.11772973962857,521.6638960395478,282.0340623574355,202.01068502968076,396.4175591383957,343.3256460221134,162.60815760620324,402.0634245057458,26.283532374322604,0,0,2
159,176,367,21,363,425,506,441,991,885,1110,1865,898,1811,252,1483,372,1168,410,506,654,746,37,715,409,199,377,802,12,714,581,54,421,589,116,320,135,732,1764,375,2217,1034,1296,1519,182,1080,642,154,828,651,317,719,483,1,14,286,363,70,299,576,230,326,393,469,956,1831,58,2841,1777,2198,1723,1024,1530,477,1319,168,935,709,446,917,150,127.82212616076359,65.90805935839609,255.75709042008128,61.01520227735609,52.363990399692455,424.8627033375141,262.7527511904392,537.8761985061676,25.77337835104327,240.68376329042314,510.86274974302165,278.29144454198854,265.98065243534404,445.9261222416791,132.49910650395114,11,11,2
345,51,66,333,77,482,295,384,858,490,1089,1322,766,2811,1041,2190,1304,572,873,274,617,224,44,283,11,119,260,252,219,231,142,534,430,236,266,1185,273,1549,472,1539,218,1539,942,575,866,315,457,777,315,743,909,107,673,713,446,215,668,482,222,575,593,96,167,628,594,1686,3174,99,3253,909,1980,1328,1037,884,682,702,175,785,601,636,861,77.71194569580777,46.35385146029615,240.2903865666055,71.4075712796808,113.91774588186102,471.6214733753834,319.98926387802237,280.00784414430564,301.4440477039391,670.2700244534612,175.33659025559427,190.92145161706748,146.5330521772986,505.71013739999324,105.74732026178914,18,9,2
81,267,223,478,680,192,835,369,446,710,869,658,1223,300,1588,228,2032,310,1854,421,1209,558,914,351,502,242,189,322,101,589,404,337,798,34,1014,414,816,822,693,900,70,617,538,44,247,227,159,173,36,801,477,391,1087,1007,162,2109,2034,1236,2297,475,1332,994,132,568,795,90,1243,654,495,699,237,4,151,143,4,147,381,277,272,765,67,185.1808304315127,54.56868376172066,245.42547965469285,162.6467199684991,308.81022995522676,281.27117264276234,329.29195973674314,178.9640757756012,567.6734770519946,167.27518744371005,397.1056120586568,467.93539783972915,213.72400808869534,0,0,2
339,11,308,420,64,87,223,241,650,1069,280,2937,1828,2856,2540,1333,2565,117,1345,480,214,388,669,59,818,422,199,19,148,521,115,589,635,180,516,939,283,1445,303,3040,1382,2581,1504,1582,1754,557,1341,151,988,792,365,1478,760,555,36,375,474,227,563,723,158,871,19,390,960,1158,1320,2107,1177,2061,185,2089,876,1275,942,218,898,569,48,390,356,303.2751554464897,139.3232736966896,281.86490973696004,184.04895698818365,383.1168915816085,249.36199560708,238.69476296533108,717.2312318287633,147.21881426698553,432.9082439847652,525.5506610848583,265.7012449441463,556.142830948273,227.3503869758085,169.37976626573177,12,13,2
414,215,454,637,68,722,482,395,846,167,730,640,187,581,312,78,6,253,330,23,490,230,23,672,1315,80,1831,13,1868,904,1635,1426,678,1211,427,528,968,329,649,623,107,300,468,252,305,470,25,218,460,326,518,805,76,939,792,145,286,399,174,65,58,277,999,312,1224,1645,135,2233,732,890,1031,111,428,6,240,76,288,421,88,385,224,86.59135521950981,37.663437520040944,220.68984590570813,75.21585662387491,333.4051056272998,259.7413028582207,353.3278590845147,110.68906661747792,506.5575275547046,168.8927364007559,367.11899433677047,283.95737350719764,0,2,2
545,570,66,645,423,301,639,468,305,551,573,717,2340,842,3084,2551,2045,2617,543,2020,137,1275,216,1098,702,505,1234,56,606,355,421,805,143,493,755,40,748,936,358,223,1117,915,1060,702,55,662,187,84,78,643,354,49,298,283,179,506,413,76,312,393,227,99,241,929,624,2332,1741,1368,3236,283,1528,1115,33,521,13,165,53,197,16,20,7,44.742022047490025,144.23393839895542,188.1985177338902,122.92727307760202,168.29912657533367,249.43889589414067,379.197039039077,232.42177143499018,875.7447219918572,306.36050024395183,161.88958228566878,362.5799184757685,245.73404336132631,593.186546881035,78.42525680921696,15,12,2
343,65,187,528,91,611,597,243,643,838,719,1736,580,3214,1038,2840,1370,1553,1432,952,1180,595,1296,216,917,861,240,271,397,751,234,456,901,12,763,598,210,507,816,881,733,1196,2369,615,1823,799,771,1218,22,587,566,20,423,245,507,2,34,313,113,656,802,23,925,1024,726,1756,255,3043,843,2803,769,1377,714,887,717,782,295,258,245,58,242,43.401809207821124,84.88693420479875,276.1858229360071,232.28340100735016,251.7816674329514,145.38122308116812,245.51830219458034,794.1378475984634,114.4769570217464,254.71555251849753,490.2715659036969,325.6273945339227,166.4231221936645,658.9228545623598,103.42656931706398,13,13,2
310,493,122,658,468,578,748,191,803,640,297,736,157,443,558,234,188,350,732,108,426,459,1090,1698,91,2484,804,1605,1711,511,1761,947,572,1206,376,1042,588,67,252,90,209,142,397,262,217,425,248,315,707,81,445,625,29,272,372,281,175,328,240,376,817,1797,146,2860,1758,2395,1596,891,1465,170,939,111,336,77,408,154,478,469,250,547,52,200.31829894697566,16.719720154205664,203.90158944458915,85.22890744631222,372.33760218382463,215.83118028490946,528.4048834748055,111.5257497164409,589.9751755409001,18.64680596976881,385.204449273322,550.693778924111,227.1226760135332,0,0,2
148,346,367,653,194,551,861,81,1134,359,820,97,1598,889,1639,464,1229,933,723,949,184,637,581,116,789,583,359,476,312,54,221,627,245,393,220,671,921,114,1517,944,1252,980,157,965,726,115,363,456,29,218,184,81,100,301,368,435,207,278,614,292,253,437,250,56,752,2297,1444,2461,2664,1603,2110,683,1716,328,1459,119,1115,608,257,1126,440,179.62596591794025,88.11742998776799,69.28032403821112,258.5543115895365,456.8891345500788,219.72788528549574,334.1785262555587,533.096594680194,339.85478419475686,211.88716902465177,286.9428090004028,201.42853314454723,141.9847032196877,457.47262362775126,121.78647730586252,14,10,2
296,159,372,727,102,976,648,415,747,574,12,617,283,32,410,1104,1309,703,2446,185,1757,625,851,702,226,55,224,68,101,527,462,214,546,675,156,716,99,1315,742,872,391,155,200,531,52,917,349,232,456,287,185,434,150,188,368,409,319,902,185,766,533,495,784,220,424,496,329,271,332,247,57,477,725,172,19,741,906,452,705,1653,63,150.03203447389876,73.75841338107915,141.42551789592898,77.96711924361146,24.687780506066236,268.265020070524,63.42262482337215,310.58319460918807,176.46596158644124,86.7857588305612,250.54448669191365,90.35011599251953,221.46314555659137,429.0111764647635,128.7201398587201,19,0,2
1118,589,526,697,348,96,429,771,267,413,452,132,173,309,103,242,58,14,158,231,201,319,540,31,504,656,183,378,651,273,309,325,439,296,1594,375,2789,2433,1827,2265,829,2056,392,1967,108,1415,542,916,1351,262,1346,292,767,334,239,301,35,565,388,520,898,64,906,803,283,745,531,283,746,682,926,1707,948,883,1539,196,636,217,784,93,888,122.94584665833818,126.70124472564575,121.30926842450225,205.08759804220955,132.0957786697277,477.3418650905444,382.55785270026104,497.0712799523369,363.0150109687687,415.56071863585305,428.454884288711,253.31949949737142,265.9684583427038,0,5,2
222,240,190,81,354,643,174,398,924,40,1947,2271,812,2868,353,1634,1032,865,714,171,139,106,146,74,8,57,264,309,354,194,140,371,489,249,795,343,672,344,1650,51,2931,434,2272,1513,1268,1756,331,1252,596,571,1034,443,366,418,783,447,465,787,253,394,483,260,99,173,872,716,2046,3629,141,3983,1546,2138,1652,849,1377,304,755,2,517,372,665,162.79696949100747,55.495002073372774,194.08227888421163,183.35240854169825,724.4111536431142,63.61877002152663,301.0004114152738,567.0782657455856,248.62928844050091,671.4468604586569,125.4552118294381,72.51225164197052,509.50769320448546,500.32620804309545,133.9495474247095,13,11,2
433,760,768,740,903,310,887,12,828,427,444,560,275,380,279,381,512,446,455,897,115,1070,730,432,960,1347,921,1078,2642,415,2718,1281,1731,1711,585,1173,112,269,271,183,73,58,17,374,169,518,349,664,614,118,653,411,254,690,162,330,365,132,615,348,242,702,914,20,1141,1889,505,2226,1678,911,1689,180,1048,677,235,329,614,158,433,8,96,61.420383660427326,137.7936470201164,97.88251580050252,188.63324322785147,232.62667041513387,438.26445635766004,88.76186031960047,288.37265765742774,382.4616489701419,440.308768345206,302.3456687212742,629.7040625024723,246.89227473504098,0,5,2
703,369,213,57,237,453,60,509,554,184,802,1706,628,1953,1895,1046,1483,112,772,27,288,480,210,772,531,502,732,498,7,1056,131,746,711,96,927,708,51,198,727,533,143,591,529,438,752,689,205,1516,54,1022,900,441,1260,387,575,943,189,1137,1031,278,1095,481,811,657,208,799,236,592,505,271,138,172,236,121,370,572,11,623,311,540,992,128.76066229015152,103.20074609321229,81.28252641986951,30.69796805805042,344.2351341416702,291.737776962367,78.45212863283966,232.98622548314484,323.0437712670131,345.17382114538714,361.4752233441287,122.7728025731191,367.62268586303577,7,0,2
4,805,1086,373,246,887,1027,639,1070,260,770,689,167,537,614,82,432,276,130,333,121,94,225,629,104,600,428,598,212,74,105,328,648,2,307,919,318,1697,2537,17,2893,1246,1558,1330,232,768,208,212,262,599,18,427,228,199,536,306,225,691,396,73,814,387,256,869,226,2044,2090,1804,2467,192,1889,680,739,611,16,619,1064,382,895,806,7,237.00504152189774,197.78462358260427,108.57066452970722,193.3401088660281,268.5537741309922,86.45776735370656,261.02922461796015,282.59533498856655,326.40524903078295,466.2512114581278,218.37182708021527,338.74503185565953,270.9761713877851,473.57355428954855,230.84817602638756,6,14,2
563,321,315,401,377,164,594,529,18,129,1342,1601,14,1919,2087,902,2121,889,996,1219,81,263,406,470,145,290,358,176,304,586,65,691,277,677,652,379,1034,508,768,800,182,460,35,26,371,272,829,438,152,1211,1289,968,3464,1479,2877,2220,1016,1780,78,1032,201,50,287,380,120,293,345,230,2,373,291,163,414,326,61,533,644,388,836,85,768,162.88140533174314,97.61948418626227,167.43388026397974,194.19302238027407,226.43245405639183,85.33253709526927,534.4722899558061,440.0859917506423,360.43253223498556,287.09215724405243,562.5325076754863,516.0820864092142,294.5144668873865,0,0,2
555,66,369,289,304,89,7,940,991,24,1235,995,1090,1032,157,792,411,57,71,431,617,55,622,553,350,475,99,705,396,603,743,98,458,575,263,363,50,15,1393,1859,1055,3349,39,2629,834,1320,988,480,498,465,468,229,607,307,418,85,159,597,528,178,939,324,894,180,780,545,170,379,351,211,835,336,526,653,93,482,488,14,557,545,253,86.65140212087799,105.09246908625592,156.1757846165888,236.48508591385576,224.90848926916655,157.62731695370826,309.3169701954196,358.74455653553156,47.109689630799835,273.0837542050883,287.6850935890946,386.06263317980745,108.25746813097577,380.22478428028205,217.6973214286146,11,22,2
438,22,93,331,363,95,509,358,46,503,1586,1757,1329,3231,81,2431,1732,856,1277,236,116,374,360,92,238,178,14,318,46,199,437,371,22,575,642,398,1246,546,969,1266,892,1111,351,984,329,738,441,781,193,517,523,106,503,341,325,172,568,473,166,681,678,164,965,329,261,886,21,1787,1726,1690,2256,258,1764,618,764,591,84,421,674,455,110,150.16402006480496,111.7004887608491,93.49967588183686,155.02825447109316,523.0352195523045,61.2520404438552,57.41372885674319,514.9764278988836,173.8252157377652,281.36495455104,245.81780317793144,203.77217345252825,430.2878105448296,510.8501841954194,72.2498215770426,13,11,2
30,252,569,211,415,700,289,21,864,101,1869,1712,1352,2988,76,2030,584,1157,724,482,356,207,471,352,440,562,201,378,185,286,572,411,271,897,87,3,1165,776,1852,2153,1483,2171,256,2101,787,1210,1151,25,1067,955,180,695,185,250,711,358,147,507,233,176,344,59,223,1026,738,1506,2183,864,1919,220,1713,1024,621,560,219,157,522,946,424,553,992,131.42000369472626,155.3282816390028,252.38347345815524,126.80539181169334,95.38980068807442,379.49341226998877,158.84320484010595,413.4699736510685,315.3961226615128,448.5029704025507,545.1215282663374,145.84789336389508,243.79199279358272,620.9987206026761,180.16826087004202,14,12,2
192,248,228,196,715,422,435,848,169,145,469,2163,1347,2307,3279,1216,3090,753,2134,1359,649,782,103,544,100,286,65,11,411,190,432,649,276,860,170,1007,705,767,1515,455,1261,705,533,414,487,40,569,750,249,654,648,49,609,257,81,683,592,138,447,441,65,691,257,779,653,2105,148,2872,583,2093,1806,770,1747,117,898,1060,211,921,947,66,562,94.7430233965655,175.0191241075996,215.88828401236475,51.510350465484066,84.7385177287081,371.0094013631019,301.18696981525164,299.99491322333694,887.6634852245744,507.8175084090473,176.7311886199484,265.64524679604943,428.10337365677793,456.47020152341577,179.22843422319514,16,11,2
555,227,199,624,270,204,302,90,126,167,1496,2405,381,3525,734,2395,1733,1054,1431,335,575,15,85,243,250,290,755,53,110,119,405,283,400,904,83,681,836,728,1821,283,1756,1237,1201,1061,334,841,56,271,490,187,4,121,133,383,40,530,321,338,576,75,606,289,801,712,472,891,164,638,505,120,185,206,389,202,348,952,16,581,271,503,1437,93.52471094395499,139.32655433119743,133.72699596874187,121.41353095364963,438.6923783010146,256.4108373132464,412.71114529599095,392.10780809387757,259.40618177324853,368.99615316682156,198.46676897149712,359.3417141583896,319.4131016195067,11,0,2
102,2292,730,1890,1639,709,1805,434,1083,1248,83,1242,676,244,502,277,3,133,193,51,225,328,192,354,719,123,770,862,115,625,331,81,103,55,305,1393,892,549,1138,94,1533,483,940,1183,70,761,704,261,343,683,490,400,556,22,175,562,242,475,644,43,658,517,13,498,924,1095,18,2066,682,1253,1199,439,1177,314,325,552,308,177,176,17,143,121.31740580583217,84.34782597774121,165.0754168463448,102.12835218923703,99.04464489521712,177.67982536797135,246.46429011962886,436.6844923375727,267.9850164149789,410.5301358075833,220.44066033161005,83.69882526610547,578.8658372497955,177.25388077553902,0,12,2
201,457,46,536,493,186,46,25,910,997,926,2254,395,2225,633,1651,1270,764,1167,251,581,939,378,342,431,186,40,192,333,332,264,154,319,558,211,806,704,793,1722,836,1409,911,460,665,173,489,389,527,130,491,547,317,733,105,54,223,531,193,533,629,124,850,655,279,978,650,266,4,115,505,679,137,1283,45,1148,748,656,1073,70,421,492,83.60867392164327,57.6885320198917,122.73938473535162,67.42752162389453,79.25478746472906,259.80056143928095,211.17173099062683,476.9883268182362,214.85740052562477,12.863923741747882,377.08075775381997,120.83712667853679,351.68072454618715,300.20596813478664,301.25742408356984,11,8,2
248,194,67,575,527,151,635,201,88,783,1184,1285,669,2662,473,1767,1571,582,1377,210,628,752,162,426,96,36,275,318,446,161,660,190,685,499,427,821,181,656,570,71,174,3,178,458,147,584,657,394,548,801,901,595,955,966,995,834,1538,49,1328,319,653,658,94,670,536,154,470,234,63,247,527,65,618,563,189,563,564,219,782,444,340,15.476169694739186,164.75085834600137,18.844203456013464,257.08093811062787,138.17615029157827,525.3677630518973,102.21969654175183,299.5408056682384,55.053563302063566,443.79115577409556,453.845190334902,139.54413433851332,1,0,2
