1598,349,3497,4169,988,4142,287,2302,695,1905,1331,3057,15,2781,1205,1678,1805,157,943,213,289,512,425,1070,187,961,1170,149,1301,1231,295,662,1218,1206,106,1315,1503,696,219,999,1276,1157,643,2603,1968,315,2301,3881,945,3661,2540,1803,289,1511,773,2927,480,3025,2195,446,1526,541,417,38,230,724,135,870,688,582,1208,898,18,471,920,1194,1393,769,785,1354,716,484.7721847406565,246.41958305405976,740.2261726241443,1094.0015002576913,0,684.3188310283446,2437.674812204453,633.63673265336,1487.8335969966943,0,680.2342205571907,586.5341749744085,195.7790490371281,267.5257824735949,0,0,0,2
663,805,266,777,2189,2528,864,921,1001,1840,4541,3097,1754,2587,833,415,416,1916,1198,814,2033,1564,276,446,630,647,183,1004,1509,497,453,941,823,926,959,405,474,1129,1147,953,542,63,989,1775,1798,1217,107,575,2510,3051,1029,1943,3203,63,531,1444,2380,634,1954,2315,1166,393,982,609,27,683,880,663,34,788,959,1080,820,111,850,1253,925,215,509,926,1172,260.97180693393324,148.76237650935903,343.9057045547669,191.59941270077604,0,438.9751758357186,739.024660115213,977.1397198055956,918.1739461683254,0,767.1009475619059,1173.2585111959668,680.0023459377921,740.0472442459304,0,0,0,2
1069,948,74,1207,2056,2603,31,2515,2437,404,883,899,1516,29,2399,2508,728,621,1141,346,365,305,54,312,301,227,1002,1287,814,114,982,1410,847,343,131,999,1463,1337,906,216,730,1501,2385,2485,492,2694,1274,659,860,3327,169,3415,3053,103,1063,302,829,273,1473,1167,157,1189,621,613,1267,772,96,552,876,947,420,95,747,1156,674,191,678,836,1045,1064,1014,66.5364204178647,372.02234740887087,211.53033792864682,522.854578762286,0,493.0337944806624,814.3039194380801,680.0162425368693,1377.836990037521,0,506.8591231280788,1298.900229022149,543.1802222143591,447.51666730458385,0,0,0,2
237,2028,1945,1319,454,3060,3300,192,1810,421,952,261,2272,2591,514,1336,1490,465,583,543,475,711,434,321,948,1111,643,595,1018,937,666,256,844,1430,1184,353,325,404,880,1950,1972,608,897,605,1674,3520,2062,3009,4694,676,2658,508,2781,863,2397,2584,337,1556,1608,223,433,342,320,793,648,374,916,725,32,352,603,929,1328,667,624,1031,1140,1142,671,175,1149,433.5660402046012,42.05690114599799,490.4563902167938,390.1600939352752,0,745.4336405743975,688.7578376039197,1537.5237813849792,497.4951405259744,0,1603.5986506013314,382.04080295498574,1425.0118607256522,674.7687738028086,0,0,0,2
1826,1619,125,1303,2983,3268,1453,1324,2454,433,221,1443,1436,608,1228,2257,1771,6,1099,1141,932,512,435,1006,494,512,1132,1010,432,121,390,756,1395,1509,503,747,1113,757,1214,816,672,1973,2468,624,681,449,349,2283,3810,399,2509,1977,281,474,1502,1997,91,1922,1449,1670,509,574,708,405,162,358,645,1093,1090,954,188,868,1387,1096,738,557,200,1490,2605,1994,312,219.82222410453866,300.8538372084426,266.11862250567333,228.65178053689402,0,458.4354180252656,559.7032861309083,1027.3137416550803,644.2792295451545,0,976.2558331616203,197.77188877115663,997.6765841320909,362.80681914729064,0,0,0,2
597,2750,4447,1581,3068,2612,1880,1507,2857,4381,772,3026,2566,304,96,741,744,322,1243,588,748,1128,411,186,762,694,715,925,509,811,1414,877,443,453,288,1852,2706,1787,206,1342,1465,2040,2953,651,3983,3530,1404,1447,2285,3472,8,3460,2821,160,1218,593,354,93,428,57,799,702,197,751,891,646,690,144,489,1021,1412,966,287,1188,1665,1683,1161,381,1185,2964,1093,350.4189538255418,192.38363852086144,632.6997394158707,209.61590271073098,0,1310.9089833012818,45.44917903091416,2276.6341994275012,201.80010982072952,0,1946.1393063308221,84.30903626891151,1242.4119968283228,369.47350716714345,0,0,0,2
565,1209,2556,996,5583,2367,2080,2295,263,923,1232,2380,1095,1160,1700,266,1631,1049,167,973,854,635,454,76,689,1017,818,180,987,1014,588,338,309,795,1969,2102,622,1381,1132,1241,2303,730,3558,3876,1297,2274,1162,2849,217,3558,2357,990,2326,1155,644,1187,564,252,22,385,801,842,614,392,713,731,589,274,467,1163,1446,1107,676,39,1402,2169,1661,535,1289,771,1062,411.3879813271664,190.34580852578063,619.9234837566058,367.36005330999814,0,1144.4843598756604,677.2964731893134,1918.3111962081912,838.6738407487394,0,1815.983128115491,503.5530392086469,1171.622278020567,639.997045128302,0,0,0,2
53,3267,2457,3597,5146,1021,2291,1180,1039,557,1395,2250,523,1884,1910,15,1257,1153,503,51,404,596,745,507,81,933,1103,822,790,546,534,1972,2292,1117,587,1506,1544,2420,1043,2459,3377,1096,3447,2610,4980,310,3927,3136,471,1590,412,664,146,1112,764,475,984,277,845,794,249,437,509,530,965,1050,60,824,1197,1211,877,511,566,1509,1988,1357,503,855,1018,3704,4102,475.1376062246642,173.28089298141754,730.9687078044568,271.5175203109869,0,1301.7895807310797,331.0734384085754,2141.4531444998647,444.1581675790439,0,2303.0390249313805,418.92083917905387,1690.8636440124167,543.0409883791289,0,0,0,2
449,4392,971,1307,344,2382,2060,1159,3143,2217,257,1707,1012,163,87,200,407,232,343,898,962,229,161,440,392,971,1586,820,820,1736,1208,981,306,939,2005,2715,415,1891,830,1598,413,4885,2680,2259,3206,287,1007,693,1775,431,1825,2389,409,1406,992,271,978,660,335,6,135,581,1094,1517,930,85,746,1172,1165,1027,299,1106,2248,2219,973,25,1940,3428,1478,1983,1546,543.8677645811373,213.70767738331222,663.3104319480763,141.59272454902157,0,1143.3790371088671,205.54474466319536,1950.8364451606333,617.9066457578992,0,1849.5929370987315,13.906362261671783,976.1561122892383,340.15205680801284,0,0,0,2
2497,1368,2946,4572,1342,2239,1965,55,264,733,920,106,857,292,838,920,343,133,832,755,858,998,416,799,1450,1127,510,69,917,1920,1812,1062,298,1473,1556,1847,1601,279,2511,2051,771,298,1634,1367,1487,3492,2236,342,1578,744,169,456,489,393,170,251,697,775,840,559,65,1196,1068,881,502,490,1187,1807,1619,554,848,1442,2020,1783,342,90,785,823,3523,2648,2710,308.3563785498163,101.05437578199249,397.84392872530094,292.74759627322646,0,956.4815026962101,282.6653916393722,1565.8419455880469,524.6647050085415,0,1610.0342174837906,194.17455895296655,1063.6264255867122,279.6746631704512,0,0,0,2
3682,540,1082,867,2515,644,2095,2672,716,1465,1595,508,500,881,760,521,74,236,704,665,608,1,814,1385,1339,621,708,1624,1686,1742,1165,380,1481,2366,1361,1013,1311,1019,457,3917,3740,456,3159,1992,260,96,1000,723,721,1543,702,783,1172,499,262,593,643,169,121,100,603,1269,1044,12,835,1422,1774,1416,142,1188,2060,1824,506,196,1765,1968,441,1573,1506,3534,1039,165.20526143070649,228.91724819251124,249.84413834200743,243.20411444164975,0,744.9824326787848,183.61732198186573,1397.919481128143,431.47719093369005,0,1794.7201293365024,484.6562672795624,1243.3463230097334,616.3661203343764,0,0,0,2
4483,3166,370,2133,958,93,249,958,545,721,962,146,491,283,14,22,192,398,455,180,744,1478,906,188,681,1263,1656,922,512,1148,1486,1292,553,277,1987,2867,1071,738,586,1787,1680,3979,2332,1316,2637,1298,178,174,532,28,1108,986,150,796,213,227,81,297,566,906,646,34,1068,1911,1713,572,695,1621,1985,1742,742,832,2013,1284,1069,3419,2899,2591,5850,930,2771,384.29861330820955,245.02785183761057,424.316829119147,455.2412081963778,0,795.4235239795213,967.5383862356102,1272.0312074496685,1487.8111615088255,0,961.1577735533751,1280.2370649386633,756.2204950159985,1041.8626174393494,0,0,0,2
814,2059,1075,2945,4128,1214,2060,2927,777,1183,702,237,422,52,163,550,1215,948,432,226,899,1572,1728,654,948,1914,1826,1362,435,848,1597,2167,1676,1417,439,2291,3352,304,2502,527,2841,139,4390,3819,384,2915,1703,335,1005,99,547,188,155,11,762,828,564,80,868,1432,1341,769,547,1835,1902,808,59,863,1436,1642,1602,528,1165,819,386,2280,3003,400,4585,2659,998,274.7592124061402,181.43767727930054,434.6575201745842,288.85195095733997,0,742.2946264792707,547.6123362297534,1173.9149706163823,1277.7591201731966,0,1653.3823150167636,1242.7501671507935,1669.0496610229025,1148.289782658531,0,0,0,2
956,1321,1024,1742,3103,1275,1221,1716,389,846,752,334,200,108,360,869,1296,472,575,1363,1250,591,610,1521,1794,954,330,1153,1584,1157,524,115,454,412,1254,2065,1430,1477,3674,1083,532,194,917,267,1997,1860,133,1603,1340,136,564,299,15,341,551,66,728,1023,411,507,1266,1519,1343,524,814,1753,2141,1337,32,796,1035,1348,1967,489,531,311,297,2710,5285,1356,3149,339.0279872678225,272.8726629067366,434.74604537647093,168.6915372541991,0,456.1315654501451,282.5257655734378,659.3157688064846,887.904056640659,0,928.4934996264134,872.2794526343187,982.7291687001866,628.9941216983083,0,0,0,2
3816,631,1056,244,733,239,1558,1577,124,927,1092,569,133,666,728,361,334,1257,1475,1132,30,1313,1686,1540,773,618,1292,1023,1125,762,160,905,2449,1957,649,1107,1664,1807,3855,5289,138,4233,2813,574,1486,114,981,234,1206,1328,49,736,684,71,842,1110,468,138,825,1435,1816,872,777,1665,1231,336,150,450,1007,1885,1704,447,461,1812,2716,751,1520,7,2140,1019,4344,295.3684507722457,607.7869297642337,198.7752120354312,664.4794576016675,0,515.5473426369299,840.1873437699435,1031.1389932128275,1073.546218818512,0,1607.351779902786,410.0073798374519,1303.3037805452484,496.247499295138,0,0,0,2
2903,1498,3636,1697,738,807,556,871,322,1312,583,617,1100,916,199,845,1309,1490,1015,310,1835,1750,694,467,1098,1204,1260,1005,555,489,1458,2155,2505,819,1229,1250,297,577,3896,2359,2274,4290,1912,815,747,297,324,621,1139,442,666,1069,557,520,1150,1141,594,112,1105,1284,1119,174,1361,1915,1245,352,307,473,552,1646,2289,985,163,1696,4090,2838,2070,3782,477,1888,1386,280.6983283715653,145.7530362499095,359.3069705566395,211.47638783373029,0,679.014552495011,563.9078871482667,1059.6454505957436,819.3983783871544,0,1759.05390088674,935.3891845794438,1561.9944530135122,1106.8044840286082,0,0,0,2
4175,2024,2361,3280,608,1459,1251,333,604,306,487,247,1132,929,10,1114,1112,560,154,786,1577,1576,277,1014,1093,754,1052,1207,399,874,1720,1334,1277,1360,840,3827,2118,2146,1291,1269,558,2098,2816,598,1802,1719,376,262,102,109,380,933,370,834,1017,699,250,1084,1404,1111,573,743,1624,1426,943,568,63,876,1117,1477,1451,36,419,974,2546,3437,1395,3122,3310,460,1194,206.45352967272635,174.99426152140074,298.3830751408867,413.40898132377936,0,750.7259969522836,491.29385415367244,1516.9263505557624,664.9102477713454,0,1666.5939958975023,757.1930577055017,1486.7187757577885,573.7104122195695,0,0,0,2
182,1029,30,1621,1855,295,1079,1113,716,301,515,957,574,691,1532,1513,429,507,1273,1421,1181,722,150,882,1333,903,942,443,457,1420,2807,1463,803,1025,483,372,4091,2320,1590,3995,1590,1456,1236,448,1091,306,1864,1234,680,1481,747,640,1216,967,25,624,862,1184,1398,353,1186,1560,485,116,88,58,795,1814,1659,109,436,1360,3383,3289,568,3759,1384,1224,752,1293,1430,269.60397170665493,170.77722750076182,373.6128429690589,245.47410243138893,0,994.9485275631098,508.1640887392004,1426.1570271014386,653.0534420974491,0,1424.5812889230206,644.7463339389489,851.8442659051516,683.0654752336973,0,0,0,2
789,2132,1540,142,859,951,674,220,678,1074,285,773,1007,1181,857,422,498,1514,1474,472,551,1057,1055,961,751,112,673,1492,3084,2484,1695,3356,207,1615,2363,3468,714,4520,2974,1138,1795,319,950,360,1535,1177,463,1384,864,448,1091,1082,346,234,673,1314,1746,718,538,1096,1349,1184,699,282,506,1718,2391,1997,551,1112,842,1253,3259,2735,1357,5160,2406,1128,824,1597,1803,278.14617133880336,509.5271054178795,63.63916738617668,1028.543510136729,0,314.5107987017298,1302.9965880906982,439.40999038200874,1959.9967736480403,0,711.5828389078044,1273.4232483315623,311.5510601894309,602.5259703879304,0,0,0,2
1120,2872,2080,124,1623,1177,32,426,375,714,712,24,896,1191,377,381,686,555,923,972,352,1461,1533,968,1047,276,1104,1884,1786,259,242,760,2952,3042,829,3924,740,1621,132,2388,2703,48,2207,1969,268,1090,1069,276,89,381,656,640,336,735,861,402,198,878,1187,1170,663,109,662,1164,1423,1153,167,1000,1565,2837,2053,1941,4186,1474,1824,310,2674,1541,2103,3228,1230,198.31017034903414,261.34786969612924,269.366440279309,653.8457953916883,0,610.7627403501298,1005.228988348455,1062.7703630302258,1454.9021708313048,0,1020.4701283344763,1512.2227275098896,641.0090846460221,1147.6613996414537,0,0,0,2
1127,1700,718,58,43,201,203,864,837,161,1018,799,199,829,963,717,812,576,453,1033,1246,1473,1199,306,1013,2202,2453,1154,421,49,2341,4120,843,3018,697,1876,289,3161,3014,641,2856,2074,186,178,350,53,772,590,244,954,727,326,315,745,1273,1380,1245,596,615,982,1220,1240,1315,562,829,2274,2774,998,420,1565,728,3385,4715,237,3225,2020,819,606,2071,2407,261,304.2827880465292,207.02099528822214,393.08748069981857,410.9396553693586,0,1005.5700124804837,881.7009935178589,1676.9642852229765,1311.9352752543011,0,1183.349501257677,876.9508764112452,468.541938450563,749.4055355679196,0,0,0,2
2206,2566,707,1004,1089,265,562,1211,1171,369,234,1008,1201,1291,769,237,989,1123,1252,779,123,988,1880,1835,1038,91,2044,2976,955,1880,263,2626,861,4552,2970,1783,3465,874,1015,354,1360,1157,676,1503,382,1107,1219,188,1084,1054,453,385,187,607,1536,1090,25,297,561,983,1386,1207,86,1311,2185,1506,2106,1700,2390,5799,2667,3820,2934,1353,1871,1641,4139,1927,1900,3055,1054,470.0959014799014,178.44531981660796,448.94203680673877,277.7262426716813,0,1131.9656012883077,365.8512180363093,2328.3315902159443,615.8546499154077,0,2471.14777259034,601.1579965603927,1513.6149744828354,407.01526585765265,0,0,0,2
909,710,55,168,146,738,1249,467,238,624,668,740,680,346,700,1773,1433,42,991,973,1548,1845,1386,306,2296,1257,79,777,1694,1209,5005,1989,1893,1588,872,1062,1546,2658,1262,1038,2000,721,914,1413,801,314,784,639,412,485,58,446,936,858,255,497,1073,1427,1370,1007,213,1321,2228,1583,731,1828,3483,837,2114,145,3216,634,3135,3603,757,1922,1101,532,396,1151,1475,338.66234915643577,67.84344985143835,536.9981978690224,169.09262963331247,0,1024.6358206699588,269.4997848533675,1819.143231364369,243.63199280803929,0,1741.9720422361684,613.1433803619223,1102.0784892280853,741.8916288413377,0,0,0,2
228,1411,805,528,994,748,325,456,565,326,395,333,728,1457,1028,216,92,7,164,1482,2193,1648,216,505,1856,2716,1766,532,940,1413,88,2735,3251,494,2140,1783,400,304,17,70,576,931,457,865,1114,248,563,904,485,477,359,194,1071,1617,1206,694,99,1138,1658,1524,889,644,2255,2068,2168,2573,204,3816,4273,389,2271,139,2456,515,3159,3393,424,2243,2255,437,440,320.8825414670148,107.03597137295176,396.716242479465,210.90629052584538,0,780.4145212641805,224.4530413947919,1550.9982607938455,682.7141803752518,0,1612.2852967436138,601.479149061291,1223.7786036509576,207.2589163669476,0,0,0,2
320,370,233,65,480,559,565,75,439,875,936,1104,1175,10,1491,1738,1406,582,552,1509,2245,2525,286,2306,2002,292,793,2700,2606,911,3407,2430,124,843,292,131,694,1183,568,529,832,45,832,823,507,287,657,844,955,1002,539,576,1453,1207,729,344,877,1996,2069,1507,545,320,1261,1437,5733,2652,4778,4470,638,2644,187,2262,294,2529,2901,429,2140,1675,373,996,530,401.6356713558428,320.90788798967856,591.3060365960765,393.83556190902357,0,793.6680036388011,1136.9976591030545,1594.4920283592578,1593.406288279918,0,1696.4283541862876,1342.3781189841445,969.2622581686951,302.8325551068363,0,0,0,2
158,433,552,613,914,562,32,816,1132,1024,588,82,930,1885,1572,345,1293,1990,1754,1934,453,2120,2358,249,1276,1948,2051,1102,3439,2374,488,1392,557,276,611,637,9,395,59,884,1043,284,274,908,710,723,777,183,980,1246,867,134,630,942,1551,1640,894,622,1972,1861,2198,2112,329,3715,3305,1325,2341,181,1640,532,3239,2621,455,2387,1731,165,1097,824,562,50,792,239.21277762252444,39.00225859246613,405.22438940055855,64.53671059721381,0,904.1897546975414,174.49443012060522,1510.806087665164,117.35663822531122,0,1493.4702734709788,458.9733098742155,1303.008278001811,586.1206156851866,0,0,0,2
932,591,507,171,508,1323,968,279,281,898,1467,1418,962,65,1208,1925,2120,1941,766,3045,1371,1378,446,3839,955,3607,3637,8,1367,271,935,374,1839,1725,253,1531,961,371,1095,712,282,59,327,797,666,599,97,922,1356,1079,298,567,1188,1656,1898,819,956,1978,1908,212,2015,1632,1547,1031,3488,3717,272,3399,2342,61,502,328,677,130,1219,1056,395,1206,939,106,700,366.75750841188244,229.35211711198565,601.2920873227614,364.18308044798937,0,880.2025051089097,710.5146510269585,1445.0344525660337,1121.9110189975752,0,1847.6485419381065,869.8897889899881,858.5822981859143,479.7234460366612,0,0,0,2
1124,324,101,252,390,1324,1436,886,105,607,1137,2051,1885,492,1020,2010,1808,1543,63,1882,1566,181,754,3626,967,2481,2743,804,497,207,487,377,1311,1100,93,806,793,174,500,444,8,291,292,619,889,788,47,832,1439,1605,976,157,1284,1372,1187,315,1101,1169,2001,2111,626,1612,2134,101,812,211,1926,406,2641,2941,507,1651,1497,382,259,61,32,170,44,308,451,248.0152690085687,83.65409046088175,261.2088384028861,504.62660172683485,0,676.3298474117493,328.3753873831169,955.2656244819353,555.6826565050463,0,1236.254921367384,538.7276671750086,862.7599005247754,382.9529059684829,0,0,0,2
525,232,232,616,974,1385,1222,150,1801,1571,930,202,825,1328,1797,1612,294,1768,808,662,1390,3891,563,2877,2582,202,697,443,764,562,1839,1673,15,1138,838,190,739,417,6,371,423,769,920,888,192,880,1496,1333,663,252,1428,1911,1793,677,900,1425,3021,3283,18,3383,2257,2015,1144,2526,3565,27,3957,3125,113,1741,1139,244,402,163,143,141,7,406,596,712,290,324.92333593792614,117.46958801069081,450.1715496079994,156.76974846477162,0,821.6761907832063,447.8359913483242,1617.3015072561166,440.2254692779214,0,1830.1620143745154,819.0845496348647,1131.1675024620185,569.2764638392586,0,0,0,2
65,261,938,1645,1065,416,1358,1565,1368,870,533,1465,1908,1833,112,478,562,237,3279,3903,2169,4098,1099,797,309,2186,910,1855,2906,1348,1028,1376,127,789,956,435,387,279,279,575,1439,1460,342,392,822,1328,1280,503,842,1756,2044,1243,9,1047,1969,507,473,1172,1948,1262,4446,1360,1469,1759,347,175,1672,1931,617,1172,1572,189,1017,872,141,267,483,698,773,651,104,407.3107169624215,303.3557131134158,477.34722189243234,509.38049445478094,0,832.18522277195,530.4072462104967,1444.7729848865558,1160.5881009714033,0,1544.1978343072892,491.41781724844486,897.0754471175701,108.26252761608285,0,0,0,2
845,1125,707,61,835,1609,1815,823,585,980,1591,1659,567,22,1680,2892,1214,1791,1285,2114,276,3779,4292,2,3502,2306,276,427,368,823,164,791,980,391,3,376,311,705,1057,957,269,1323,1610,1288,493,631,1559,1758,1195,3,837,559,974,2094,2287,302,2616,1909,419,119,746,1309,438,2242,2079,277,1365,1369,220,268,147,293,291,45,60,547,696,381,335,835,1522,291.1006139294653,298.9131705116169,0,240.57304734706668,282.0060961335855,799.0020386778591,477.2497660047004,0,1451.5473193781495,627.0884017739727,1574.8122889280899,316.92781980312674,691.5249736808319,0,466.47418569943153,2,0,2
1612,901,514,1585,1703,1137,15,830,1392,1685,594,957,2019,680,4887,3649,1860,2390,838,1705,1701,4063,1414,2300,2977,561,1270,902,53,90,74,200,125,400,254,606,1166,1322,461,422,1034,1900,1708,65,919,1603,1698,877,139,603,2055,2497,738,967,244,1780,1067,4083,3001,1184,3562,2184,118,597,232,270,782,1271,451,492,531,287,88,558,816,915,654,205,859,1793,1669,341.55856502218046,126.32142340958217,259.0681384077388,530.9119546643211,0,1001.4167276913245,791.3803709827072,1427.8479614522137,1328.849333920079,0,1656.0852662882126,1171.0663544096958,921.8752445472679,733.5939826555235,0,0,0,2
660,452,1541,2233,1930,567,750,1491,1454,2527,2900,375,3840,2271,1963,312,3555,2989,1929,4781,1947,1549,1764,111,419,81,574,153,461,346,371,723,1088,806,617,88,1289,2022,1459,39,1235,1790,1900,1180,73,1198,1895,2137,1340,1615,1009,1969,4246,2626,1488,1410,99,374,1944,2878,1074,1511,2683,1380,815,1254,380,414,603,587,674,556,320,598,1497,1596,283,637,1288,1629,640,347.8914011069304,122.20894677979739,461.5051497784397,287.792213704416,0,804.2011471018927,420.43822069181056,1742.527450389538,732.7780954811735,0,1961.5810425831496,124.95297500020807,1228.420573775578,625.2978776302261,0,0,0,2
1258,1892,1244,582,427,177,893,2619,1872,1174,1744,826,820,3271,3442,568,3745,2472,404,1173,517,185,59,437,173,401,701,308,453,780,1003,640,62,627,812,998,608,652,1761,1987,904,576,1330,1309,1624,1554,25,202,149,2648,4456,589,4382,2697,798,663,2769,3126,828,3694,2485,562,2392,1135,469,471,40,99,360,821,435,786,1185,947,246,502,1260,1971,1390,169,1258,382.06940929430226,92.56228819179148,443.71424124098434,557.6764303045264,0,988.2730050446588,922.7613575671083,1643.148432263285,695.8062677524888,0,1932.7363370153053,834.9623209482558,1260.5572136435076,266.6778920989807,0,0,0,2
1564,1723,1098,72,646,1465,823,509,1081,792,1240,3939,1818,355,245,320,312,948,1729,958,318,1173,644,62,439,277,247,335,149,499,635,253,648,1332,1230,650,351,1334,1421,851,77,684,951,837,525,417,1063,2895,2252,908,1931,972,1211,1646,3623,1443,2199,2824,892,1156,1151,282,246,120,203,315,556,187,39,600,854,519,576,1187,1403,1087,48,1413,1651,1230,432,218.2652378563536,181.36451990308933,394.2496684903911,208.21415817764702,0,551.0325988541875,428.21564862189683,925.5790045116339,879.7196727306159,0,1308.3702592147142,748.768093456385,934.1033596593321,379.04512599050935,0,0,0,2
489,687,1178,1663,803,489,880,843,4224,3265,1681,2371,22,715,1378,2403,227,2249,2393,516,993,590,119,40,227,42,408,344,185,982,1232,1051,362,243,1267,2099,1465,258,1229,1436,1294,749,282,527,1448,1569,2253,2758,636,3331,3751,526,1804,389,1544,726,3141,2138,619,1992,1233,3,361,153,225,215,163,316,652,1034,622,349,1219,1568,1460,133,1174,1559,1096,385,424,342.7943331619244,219.200463071729,382.435835414178,479.4118107299186,0,697.8607615420142,839.954675933832,1230.2617449686359,1229.935117819634,0,1111.9987453709125,1113.9856680036019,812.0191608667457,160.6793696602175,0,0,0,2
1198,1406,1460,1272,718,304,1422,3352,2716,1423,3403,108,756,1785,3081,691,2538,2696,608,1102,981,220,524,82,61,532,964,371,659,1455,1185,583,257,880,1384,1474,159,1438,1837,1397,721,339,14,1104,2307,1579,1225,404,2828,4596,978,2842,422,1927,60,3458,3780,161,2671,1750,412,1157,60,657,143,755,361,428,1099,972,342,1091,930,442,157,788,1826,1613,290,315,686,370.5854894484556,328.08447334140374,397.4165893171731,308.628182171143,0,968.4293495139436,420.3945554486557,1519.4265797110706,1244.0579255179125,0,1546.37236468998,1131.0076240560786,1080.203168892655,320.2230219040995,0,0,0,2
1148,1163,1188,696,391,919,2270,3294,1431,3004,4007,394,685,346,1047,554,2364,1894,169,1250,1134,217,141,103,107,638,807,157,993,1041,131,966,1549,1336,910,27,1123,1445,1297,842,64,207,513,1438,1991,988,13,1390,3072,2973,396,2118,168,19,1415,1356,432,740,1347,1208,289,416,404,440,555,288,572,728,944,699,396,1193,1379,970,532,199,1249,1691,785,227,30,337.36994913855654,316.53986757601956,289.3122479706268,187.67256818279532,0,565.9278045828814,522.2476796751056,749.0754596062507,892.9365296789667,0,758.3066792390873,650.1438601461671,646.9868183273439,508.23293420544354,0,0,0,2
372,1389,1802,1291,321,762,1834,2935,1289,2284,2918,928,1030,1517,1993,506,3113,2177,113,1144,783,49,48,409,80,733,540,753,1551,1360,214,479,791,1267,1563,685,675,1338,1183,1079,917,25,977,2058,2607,1422,614,14,2503,4464,1734,3209,3044,14,1063,726,2334,866,1843,2825,897,1091,1105,266,46,171,571,1020,617,187,919,1275,1089,212,43,608,1462,1188,69,650,817,372.78755854845144,178.06220142192896,407.05891280697995,146.9984904041239,0,760.5447800754405,163.15963238891152,1689.60474827886,208.15275024270375,0,1482.6808461194667,228.3700377579768,1315.7789695128615,388.65343934700036,0,0,0,2
1329,1624,1384,535,1554,2655,1966,574,1713,257,22,1423,2142,925,1142,1820,1115,27,125,197,22,587,494,455,1200,823,206,1111,1261,894,164,205,938,1608,1484,399,598,874,1326,1936,2016,581,1765,1066,18,1805,3048,221,5064,4285,356,2230,659,847,166,1905,2152,332,1637,1518,75,834,841,261,41,534,1044,1113,0,771,1282,844,33,363,737,1318,1411,1060,401,960,2120,219.45346118394923,174.10579316432043,425.87290505797887,233.63045350276946,0,670.0058544520339,544.0728502600258,1086.9040715231401,1228.1954989607107,0,1061.9466785723798,1071.4090919636371,961.1694584984325,233.84654754443991,0,0,0,2
1766,1196,1076,3654,2162,1546,796,2555,521,3458,3637,106,2329,1169,564,525,623,981,178,1268,672,551,1275,902,45,958,746,199,33,395,1217,1447,630,258,610,738,1319,1829,1177,207,1826,2088,2995,2642,1333,4865,2995,1316,797,1548,1673,1183,3072,1728,639,1836,1218,245,40,215,623,821,18,825,863,643,161,907,1396,1223,438,481,1227,1364,1010,831,296,597,1312,2067,2151,246.51514582794636,64.40761850530728,434.9917678565396,73.29285305692461,0,1076.4155854037047,208.91182795530835,1854.7970455599495,518.6830171045442,0,1905.6192837785848,236.943966235306,940.2124345022427,834.7187643827465,0,0,0,2
678,2699,1526,47,1283,4068,208,5133,3367,1005,2593,9,1498,125,1723,1485,601,1808,1040,465,1433,1011,205,1086,941,507,71,505,1153,1251,642,32,728,958,721,805,843,488,572,1452,3285,3847,549,3850,3755,1229,2037,491,1964,22,2709,2409,298,2156,1692,137,351,62,260,593,9,870,893,187,798,971,792,540,641,131,1249,1658,615,93,128,483,1574,1966,1174,1358,2172,350.25540216493596,24.115580496227263,512.2399376330217,314.1934367762596,0,1090.2321874261465,737.2006128027721,1910.5636835582418,416.5188622378471,0,1837.970660693864,1141.1430241254998,893.2657632817163,1252.4499914581384,0,0,0,2
855,145,1401,2246,1849,3771,1446,1762,1914,80,121,986,1950,966,1285,2057,899,441,1148,805,64,669,954,1409,1086,232,1097,1708,1087,282,171,239,763,1634,1677,614,1022,623,236,2711,4894,717,5412,3526,1058,2249,432,1687,549,2550,2383,538,1352,1385,568,13,342,723,474,405,970,1408,953,272,471,1118,1369,1092,222,680,1067,1135,1375,1087,88,1359,2861,2011,143,668,383,421.3886652514425,264.09530437784855,525.7228286356539,441.5373271300924,0,737.4178818688899,956.7355644423792,1001.2861063749933,1663.330422259323,0,300.668109034491,1756.7315982208856,249.371627775682,1359.4468541150372,0,0,0,2
987,3340,1694,1580,2681,1329,170,206,1093,849,664,1567,1080,259,1146,737,526,1191,1044,163,224,537,1158,1492,388,748,1060,1078,545,55,346,789,1650,1748,858,164,2068,3831,3006,1256,4246,999,1450,150,2162,1625,1330,3036,1705,588,1466,398,459,297,256,552,434,220,894,1428,1020,70,1031,1254,945,332,425,1092,1224,1122,1059,593,184,1334,2462,1144,1167,662,627,1863,4676,440.02060274909786,155.17155736909706,469.6047239299891,269.87027405045126,0,738.9300914159608,340.77811364460035,1119.3512534109302,477.791437469337,0,1373.9237709004788,1106.9718415629795,857.6701042390756,1137.730794607407,0,0,0,2
1138,3540,3027,419,1313,868,1898,311,1401,1692,363,960,1266,683,314,955,1073,657,48,705,1107,1095,483,408,1205,1605,1190,410,448,176,1327,2355,1730,499,1478,3420,1894,1967,1664,2206,1259,2938,4512,1128,2497,1845,530,908,652,1602,324,1284,1217,61,1059,1211,617,460,964,910,487,213,1239,1616,853,102,92,404,1297,1707,1112,53,1248,1897,2425,806,2134,2265,335,106,3755,178.83419715071287,342.8514094341654,362.63395247669035,276.2272847346902,0,790.5111589977715,393.92453187504697,1419.1960386027154,697.2507956063013,0,1956.9568984975704,865.4798958631022,1381.2672715799858,409.44640464937044,0,0,0,2
2078,2782,4127,934,2126,1381,720,694,886,1578,326,1443,1543,227,1539,885,285,1082,749,415,315,183,619,1364,1229,594,111,665,712,861,1190,331,1423,2222,1556,473,1774,891,107,1157,3087,711,2510,2955,422,1591,539,576,15,1724,2104,281,1630,1483,148,802,927,362,410,713,815,817,740,89,710,1142,908,689,55,997,1389,1889,1336,64,701,2086,3320,1686,2191,2571,673,99.79463931420145,172.61397876868762,20.398444017977102,179.43712402545648,0,249.7186416749859,555.4546142532548,563.9983589408441,1534.5145092230766,0,1394.9486648644443,1350.7714950058137,833.118526690481,778.0828775161192,0,0,0,2
234,1775,2248,181,2255,2267,991,92,130,251,482,478,30,692,865,137,992,1011,521,483,360,40,1312,1257,437,2,586,1306,1870,1772,778,802,2182,1454,316,1112,1927,710,4628,2830,1458,2998,711,1277,327,2694,2328,663,2576,1611,728,1601,792,227,530,743,763,1129,749,505,1492,1010,358,480,303,945,2134,1928,1045,249,1397,2042,2072,128,876,318,417,3124,4352,1810,4111,397.99175585294955,214.57950101727783,531.5126884284035,646.796645673005,0,752.1107963591535,589.7527235576323,1244.3355371573762,1434.8360917546463,0,1415.061410295005,711.8794005007088,915.0246130859156,332.4295843894363,0,0,0,2
813,1261,208,2907,1800,1212,2461,1065,1426,1607,211,576,625,426,585,391,186,1190,861,297,181,614,1093,1291,633,508,1299,1709,1747,412,1346,1944,1472,163,360,273,1583,3509,2085,1660,1532,737,598,740,1273,474,1164,2248,1140,785,1401,377,558,600,436,362,38,384,598,546,144,812,1142,917,570,45,1047,1872,1517,426,508,1180,1539,2133,826,1954,2971,319,1173,2394,2840,435.3212302982356,143.03100502270544,504.9604509910956,105.72288103552529,0,470.21071872087305,320.11583582676286,567.080759352258,856.661004432935,0,1107.5252342442318,776.8331680061252,794.8754922767002,717.6754013110223,0,0,0,2
1381,4473,2843,1020,2421,1090,105,87,502,244,893,1148,8,1100,669,140,599,394,475,727,719,277,1250,1511,1404,760,355,1622,1723,1420,638,1244,1178,1385,2821,2296,1410,4020,1249,1299,790,1688,1485,1710,3402,1986,988,2269,1115,182,620,530,203,85,419,597,725,457,153,539,871,1194,1369,272,1168,1482,1084,883,346,678,1769,2271,883,652,859,958,3541,2637,2127,2160,824,244.6260507747397,91.50492569702708,339.1810162527577,318.7471576283821,0,682.9361701506225,316.34632233168765,1562.2587894051544,602.5392285586439,0,1686.3050022246375,812.7787485459535,1387.696440775889,140.90258776859608,0,0,0,2
1187,1506,3470,1396,1865,2671,1129,635,884,123,346,340,340,574,479,117,536,875,1141,1125,662,399,1486,1409,879,121,978,1919,2036,1092,86,1528,1307,696,687,2339,3348,2038,4965,2495,1149,1822,100,560,1052,2319,1081,1232,1721,114,1242,896,51,291,529,599,1178,1264,101,1377,1408,643,367,158,1391,2312,1320,126,1253,1700,1457,2050,1246,1315,2679,944,1011,1106,2221,62,3117,358.96553049830464,199.13556529504336,503.4767779137432,38.89437418406042,0,917.0384070473822,279.45452781901,1797.4542962978228,584.8944508759918,0,1647.2998023076445,656.575508228472,710.5584801291433,735.0092015445816,0,0,0,2
3296,569,1572,1571,372,398,310,49,51,16,324,781,777,430,260,871,1119,787,328,500,1444,1683,999,318,1537,1798,1490,1216,24,1627,1424,1632,2017,373,2900,3660,5,1794,228,1794,247,2932,2799,56,2008,1645,107,999,885,438,25,421,420,377,710,438,332,1042,1046,467,704,1709,1746,493,675,1112,1654,1519,582,478,1255,914,602,1002,1033,1084,3600,1608,602,695,294,277.93704351816444,207.20133668996291,156.88677393936774,555.0885613152915,0,331.7709940606623,610.6490303533486,763.4696607313404,399.194139163623,0,1310.3492629657433,454.1125500322826,1317.2962762857978,311.63426258482826,0,0,0,2
59,1579,1807,83,1601,1772,373,807,740,191,224,430,4,515,843,413,197,819,1251,1229,763,534,1832,2181,1319,116,1003,1260,1617,1945,59,1826,579,727,1569,4581,1703,2737,3869,965,817,12,525,396,1793,1710,39,1146,1054,316,329,500,375,54,285,712,987,1037,235,819,1419,1601,1039,324,1264,1347,1349,482,612,1333,2293,1684,56,773,675,890,2955,4170,699,2893,2558,355.54301780348237,131.64912179927606,567.2189928099115,257.2464502333636,0,867.6229667891463,548.6066918053089,1381.743022948848,829.2830254575447,0,1464.4076064810567,677.5714587518511,957.8531875248391,715.375228032574,0,0,0,2
219,594,61,632,293,1223,832,314,632,80,405,577,615,371,322,234,1096,1866,1520,225,962,1611,1217,556,157,946,1821,1953,819,637,441,3237,3584,100,2660,419,2043,464,3992,3435,848,3101,1634,379,979,145,449,142,185,34,411,734,850,328,361,1211,1705,1335,172,1548,1670,1091,507,303,1374,1819,1785,1111,49,55,443,1979,3041,365,3346,1362,318,539,2048,1537,1425,360.2853834782115,66.74124572128956,450.07863081311166,134.50062609368865,0,919.4470349073949,125.1313490723581,1568.0704932979233,301.2292574370012,0,1467.1214620297792,755.7418122734593,1013.5007263861013,668.0294481868472,0,0,0,2
3092,1966,478,1470,442,539,705,362,195,465,327,449,1372,1477,652,492,1279,1406,870,369,1498,2024,1432,446,331,709,1596,2120,79,1072,460,920,1632,4031,434,3137,3001,1309,127,73,32,230,694,818,129,624,826,90,509,816,895,602,153,780,1325,1152,219,1678,1801,640,234,600,1288,1409,1096,29,1232,481,1017,2680,742,3368,3215,749,951,1475,1733,1688,3799,1547,1524,246.31012007514676,187.60144304371303,418.6154791271419,510.686670628937,0,1017.3086945465471,794.2619847648316,1558.6549398396755,422.322494069258,0,1619.6553880854835,241.4203373234395,812.8660440929692,566.867723329584,0,0,0,2
1980,591,795,777,80,44,207,384,48,832,1282,242,673,1108,937,590,433,1647,1932,1154,274,832,1556,1452,980,446,386,958,2468,3424,1092,2838,3576,111,1041,1594,2856,296,3032,3328,506,1974,1688,81,596,59,321,406,798,227,498,888,544,179,1019,1354,1397,692,805,1775,1647,732,376,539,569,1160,1731,57,2260,762,1390,1868,4915,207,5045,3651,946,2348,347,811,594,468.6913182233394,277.6147915465436,592.928739243277,490.57204480859014,0,1029.047622804698,435.6666780330943,1545.1214123937177,1155.0117388114254,0,1734.9617178231929,1025.5243468255499,1423.8485961435117,585.0041375136752,0,0,0,2
1807,1019,730,1380,670,89,74,103,432,469,93,1067,1437,1002,13,1019,1674,1975,1402,329,1203,1361,1547,1405,517,504,1223,1126,2038,3961,2271,3044,5350,805,1605,336,861,435,2930,2886,866,1054,1637,664,291,180,134,375,174,671,1238,1475,740,163,1168,1928,1806,305,1181,1954,1405,605,507,374,1007,1533,2348,992,1068,648,842,1753,4435,648,3640,3156,196,1426,268,1184,406,407.6309538169188,266.75275078688975,650.3924759200793,402.2375647791333,0,943.0348787293077,296.44535232818123,1450.1058215371293,752.507661048158,0,1571.2687576535313,635.4377584258865,1222.1619559921867,185.66066261465517,0,0,0,2
2098,1344,408,803,214,159,343,418,827,631,143,1261,1794,1596,38,1034,1400,1574,1453,682,108,367,1132,1615,1768,1436,1164,2098,196,1135,1621,3763,933,5415,3569,867,2420,630,696,26,1445,1468,221,1596,896,644,1450,1097,371,559,1185,1573,693,525,1586,1611,353,1112,1202,790,754,810,800,407,1901,1787,711,1036,1537,176,119,2548,2753,2497,4787,1597,1996,1859,590,1074,371,362.02800129343683,389.47799697019786,511.3824061446628,642.0118873794527,0,487.2900907057315,1138.299504430557,601.5741396188412,1797.1697868925103,0,1219.736015508371,1620.5232113198153,631.4439282815729,803.2654691612879,0,0,0,2
1469,784,1032,1560,258,905,1143,691,47,871,749,560,41,820,1539,1254,68,812,1099,1159,1052,791,252,808,1536,1581,1608,443,3243,2404,789,838,2604,1891,2258,3862,1279,1807,2030,246,503,265,1019,499,894,1589,549,1140,1173,354,623,1021,1144,1067,536,1011,1788,1130,343,129,35,744,1326,1729,959,981,1104,913,2959,3948,1220,5670,1426,2332,783,2175,1268,2172,3135,809,1675,453.48150573515227,214.76640604105887,615.5189863318383,452.6392278241847,0,1100.230714441294,640.1971148825501,1845.5338333792,912.1909067300987,0,1923.219700216578,532.4642786145973,1243.0688392979052,344.81356519044493,0,0,0,2
1841,637,2,106,250,438,453,207,981,1522,820,370,1562,1821,1457,694,451,1122,1284,971,1270,989,122,1260,2476,1537,763,1241,733,2610,5126,1327,3097,2992,90,1048,665,1687,864,1236,2309,795,1186,1165,202,728,1077,901,250,312,1049,1537,1449,416,757,1393,820,341,289,15,699,1977,1909,433,33,822,3668,3867,1861,4620,22,2126,347,2757,1077,2378,2626,422,991,927,339,513.524680716088,180.58406169688553,502.50609807707247,508.8891029613432,0,876.9001781844956,1014.9307455606852,1521.7655582929456,993.6402690032921,0,1676.5253295752038,1056.8994425023127,813.2830568028279,1130.0863225778596,0,0,0,2
232,405,186,909,574,564,1148,1305,654,9,720,1521,1763,678,650,984,959,1184,1312,570,513,1506,2237,1729,1703,678,2897,5487,2184,3553,2689,152,443,1548,2987,876,2019,2726,926,768,642,18,150,172,649,1270,701,164,919,1077,907,327,47,745,1730,1277,158,1077,674,1105,1669,1687,79,2937,2189,822,1063,1277,321,4470,3708,1169,3477,1027,1199,101,1667,1592,288,2015,1697,486.3180060900807,97.49321851355299,422.2506555795304,196.18457720018847,0,969.487248497885,472.8879137851259,2264.018920358417,477.61413120455927,0,1643.8486629519548,420.3390798812585,1079.3426636261152,638.8329473819649,0,0,0,2
18,1152,1284,416,199,630,934,1122,474,414,1506,1686,800,156,738,878,1209,1850,1662,131,1409,2005,1980,142,1478,676,549,1208,4361,2108,2377,3544,1182,658,51,1173,678,1137,2026,805,889,1468,790,230,1009,1247,387,489,837,905,887,396,623,1168,944,805,1033,322,966,1875,1797,637,494,2185,2986,1134,1399,413,1829,1034,3673,2128,1293,2355,610,645,168,823,430,878,1304,246.266383661964,137.7243846538788,472.4537094638383,214.28961849846115,0,1032.5611616267581,248.03263924825453,1140.9990416846874,367.02924336596436,0,1759.94201784784,478.64307714654547,1106.0351758876466,251.03478650742665,0,0,0,2
136,1180,1064,290,937,858,333,182,404,953,1468,985,20,607,914,1197,1265,631,327,1847,2590,1260,156,1970,3609,2030,1568,1957,1309,1543,1007,3428,1899,1568,2662,1457,460,769,115,140,324,76,476,580,215,633,1442,1248,485,154,630,1288,1547,885,216,1007,1279,1263,786,371,882,2309,71,831,204,4386,3963,2350,4065,1125,1658,567,1961,1859,794,2818,2213,84,1615,1061,140,163.4897348469187,338.0297981381485,411.92154456848004,234.46231036360007,0,540.8896236756626,784.8294111756196,1222.3926534756733,1661.6326244863228,0,1154.9204324460638,1771.2627496181267,881.0470538467671,1023.3724739684584,0,0,0,2
944,1013,551,192,231,407,951,1516,1011,279,1248,1080,613,568,361,563,1999,2080,852,284,1419,1006,239,530,2726,1393,3649,4196,489,2892,2033,458,267,1598,2201,53,2037,1651,163,1156,990,273,544,1170,1148,801,132,529,1276,985,213,86,580,1706,1520,477,328,1277,2015,1931,1794,279,3607,3223,1462,2502,1727,1850,2252,4517,1800,1879,2227,528,392,193,712,9,889,602,611,446.481866141678,97.77718113453642,418.26212578662194,108.59591448404613,0,1047.9792030379228,472.4705065345212,1784.7684683105545,248.3638587600525,0,2205.952521337865,109.17970253106779,1251.5907511253572,324.2291279155024,0,0,0,2
1379,683,106,380,596,876,875,472,583,1317,1323,792,170,576,1487,2295,2278,617,2034,1874,1137,536,4215,2893,4837,5639,524,3530,434,2206,125,2930,2605,330,2468,1451,752,1148,496,98,131,201,866,1344,467,248,671,690,943,1369,1049,414,1707,1766,1406,418,765,1523,1555,918,1068,615,2804,5709,1579,4160,2163,1957,1226,2546,3753,565,2582,2626,537,1163,1131,524,409,451,187,285.2024128296041,522.0820432899062,516.1830378445923,1044.5455752053158,0,721.6773863715006,1808.6295467803557,1243.1974269488962,2674.943595002173,0,933.1945762590178,1974.99631408596,504.59291131168607,747.4887012296178,0,0,0,2
837,584,90,364,594,1027,978,572,654,1792,1818,1272,584,197,1014,1630,1965,1373,837,825,764,672,4657,4101,2090,5458,1803,1837,555,2278,1747,1677,3515,1310,1814,2123,96,1102,784,71,52,207,607,1087,666,304,1131,1014,818,1151,420,1298,1863,1129,177,851,1446,1636,1180,536,1841,1350,111,1212,2163,358,2242,1861,309,475,413,472,732,1088,604,643,1329,626,506,965,548,293.2013684155922,71.29432275103973,405.1114355564708,521.9643226697395,0,542.9514158743856,688.459506755416,1747.5546191680096,1305.056355272341,0,1483.5122788897033,1055.3848384113237,873.5436788913956,363.47848122846085,0,0,0,2
118,597,343,681,1149,1259,258,1065,1765,1414,638,264,1334,1831,1784,771,541,1264,1948,1343,473,1420,450,1294,1688,3840,2255,1671,3190,1653,131,107,612,2,715,965,127,613,623,130,375,758,894,941,563,224,1299,1231,654,194,1248,1872,1515,629,284,1413,1978,1457,1881,1842,852,4471,3653,1859,2583,862,1688,1480,3969,2248,1843,3412,1385,1038,1306,115,575,507,357,526,236,267.2803555750672,165.99050096641903,371.70007591408336,260.88685125766,0,785.365814445727,465.24612644901447,1395.821034676318,1002.9826591635765,0,1796.4273927798179,811.7779372989054,1278.5137910143394,280.6494381993614,0,0,0,2
243,227,822,1026,355,57,734,1595,1380,112,1283,1648,1629,1249,619,678,2037,1177,858,1159,328,2067,3688,799,1610,1562,247,161,1800,1977,327,1486,1698,143,1329,1145,71,527,578,459,564,751,62,829,1090,602,201,1061,1667,1560,546,849,1585,2230,1596,33,787,1689,942,269,689,2750,488,5064,3968,657,2367,375,885,573,1996,1297,862,2002,795,864,1223,557,45,201,276,294.87094033271103,241.76546076791863,409.81187514165634,180.6522414541804,0,822.7352019331615,683.9054006500701,1116.636370301046,1059.9365292721511,0,1525.3222775730646,683.2433043926818,1041.3752225612004,121.41247866888212,0,0,0,2
280,632,656,10,1287,1711,1191,377,783,1653,2172,1727,503,908,1578,1710,2158,213,1069,875,2687,677,6078,3636,2064,3855,833,990,359,1516,616,1589,2224,551,1023,1096,195,333,357,550,507,179,794,1469,1451,470,531,1127,1749,1634,173,1333,1510,1166,645,94,488,2040,3546,1294,2219,344,2468,1168,4867,2540,2145,4159,1123,1489,1224,410,646,695,1518,529,771,873,13,731,844,427.02501245957524,78.6134815457021,698.8419837196369,93.79225648353122,0,1162.1034484932914,218.6249565496761,2164.3422549423303,121.81017923808677,0,2316.052466752222,536.4159187845097,1087.3196072870203,542.0548134406389,0,0,0,2
432,546,431,434,1764,2138,1026,622,1319,1291,1264,797,250,1510,2216,1297,1679,2250,1090,5333,2891,2625,1648,2086,1931,2374,4792,1870,1792,2514,743,608,472,376,555,150,150,32,439,951,695,187,1220,1584,1449,128,1313,1701,1297,531,469,1345,1355,1312,1267,449,1724,748,513,1882,3755,941,4537,2928,711,1579,139,425,1013,2039,1072,517,804,185,536,479,330,166,411,613,1009,388.1589154096192,247.39504963486047,539.9524799141964,579.9309441851893,0,1091.1375772559572,901.9445793388776,1739.2241607048197,1000.8298504995178,0,1539.893638186153,1226.6056585004628,1329.8934351296696,437.4467509441659,0,0,0,2
1082,458,864,1629,1321,326,805,1523,1724,1233,454,424,1350,2047,1599,70,285,680,1114,3625,2627,2082,3174,1161,106,1089,2005,104,1887,2063,457,996,903,142,190,110,345,823,773,234,888,1172,729,77,1035,1693,1709,992,516,1593,1533,1444,1009,128,471,1881,1806,474,626,1510,1242,5116,2719,1201,2245,439,370,912,1527,476,974,1442,502,539,815,765,496,106,792,835,574,285.3901390455609,175.11226847182274,497.0245487861111,98.07083460234571,0,898.7098322039212,323.4905354033507,1471.5040432881049,493.8236220110822,0,1226.3764491859927,163.32370426810334,975.3731836639823,580.3445317427164,0,0,0,2
167,921,1638,1064,182,1222,1820,1523,487,366,748,1254,1194,728,331,1429,2266,522,1058,1516,3622,1111,5377,3131,1809,3112,624,869,102,1383,815,871,1535,935,66,859,1057,764,169,1124,1673,1190,117,1290,1777,1393,841,115,1159,1467,994,684,288,518,1246,1973,1033,65,839,1877,2108,6521,1860,4292,3843,250,1060,1018,1872,306,1969,2440,955,644,880,310,135,524,734,579,409,485.0994433408729,354.34959209569473,515.4790961066022,638.9999398155526,0,977.4539631102839,1237.180423129484,1445.4030708015518,1562.4484877346288,0,1490.4744770660077,1551.9728696330596,910.6453373532643,1022.6003668092503,0,0,0,2
335,1249,1712,952,270,1233,1348,828,238,189,782,1768,1757,777,210,976,1212,1524,1951,1080,2182,4468,1148,2165,1938,216,362,1725,2343,796,1623,2273,648,935,868,307,70,388,1145,1278,642,613,1367,1334,453,161,629,1356,1741,477,879,718,1014,1584,1777,730,2154,1991,1181,1113,3127,2008,5602,5177,1930,4650,888,1826,316,1928,1925,379,2143,1208,894,1495,736,229,656,721,781,515.6872614090407,344.21300271321843,625.6965025476009,623.5315783189135,0,1132.821438930249,1124.41396519297,2075.1424560653277,957.2257095937299,0,1910.8438010794123,838.1799835784722,1162.9272072225262,816.0175336476829,0,0,0,2
659,269,1242,1397,371,689,1075,1088,961,907,669,164,1823,2323,1104,181,1503,2691,1923,72,851,622,127,2268,3081,1229,1401,1759,486,260,79,413,130,955,726,231,1000,1281,689,675,1194,751,208,279,1199,1837,1196,89,439,440,1299,1738,1481,517,560,1345,3036,3333,108,3840,2462,1620,119,3251,2320,1874,3708,1358,1230,1347,173,348,313,989,209,1141,1188,316,1367,960,43,241.89907061454107,61.172115288788575,403.277307027542,497.2816417387425,0,796.1211748220243,431.6925379165482,1322.534417650143,848.0163890132703,0,1786.6103686323747,480.4808810677289,965.9147185393449,352.1311222318966,0,0,0,2
