44,189,2486,1680,2697,1486,1640,557,3792,250,4885,1511,3801,1987,1879,45,1885,794,2736,237,2181,652,1255,712,443,312,192,329,259,931,1134,499,1750,725,1145,1010,31,288,55,1086,919,144,1247,796,22,293,506,948,22,390,898,789,2951,261,4239,1392,2843,1457,1467,70,1843,924,2528,964,1730,841,1084,579,1021,143,1371,291,1634,1543,249,1008,290,60,1007,1586,66,470.6704697869343,936.2319265814903,698.6296208749906,2327.2118691068144,0,573.1583245491598,2380.4073195973187,1120.4982853574436,590.0100282123703,0,371.9530578392172,296.38044019058486,513.0759369856045,491.8004577293833,0,0,0,2
1394,792,248,612,1023,514,175,168,526,182,292,2183,2463,40,3372,1329,714,820,2223,490,2102,1219,647,489,1302,1666,23,1455,1222,106,594,240,272,513,614,560,1240,754,120,22,412,203,871,867,635,643,953,3,681,2400,2379,1676,2118,2642,4489,1807,4640,241,2835,213,3311,1095,2838,2985,123,980,589,1123,535,2210,1143,1451,1300,237,417,626,837,321,1292,366,480,413.4394050069058,253.1449096891298,878.613964452361,304.9780216412816,0,1200.6558343255572,780.5840995359955,2946.016928449295,755.3033917005945,0,1196.9890305666022,350.93370646842914,413.7221051744421,340.4709315047815,0,0,0,2
1044,2006,673,870,950,458,1195,1921,2200,1009,1292,2414,2368,88,3884,2455,1252,458,1786,1482,2451,3628,1059,1187,888,286,125,1111,471,1163,1509,189,950,322,500,34,1230,1351,247,1092,509,821,1476,852,300,1726,1479,662,753,1115,1451,3485,267,2905,2033,3437,3808,835,2973,487,1064,1377,2871,481,2884,2351,728,1878,332,726,298,852,387,1413,654,613,428,197,123,1535,1683,4.003825278608376,191.1748753373682,273.34769172630354,161.18670595356738,0,1101.5575609109133,1333.3662984782902,2622.0643437716603,1461.6171918237733,0,986.6861441776714,650.5563774408502,539.6021830062404,80.73647887835682,0,0,0,2
103,1155,1071,738,1275,1067,122,990,1679,355,186,1126,1293,817,1087,773,85,705,1623,1746,444,2000,1581,401,243,337,134,80,424,459,218,217,154,241,622,635,241,1184,1279,945,772,151,940,1648,1452,460,467,42,2285,3551,2251,5523,648,5258,972,4128,1810,3384,3561,1109,1749,1310,1931,250,2523,1656,1070,1004,553,482,744,772,437,1426,892,132,143,310,1199,1571,776,296.852315512075,366.7286705726952,680.1732886160222,692.8925437258273,0,910.8363807512302,1689.6172862265612,2204.816570071437,1583.2096237938165,0,1330.5500958826979,821.8068167051656,390.97850674503974,584.0765773152277,0,0,0,2
205,712,818,1207,1132,212,1255,1806,991,1270,271,1443,1922,3616,493,2602,1784,908,113,2171,1386,1244,2151,238,1185,467,519,143,780,286,999,1400,347,544,661,772,571,712,14,1347,1332,853,311,228,348,112,1187,312,2377,830,4295,1817,5173,4711,1259,3021,1051,2215,1639,3586,928,2325,1484,1072,1022,1328,1582,217,1473,982,217,69,121,974,1660,1442,326,733,803,565,927,294.35156263669177,131.19388239639008,601.9538748968297,400.03973989293553,0,1508.0407927174915,1184.8902903285932,2777.6995369827673,1006.0174168357895,0,1365.7183554374208,398.50693010507416,522.0503757029327,197.77449509328588,0,0,0,2
832,432,571,700,229,1344,2100,1830,5173,2696,3224,2100,1992,1559,2746,3158,1250,2656,136,2089,261,2093,1778,588,1924,693,1126,770,144,76,669,149,1155,1835,671,678,40,308,810,1596,997,13,521,457,647,1025,239,1322,3992,1254,3168,4584,1116,1124,58,1374,34,2949,2244,396,1250,199,804,324,1590,615,1536,1838,104,943,863,255,234,706,1075,283,1177,697,633,1042,695,42.49939196935114,418.0497604252586,311.31196071951325,1005.2854099629876,0,449.3793080461094,1854.0027420624983,1133.2463748527648,2672.2852499571036,0,294.70233447356463,942.8411135160849,322.6001563041512,866.5056272691113,0,0,0,2
73,527,1002,1426,693,2047,2495,848,3062,2520,920,373,1762,974,1394,1957,112,578,737,1632,319,1601,1660,89,1187,878,3,24,261,75,1173,891,126,698,560,235,789,1288,617,492,1073,889,1244,1062,1508,68,3033,2898,309,2050,518,2327,203,2274,1584,758,241,1524,1338,954,2374,1419,537,1001,176,226,801,36,777,838,375,197,235,266,34,469,609,1269,1708,849,120,145.87231358595815,177.52541696509388,425.97195224845046,350.4386395172139,0,668.1832925926838,584.777284951504,1817.899655883524,1068.8936017756594,0,985.8951725562509,285.5579676361987,329.4577066176884,195.62202067934413,0,0,0,2
733,748,2049,780,81,1789,2174,670,2978,1821,985,589,1929,2705,315,2410,1387,183,108,1108,731,1103,1620,144,1172,459,299,84,978,1043,51,472,644,1063,1151,796,35,1100,2127,1598,1686,1017,3955,103,4643,1259,5231,3376,1958,2648,1314,1777,2701,3941,526,2705,2027,249,641,283,1295,192,1595,1384,381,932,389,1005,49,1643,1543,242,300,75,1311,2194,1649,417,95,288,1084,170.44665637138368,443.8882951506493,338.45368079369996,1108.376311121746,0,575.8492272287947,1935.5929260528374,990.4968995500726,2764.2357392355916,0,895.0474968155773,837.5087041192224,450.8839248280023,472.5183189220984,0,0,0,2
170,3283,1655,1345,2524,1134,2578,682,3109,1937,869,435,866,305,1162,1570,7,1586,1053,277,798,205,601,491,1215,388,513,990,1071,749,559,209,1340,1422,1267,720,76,803,192,497,3675,2465,1969,3395,1020,2556,1225,4206,1610,2701,1505,853,144,2036,1774,1007,2142,295,1329,105,1337,311,1076,1058,236,43,28,547,1410,1860,1003,47,555,1538,1312,702,90,2141,2981,905,3164,405.47185532263364,178.2609012585325,647.3538242340213,427.6575810866061,0,988.6447301735848,1406.5424619654427,1722.022350719095,1884.2102418890177,0,952.9773121177473,952.8140427853283,518.2900623301622,843.0130089916693,0,0,0,2
1638,2297,1303,2582,2794,300,2429,783,620,501,1522,536,1018,1229,1,651,261,426,108,405,560,736,1536,954,102,547,529,1115,1473,518,856,1305,1028,1049,23,1226,3870,605,4612,2914,2676,1610,2607,2324,2792,3895,491,2084,294,1358,14,1954,1389,1168,1032,488,529,753,1040,338,1599,1082,395,643,148,1169,2060,1656,380,212,400,1030,1136,569,1487,4067,1118,2423,3037,1121,1868,720.2913666186994,175.89293153501242,1236.72079984852,83.73888704747958,0,1422.6752422812453,1276.5346770762112,1691.1700334018185,1921.9153733697985,0,305.9632219578498,1258.4966505940376,421.6193136414676,1037.2375277097615,0,0,0,2
1935,3440,646,2852,1246,1181,230,1472,1235,551,1199,417,596,459,341,15,972,983,241,1507,1644,368,526,326,866,1596,1219,326,687,364,96,307,757,3087,2089,2136,3367,433,1551,1747,3457,350,2665,1189,805,489,1306,1417,498,1702,681,447,135,906,275,1428,1869,376,823,912,1072,1620,1671,355,870,773,223,79,346,544,1876,515,1692,324,1641,2805,2000,4730,1409,1490,814,386.6939099419609,335.2234892151034,878.0408031564701,284.95131273241003,0,865.283931724148,700.818097617263,1159.666215584183,2148.7147045327406,0,547.2425713264812,1424.4859179050316,760.0389369214812,931.9855188207565,0,0,0,2
1111,377,2665,1899,663,1773,555,537,228,1267,562,1192,1148,291,490,856,957,957,502,410,852,596,1010,1185,81,468,476,67,1429,597,2629,648,4082,3357,3815,4992,655,3565,127,2473,789,3424,1531,2116,1876,1184,1586,1216,1981,380,2054,1007,966,1292,232,375,1043,722,312,1262,1154,413,460,850,17,360,278,2276,3128,30,1239,120,2012,97,3583,2644,1100,2256,558,1371,797,181.46160717356295,491.144540441818,376.93699959633693,1026.419334225259,0,1188.3370060719308,1982.7908649739577,1280.6199327803304,2513.5792149372714,0,697.67135574737,1439.269033824556,491.1497559607581,538.1902918302379,0,0,0,2
2419,1349,835,1293,181,649,250,306,506,869,221,1841,1665,328,707,620,182,759,1147,538,383,1053,636,917,65,762,2099,3460,723,5652,1927,2682,1171,2192,426,3518,2622,1179,2044,583,1720,124,2145,1176,1250,1691,314,198,7,222,672,1726,1358,412,1286,514,393,1056,1115,358,114,323,642,914,1647,4172,1487,1671,1655,1901,1096,2984,3770,333,2171,362,2002,211,2286,2184,72,233.7679401319355,295.315138118535,780.7616652336878,406.18355449014206,0,1731.0124212437067,461.7518890208501,2190.593073834766,1828.3652719255952,0,1572.8765690733674,445.9601023916446,637.2886944180314,359.60210118395963,0,0,0,2
1306,846,30,156,618,224,1470,1380,467,1343,727,179,416,834,322,794,903,490,717,1241,525,387,1546,3623,863,1995,792,3229,2208,2626,3601,105,1826,911,2332,265,2532,2396,49,1363,306,200,616,992,599,1785,876,648,635,153,232,844,1130,395,90,51,460,1167,1170,1082,1028,857,366,1707,369,3290,3612,946,2715,228,1536,1084,3307,1187,1643,1723,100,603,1014,1372,475,352.85699497060233,117.01248381172468,503.68782737025845,287.8324786476032,0,1395.522519524497,197.04372971080983,2562.960530145766,778.6337399972163,0,1453.8409978463278,246.27910961472674,735.0017096767032,227.3202170068854,0,0,0,2
1774,742,1292,1527,266,478,79,184,181,903,1197,419,271,364,554,1156,1697,743,381,1832,190,2059,955,4175,2333,3565,3049,970,1439,1696,3082,229,2707,1262,633,172,1383,580,1489,1799,264,1858,815,426,387,421,465,564,1375,710,57,27,32,982,1745,1708,621,415,683,1723,52,515,898,2966,538,2257,1172,832,46,2784,2545,487,2334,1451,93,3,411,387,1291,836,682,227.52472571441868,210.88332047226737,75.46519852595618,991.9458297204598,0,314.64489905288474,1718.3810740240563,1105.469486115533,2236.084395093813,0,247.11172610478008,756.4729367202985,555.3167107135893,484.6899087867441,0,0,0,2
1198,465,267,31,328,127,514,1363,1241,258,30,361,927,1721,1380,1942,85,3097,825,3154,902,5122,3358,2626,2727,1646,2218,2652,4269,713,2914,1948,553,354,1358,584,1424,1616,292,1339,473,725,68,1168,1094,107,1039,914,672,1363,1568,271,1225,1391,1365,429,242,3397,2444,1804,3125,257,1575,1425,3316,705,2940,2111,4,153,1009,881,796,1744,878,619,1254,137,661,308,279,421.1110346008537,174.00104326805672,809.1663656360532,395.1502661058888,0,1649.497866018626,825.3056066382715,2860.939258306753,1508.952359314315,0,1481.473856369068,205.2209111278604,265.89303567471006,465.01450837163907,0,0,0,2
173,853,1127,434,9,212,745,2071,1389,153,760,1005,1414,802,1923,3460,873,2266,1680,1414,505,2307,2907,353,2704,836,413,981,2136,563,1937,2063,203,1373,252,548,274,770,319,553,528,360,736,1327,574,1051,1935,1688,1019,67,449,539,617,2173,1241,1718,1263,1542,2598,1428,3168,782,678,725,2515,284,2866,2681,64,1617,682,357,70,479,195,789,471,64,174,300,220,257.98294757956256,60.78065980577283,532.6840495394425,58.01446670388861,0,1095.7202790858623,456.0307371738928,2271.9456470170635,813.6646980430352,0,1197.2361040382712,71.87734543057381,123.53686145307216,377.28779921619105,0,0,0,2
944,1286,787,256,940,1298,1467,1135,479,476,631,2518,3229,506,2601,2,3842,1397,2991,2901,127,832,1776,1644,1379,3077,1144,1859,1789,469,1255,349,1173,195,859,772,219,54,729,6,1638,2279,1090,436,407,128,1121,1765,599,304,712,911,1980,1911,1185,3886,1221,1471,174,1551,205,3647,2339,1250,2413,434,1165,256,1157,474,973,1031,338,843,291,18,761,938,369,1680,1530,191.78492839544703,374.5711459617931,524.1568636473859,514.7175355095019,0,771.8983514686374,1055.4575681206954,2357.454246280624,1560.851880506654,0,1124.2341721985438,479.4569525813155,278.00861059329645,482.9936099329067,0,0,0,2
290,86,259,601,1381,1275,322,72,740,535,2935,419,4752,3909,2359,3466,519,1907,2056,3593,614,3702,1691,1682,1353,1621,1811,721,1704,424,879,115,737,297,1973,1427,260,1150,1213,982,1212,914,70,453,556,446,859,54,730,846,2403,1888,2221,2311,144,134,2189,2266,1253,2717,573,1038,190,1037,900,485,1098,322,632,466,417,394,341,186,1241,1462,359,793,794,608,924,127.7994068172417,430.95068059970146,162.86188751296947,906.5619624985753,0,423.6109653915961,2257.4115256962173,866.538135388799,2454.5835712009075,0,431.1560484432028,766.5044717101842,275.90058745647633,271.1340396821753,0,0,0,2
853,348,478,537,185,715,3293,4219,1109,4893,1403,2852,365,3104,851,3267,2273,1734,1486,1565,2140,516,2216,904,855,347,537,202,1349,1061,492,1514,831,11,130,258,726,1607,1210,190,33,558,526,352,17,1652,3090,1059,1434,893,2072,608,2815,2932,531,1914,781,1614,652,2477,1553,477,1004,17,49,774,713,802,1546,530,1093,1012,435,452,709,525,56,589,648,649,743,155.75538319914787,345.033669984208,420.77906493360246,884.8741448691259,0,655.6710017226628,2303.790664702093,1380.8577589619063,1959.500420261834,0,740.4334023066549,698.9780472740167,427.3901881125331,225.94599380408474,0,0,0,2
578,350,629,1010,3379,1500,2122,855,3305,1547,3013,3211,1356,2217,1435,2593,415,3032,1512,1177,885,969,491,1142,1398,450,1889,1272,63,37,292,46,440,1072,930,429,515,500,24,499,54,2199,3201,98,1913,789,2634,473,3717,2666,1048,2170,910,2141,552,2685,1714,833,1667,383,595,366,277,733,122,881,1381,586,371,372,294,577,686,365,255,874,1181,1086,749,459,799,196.64929052218918,391.1240498797356,271.0359984637731,836.6660653319374,0,203.6150289148618,2416.5208358959158,510.9733068535188,2399.752144898245,0,603.0462314610746,943.84452407981,301.7732365814884,95.87827433739199,0,0,0,2
3204,5023,159,5197,2371,3711,2022,3253,3429,1617,3737,444,2454,310,2943,1108,2182,2325,909,2443,751,966,596,177,657,1360,506,820,1205,535,112,551,813,365,1403,1038,897,834,435,2088,886,2972,3202,627,1844,65,1099,958,2529,1010,1392,606,1221,1015,773,1883,1026,459,1022,802,140,61,220,630,1000,326,190,524,879,741,692,681,214,47,294,1038,1770,637,2179,4020,1420,419.57711519339,208.37761714853207,698.064630308696,262.77938786805873,0,1238.1610820083145,938.4180457375901,2524.326025161185,1781.3811456252,0,1537.22263419734,807.1960081326697,386.9087066728659,791.530474314637,0,0,0,2
6808,3457,4687,3615,2779,3950,1387,3705,361,2360,271,2613,843,2345,2480,430,1696,396,455,528,1009,102,1324,1491,680,274,79,977,476,348,725,1278,1162,1113,936,1642,1475,2268,5331,2502,3316,1692,2588,1820,2728,2971,1333,1828,1733,3084,367,2611,2235,63,370,241,125,1239,1025,212,522,562,292,297,915,1543,959,291,894,893,1228,1782,1365,1184,1704,3993,414,3969,3027,3572,5141,319.0787954814354,189.12819473712386,257.5781209425351,973.6093120360492,0,267.1296922844782,2683.373496124262,708.7216157363827,3773.3878050883986,0,886.444773879976,1750.9558384298566,848.6337048307671,976.3676274736156,0,0,0,2
149,3417,1250,1778,509,3513,1893,2263,3453,353,1853,376,916,509,1771,313,1477,1647,62,245,707,1124,151,1128,1272,1051,1051,931,279,1317,958,2889,1333,1575,226,106,1371,527,2711,1699,166,1142,700,645,1548,2742,810,1970,1824,257,1441,872,198,61,130,300,678,773,770,88,848,782,988,806,12,933,1748,1443,955,759,263,2221,662,3729,2609,2689,3023,637,1907,1312,3522,376.2313240683202,671.3796067577732,488.48033831074764,523.0451176164678,0,674.1160137543093,952.6650784809789,640.918295973592,2622.5881346979972,0,419.3316876800237,1245.107552791399,452.5188420583275,179.8366396717579,0,0,0,2
690,2388,2108,254,782,152,258,1028,1301,90,1721,1094,44,173,622,506,517,1194,1051,932,732,217,669,1205,921,860,2558,141,2560,261,194,862,1150,2289,423,996,156,1284,326,2513,2327,45,2156,1530,213,731,431,124,238,34,522,961,156,19,90,486,750,1143,940,279,369,1074,1901,1506,37,253,948,3637,1924,1754,1665,1860,1726,1310,3407,1079,1571,39,1602,78,2624,157.28399659474422,434.00712212987304,416.7654006503679,624.6485544040033,0,553.1119619932298,911.1224192373719,1132.8849629733218,1523.1472203280139,0,1067.542431937887,746.8243785911679,242.93102947946377,466.5648759741052,0,0,0,2
2588,99,1926,1069,175,11,770,27,883,919,214,178,317,492,171,1417,1753,1441,1016,17,561,668,274,2368,4101,1125,2964,3264,1993,2900,1467,3142,724,1296,576,2056,255,3099,2705,108,1510,823,48,191,557,285,877,701,37,82,102,9,877,1859,1384,140,1025,1224,1613,1775,701,183,2031,781,3244,2258,2819,5633,284,3960,1217,1776,63,3588,1991,2220,3549,841,1437,772,739,156.42643804693313,256.60666182356954,634.0443860748475,468.83657820099984,0,1707.1734021475384,113.39893717645805,2381.2285717107,1366.1523614034359,0,2164.958476130458,542.3176750122403,927.2954549738614,263.86734512131113,0,0,0,2
91,1316,647,1017,1083,125,385,615,1295,169,1635,1963,847,40,352,1076,1926,1725,874,276,895,1294,2576,1066,3693,2292,2387,1488,1433,850,2515,3420,123,1908,785,328,128,829,390,979,1073,256,993,12,675,293,1761,655,1163,1579,1108,216,197,411,1193,1452,1030,81,304,2679,1625,2012,1004,1750,3254,109,3184,1553,698,74,2352,1058,2201,2839,421,1551,913,347,137,676,719,219.91778207673465,134.10666833710204,353.1917530425418,785.7268867247733,0,589.5251245706157,1653.9058879373752,736.9146986994195,2300.0680168560184,0,647.7596216504988,923.7353295233148,516.2741547158723,459.7139485615612,0,0,0,2
410,822,421,30,689,746,133,1520,2057,1137,381,160,337,830,1454,487,1212,3016,449,2807,982,2801,668,3327,2918,637,921,1249,931,2101,2842,392,1508,1102,351,306,914,1094,322,762,550,349,639,399,851,1866,1469,520,351,115,1494,1674,948,140,1709,1873,2567,3486,942,4668,77,4736,2657,2338,2494,855,722,1887,2445,334,2423,1119,1127,640,804,677,894,1209,158,1052,724,171.47160194095127,442.80680784789604,381.0796216517586,1009.044335665102,0,349.8918475757902,2758.9844017247888,634.8031776623944,2223.5151468785775,0,449.45941728615657,875.8325466248124,240.1893019627176,797.4123422136151,0,0,0,2
568,826,828,210,1315,2151,887,239,100,580,839,626,1757,674,1889,1834,3090,388,4754,3039,1529,1806,644,677,2310,2938,84,2227,1320,840,1092,197,493,212,800,72,839,1223,785,563,371,700,1646,1473,195,377,636,1259,1246,763,165,1108,84,2733,1734,567,1514,1735,2400,1004,3850,1983,1556,969,1343,998,1493,1986,1,1376,581,429,14,1102,452,814,1192,986,983,342,530,190.17804379031566,197.3740217298289,351.98473296188683,670.2086998626581,0,314.00143709862226,1991.2799120417124,716.0788700494012,2266.230021923016,0,603.2321516653356,768.6426292477834,156.79548704026809,449.7634134778303,0,0,0,2
1122,1812,1606,625,221,657,202,329,657,2033,4028,704,2444,1472,3011,1722,3050,3595,143,1635,619,1549,485,2222,1346,511,943,215,131,402,840,36,1322,1646,52,1039,963,904,790,547,193,970,1265,947,655,325,126,443,1497,3308,549,1869,768,3136,1922,1877,3378,1007,1582,1,1259,45,1920,1576,517,1373,342,215,354,367,821,1200,284,805,1003,1018,797,395,272,896,1227,124.94895359097455,119.12946590375469,531.3478637319124,628.3723693447884,0,649.7515236611608,1494.0945056440232,1536.174661545003,2003.141190806502,0,884.4447560002114,834.2854470448913,687.7648494739316,416.1353666278555,0,0,0,2
986,419,319,115,331,528,1074,2644,1045,727,1422,468,11,2334,2413,78,2158,960,471,81,1177,1037,129,678,694,659,34,47,603,988,676,411,1236,1343,707,145,536,55,1229,1420,726,119,695,491,2193,2888,1718,4808,2455,2340,1019,1485,279,2736,2755,914,1928,302,1445,469,1377,1833,220,790,449,387,527,154,909,1316,559,443,769,782,891,600,104,259,551,808,862,134.66787461449604,340.4484561456976,387.2056664806671,735.2648527694473,0,274.53007576584395,1462.7150442693737,538.9338125052668,1872.7296770616224,0,466.7281565951555,933.0796640648441,256.95869448057346,230.20616795554906,0,0,0,2
1196,474,974,95,1403,281,229,831,3222,964,2503,2207,16,664,1678,2223,125,1831,1267,359,560,387,274,888,1287,50,1194,1321,483,7,23,352,566,1172,1018,164,375,292,103,579,1191,2771,658,3746,2030,1679,1767,2917,3417,896,3050,539,1943,213,2678,1789,1183,2207,464,792,268,102,762,971,240,1550,1213,308,792,615,456,643,736,38,470,414,455,1397,1436,131,63,293.2966268279678,157.47171258338935,355.69821221602325,483.7584993710293,0,568.0685742056147,1748.1066903055307,1202.048364419755,2140.3537618839514,0,300.33311063858827,770.9906228427581,234.07279118939618,210.69236814338498,0,0,0,2
1448,2346,728,46,20,1159,261,1865,1372,202,402,1199,1238,741,2195,1432,60,454,450,581,884,777,642,1337,608,225,207,133,412,749,895,560,429,363,308,792,1376,1327,4011,3991,3639,5875,1394,6879,232,5547,1453,3653,1624,2715,1069,3136,3154,957,3649,1544,1143,735,656,156,1425,400,1385,1765,248,783,503,278,145,1176,1263,255,395,352,1124,1627,1061,1871,583,3395,945,564.9821917461626,407.62723878150746,739.6367128636542,937.5522726052443,0,1322.2129414356828,2361.0722749920733,1941.3370942605843,2505.383041378742,0,907.2581609996153,1065.6069126765258,584.6117789288203,346.4785794805297,0,0,0,2
854,380,2189,1458,1602,2163,118,1011,1064,2443,792,1243,2002,964,435,618,453,447,150,755,1143,882,162,368,71,191,855,1081,488,398,729,1172,1370,1284,116,159,1882,4366,1283,2211,1561,1844,1578,1846,2814,229,1138,1127,2500,382,2480,2316,17,1181,527,234,692,693,653,1438,548,326,20,337,441,100,1237,1364,935,933,563,410,917,1501,2024,651,1810,2995,331,2851,2353,449.29005925984166,250.59224783273018,687.7440895529771,594.8895268032397,0,969.4753271744465,1111.5904656676566,1650.167301152227,1118.73455330938,0,677.6702105866098,674.1411108111255,102.34255832754835,423.9617748199351,0,0,0,2
1249,1066,1573,2249,561,1687,857,146,568,1869,1461,818,2044,1147,387,677,79,121,295,590,100,257,502,602,855,1135,766,95,906,1800,1586,759,362,1402,2325,2692,5633,1500,4877,1897,3288,2353,2397,3505,620,2093,203,1086,503,2148,1060,1340,1616,191,1004,6,452,345,1025,320,405,570,163,667,1746,1263,800,1735,1272,1111,1230,154,326,2295,2006,1704,1882,883,4025,1143,2702,472.9403025892938,232.25723105207413,725.1799359027723,587.8993546870765,0,1118.2312484455083,1726.6810582785347,1915.4353903664946,1634.821903468729,0,1262.594772681518,580.0255413477787,1113.3591662525894,112.78888135395215,0,0,0,2
2103,125,78,2118,1651,1411,2835,1270,1067,1421,218,478,43,158,688,827,477,322,339,294,1012,1418,619,867,1486,1448,1138,488,254,1085,1025,1815,662,2279,796,2824,2182,3648,3814,734,2099,737,2001,1429,4031,1732,2295,2354,509,1397,275,1072,255,1410,562,603,531,213,314,1279,1157,326,1798,1871,933,394,76,645,1041,855,927,435,1158,791,870,750,110,975,2016,3123,532,214.03178872145597,262.9892759369984,440.47037605860635,483.52848831417117,0,980.1932692076598,951.4739762862421,2347.4662169031726,1068.677945028522,0,1228.1249402799772,644.3858905425583,383.4398460045843,137.2612889025826,0,0,0,2
1759,1445,437,356,1836,1123,1087,2022,686,783,264,716,55,1221,966,247,1350,1022,406,135,310,844,1391,1268,508,62,633,916,895,588,967,345,294,3442,1459,4383,5822,515,3585,168,2000,865,4035,1272,2644,2214,971,2025,639,2481,616,1655,1114,235,227,211,255,1493,1547,516,561,1040,902,838,891,597,291,461,440,653,96,1967,2949,594,1098,639,1657,1262,3743,1716,1389,369.6715140721042,260.2574320525741,659.4438116844211,257.71837539979396,0,1486.1815610819563,719.5776601022332,2768.9024001058806,937.573134921927,0,1293.5616519668854,636.7801230409428,367.1218074018339,237.3326287032342,0,0,0,2
1886,829,721,1514,2322,643,1031,662,112,329,548,36,1054,1022,23,858,726,589,150,150,68,815,1298,763,171,81,270,101,786,2259,103,3937,1559,3719,2647,4516,5014,1054,3006,826,2149,1527,3348,1091,1937,1747,432,513,1130,1003,759,1866,619,993,1380,518,109,364,458,345,1556,1104,170,410,867,712,391,1244,1199,164,2571,4335,309,4251,3307,1581,1783,1892,2205,932,2791,350.5801833756055,181.1227755447383,779.4722073737817,236.78970473839922,0,1893.6245436991992,651.2493851170923,3218.713890450675,686.0481316663231,0,1352.3536268352316,53.9587835589286,907.0384694202953,49.42042518330937,0,0,0,2
387,1517,150,2225,1438,1260,2197,688,1055,1349,10,358,308,506,1066,976,96,950,619,321,705,1757,938,630,1575,1301,751,969,1963,12,3961,2923,1585,2598,1619,2809,810,3335,1181,1425,48,2328,1555,1483,2852,1123,943,875,279,651,877,272,1366,1153,65,113,541,1024,91,1091,1049,1002,1439,722,316,396,654,1248,367,2507,3809,180,3245,3446,414,1191,1230,1671,845,1862,1803,294.093327079809,206.4419936541464,413.12149522514875,62.74081512237603,0,920.3136775034914,451.7693238936664,2745.438004847703,592.9106291935003,0,1388.8272612238527,256.4975489582523,493.5564287602507,617.252758873331,0,0,0,2
345,282,219,363,540,1024,11,1166,1209,97,412,26,62,548,945,404,331,1090,1299,843,239,541,1132,1523,1161,431,360,892,1066,2633,3440,480,3410,326,1618,467,3338,2035,2097,1934,500,396,1554,1874,722,2421,738,1300,816,578,228,658,781,70,536,321,320,1094,1538,1350,236,1049,1921,1434,818,659,2070,1684,1805,2559,192,2604,698,3406,1726,1753,1719,991,130,2513,2540,93.8508452186299,367.48615258770553,309.8293978904243,669.2023522253991,0,1404.2124741291827,1366.7365815373132,1776.5251645840544,1521.2036603528409,0,186.2385786973575,879.9601031715234,535.9462308551559,248.57229024796985,0,0,0,2
579,2583,1157,646,323,534,372,589,880,34,749,289,52,649,1194,867,731,1793,1254,657,716,66,1504,1419,2942,3474,1066,3484,126,4190,1227,3675,2815,1084,1680,1022,890,1956,3121,456,2445,1621,1115,1311,442,1079,454,1350,504,513,202,355,880,2010,1563,109,1284,1317,1734,1301,333,10,1065,567,2793,225,2458,688,4136,2596,2350,2609,260,786,2248,2733,756,3233,1380,1336,1263,357.8084994303333,430.2978356497589,463.8746524013622,1080.5940127722397,0,1497.3827633574524,1495.7913190488352,1240.3820952125209,2581.7092516782186,0,747.0441398719959,711.4166267569137,441.23661066404156,577.608809577018,0,0,0,2
411,605,562,1151,121,915,534,331,755,844,110,1433,2093,1148,31,541,931,1050,1132,724,967,688,2159,648,3269,741,5394,3817,1722,2602,984,1583,2553,3572,273,3472,1591,1396,1307,1011,1243,563,1534,432,469,578,253,554,1010,736,739,1979,1599,366,32,247,427,1178,897,685,318,1140,2779,431,2652,3390,599,1361,1394,1703,1020,3547,1390,1430,1323,466,993,306,1273,369,910,360.9400492124382,113.67595988769045,389.52806577851993,442.85191603800814,0,1593.133354430821,364.2482744394763,2629.315575831383,1298.173393285585,0,1602.4776301718518,322.00429871112584,480.27731853486085,219.37579641808404,0,0,0,2
936,288,556,282,148,1219,1085,588,1828,1406,218,102,468,340,1247,1163,377,278,2271,2981,1941,3287,1365,5981,1775,4027,2433,1399,780,1982,1421,1789,3121,645,1665,722,812,606,911,1011,743,1653,847,338,675,773,787,1141,1151,211,1689,1327,647,157,213,252,708,1749,2609,927,1626,807,4085,775,3853,2798,546,1468,1173,1454,1207,2482,892,1086,936,299,457,228,325,745,1245,342.303304336536,319.8347495836503,494.9841204872759,1025.8424781208575,0,1266.7860563252189,1451.1270068237345,1654.9184944605386,2614.4182535649734,0,987.021795234267,870.9756565013275,612.2209460623669,494.273098470441,0,0,0,2
518,948,1453,759,567,573,183,1167,1386,957,452,148,251,548,449,1291,1026,1263,861,1456,1806,2408,3793,878,2006,1082,1154,69,2176,1753,805,1558,27,904,145,1270,298,1304,1403,398,349,443,724,1142,990,362,813,1405,898,473,475,518,809,1414,808,2621,661,857,336,3439,1653,2563,2597,517,1174,1560,2199,5,1920,1340,202,414,245,112,498,1036,413,826,1629,696,284,63.478221940822664,354.77756988881924,255.17427554838582,643.4558717809853,0,614.5426124362737,1598.6845169670014,509.90697040293503,2136.0737090330413,0,240.64990609816186,620.8449837557994,171.19692930163149,337.1944454969655,0,0,0,2
783,659,572,1072,747,361,568,421,444,878,588,2743,3738,2623,6250,102,5128,443,3896,182,4525,1596,2965,1052,2466,1674,1928,2598,135,1446,61,1229,592,2474,536,1702,1702,546,160,388,193,762,1354,524,201,708,507,184,80,531,1358,3358,1864,478,2077,1059,1219,2067,3051,715,1680,45,1779,455,1719,1994,717,375,532,565,556,193,712,1044,984,99,946,1150,597,182,485,441.1621503543136,693.4281506179077,593.3006188860662,1220.9412733389127,0,1013.6042336632183,2780.1750100249337,1165.55425005984,2326.955871380812,0,192.23727063962576,910.6674716062291,380.29612648418026,346.30825970857063,0,0,0,2
755,509,1483,1280,531,434,213,147,2217,2155,1605,1873,2945,4419,1763,4641,473,2883,48,2913,647,2715,2565,264,1313,81,767,603,1626,458,1873,2081,409,964,40,731,613,1925,1131,364,352,345,331,1166,1335,1079,2194,1600,2249,3201,32,2066,1820,3275,172,3220,1046,2020,227,2887,2582,541,2316,953,366,154,30,440,1146,391,996,1421,875,104,555,167,88,1005,1402,650,152,126.9401520455591,370.3751413895842,220.0486718532135,1319.314842207856,0,141.0790026899822,2582.4830242389544,873.7108567503196,2553.6379396164675,0,428.8733460940628,748.6489696224592,294.45915670729386,376.98090876408213,0,0,0,2
298,587,862,1458,1620,216,1256,2522,708,3981,3132,1542,1846,820,1589,881,3034,931,1087,617,807,274,1640,1956,212,1896,1081,410,444,173,173,483,649,410,359,740,485,780,1313,1224,382,873,1344,1085,654,2191,2210,869,2722,1314,1581,209,2351,1613,1269,2248,106,274,1374,1952,84,1860,1667,147,785,744,200,152,122,263,662,728,515,206,372,501,739,1785,1294,274,253,191.51029143787602,154.50972936700933,198.6411737823621,382.4234783378585,0,984.682391687797,825.5868298912676,1891.6954116653026,1265.2491760758458,0,915.1144581199868,506.2066830771689,405.2394650479604,659.5745675799519,0,0,0,2
299,1261,1154,2821,4242,817,4913,1023,4102,709,4065,2211,2741,2653,1567,1435,2404,3108,178,2994,1830,1004,1263,318,378,851,842,183,1149,291,611,452,1804,1271,465,1238,1365,1542,1448,810,335,464,1335,115,1190,874,2801,2062,2739,2103,893,795,1940,3367,75,2719,1594,461,668,595,664,865,1266,98,1225,385,535,91,1236,646,1137,1734,1117,124,513,829,1268,1440,1088,108,501,340.20508238492414,161.7200716254796,845.2501633364953,444.7192402687326,0,1404.6829126176485,1045.158174083788,3157.7102754610314,725.0565371214536,0,1435.0363972071718,268.5689092880182,734.79176487126,468.9611865144234,0,0,0,2
2079,678,3606,1723,4116,4539,2475,4821,210,3049,1135,3298,722,4454,2189,2346,2681,148,1168,327,1076,205,1468,806,509,941,101,20,990,1483,305,1732,1981,908,629,547,121,1300,591,1572,2133,228,1042,492,1649,51,2888,2664,202,1759,122,366,1105,1547,18,1410,1326,195,953,359,49,299,161,31,625,1096,721,7,1105,1414,1017,518,142,842,1761,1399,622,633,711,1782,1591,255.0284556056158,319.4989652684744,474.2300300782253,1045.3235853293183,0,525.797625042183,2109.052894208575,1391.9034986496433,2705.0299857355,0,514.961103874863,907.6975842661965,286.9192821098174,615.6912458539476,0,0,0,2
3632,1644,2210,755,1692,507,2884,3177,546,2110,629,423,486,1266,234,1292,1225,238,999,23,521,333,1604,1068,46,647,836,827,1722,1833,148,1348,957,920,1473,236,779,2634,488,685,2099,420,664,1325,2321,277,3251,2639,109,1596,621,735,147,912,475,1015,1158,494,1148,739,70,109,27,459,1325,1487,275,1634,1525,390,318,119,841,1306,1572,738,2925,269,2698,966,3799,407.30864335443084,301.2295252028914,629.7221653161421,567.7132461504848,0,557.9654671213981,1120.4401286597756,116.56327801108097,2043.3670760605908,0,98.0956195858375,1020.3709436818699,213.78319906860662,586.6610784239803,0,0,0,2
3014,1798,3383,687,838,1210,2087,241,2784,2006,246,1561,399,480,130,751,21,738,927,497,594,1120,752,905,1716,1576,1227,884,189,1232,969,87,2034,2059,1959,1708,1250,3802,98,3466,1847,398,148,2479,1271,2281,3273,674,1794,1300,228,404,283,481,515,993,595,100,271,575,860,955,510,804,1736,1283,680,47,275,446,52,1974,3991,1098,2319,2083,1558,1054,2746,3389,122,259.12100861971277,363.92182982603373,409.35248252929887,502.1388688601679,0,598.3845774249199,1683.1709161706742,72.97320070253609,2628.83394411631,0,414.76613974887005,1207.4021549791134,393.08185767578095,351.5949206240325,0,0,0,2
2644,854,644,284,1805,765,1307,1787,207,825,388,963,604,1015,1743,591,319,338,719,1535,2076,1116,354,720,590,820,1101,213,1800,3875,286,2091,1403,1685,777,2528,3421,901,2261,1156,517,248,1478,1037,670,1307,267,628,53,923,69,928,952,75,998,1043,955,863,306,471,1046,1530,1505,113,305,794,1498,3706,842,5677,3277,3487,2743,1660,1674,2801,3160,1611,3249,823,997,95.17166643972293,349.37445106893693,237.4404922839717,1011.0593324974758,0,481.27531102270353,2348.7720287427837,895.4635197259464,2648.9910873716713,0,355.9456633646391,995.2869533174508,540.3194701153595,673.0812577214182,0,0,0,2
334,986,729,616,1053,93,713,82,190,574,1247,308,1035,1456,1060,518,657,150,1552,1843,668,157,146,402,1242,1804,1709,3461,1516,1420,73,1535,439,3487,2247,1335,1809,18,627,361,1398,928,561,779,8,196,573,907,127,1425,1368,736,116,335,849,1573,1410,484,69,401,619,1053,698,322,3016,3246,110,3265,890,1309,645,3319,1830,2546,2135,541,933,923,1743,414,1022,239.207407871319,350.7226500847178,30.51526459919506,1139.397257679582,0,495.4245553058508,1451.4658040768036,427.5683645700995,2177.646318683121,0,393.6097518223257,754.1042562393637,60.608995096550224,322.1379927253066,0,0,0,2
647,291,95,1067,380,1012,1615,904,39,884,909,834,1341,864,586,1286,791,63,135,869,2230,439,2337,777,1802,962,4011,3605,1196,2271,726,1571,1643,2941,518,1673,928,592,290,1011,1029,211,1258,829,367,394,524,816,1274,887,379,1286,1015,548,526,754,642,436,492,1807,1778,1738,2045,2350,4832,1278,5056,1926,2232,1321,2109,964,2471,2695,104,2077,864,634,149,901,81,375.86862863062595,238.78598996713836,358.6710908378072,1178.80139594422,0,703.6792610984071,2168.575325346419,785.8937504002998,2527.1075922053597,0,828.6981976567176,1013.404101268316,308.6801714852903,513.1836413693551,0,0,0,2
1643,1238,699,2014,979,96,84,36,544,1287,1247,316,129,81,245,618,951,2094,311,1920,246,1294,703,4043,1538,2131,1832,639,527,2010,2112,334,1898,788,613,70,786,1,1082,999,540,1399,1103,293,416,77,505,808,1303,908,16,346,366,501,959,1101,1985,337,3636,1326,2491,1729,3654,3481,2044,3523,125,1724,1101,2884,1115,1639,1839,12,431,520,802,742,1838,588,1098,245.58202264391696,448.38910875928406,375.33885673845083,773.9664416340656,0,921.3957686575297,1954.5905855272442,1163.5047166825277,2118.176236016761,0,751.7418575442946,797.8253084310504,145.51983846469943,426.11779959859405,0,0,0,2
1567,373,58,509,890,458,1617,688,33,611,1096,597,431,661,930,28,1215,5594,3337,4844,6079,846,3372,1600,3853,289,3215,30,2250,316,3177,2000,1555,2864,873,672,791,36,519,1044,529,966,1370,471,242,249,913,94,1444,1398,1032,762,694,748,232,1163,2678,4754,905,4384,1859,2403,1493,3175,3508,1343,2661,264,1413,910,2863,1307,2154,2276,344,1405,434,19,208,451,274,251.10731570978635,661.5089029690273,784.2236710198985,1243.3747976122777,0,319.3853002252922,3112.7369225525,1061.252736593646,3059.47490580772,0,585.2162154256881,889.1519846680093,112.58740987663653,1022.6947229185316,0,0,0,2
1100,1113,409,105,2,159,544,1814,1557,441,274,1853,616,1251,1042,2482,1253,2741,2755,138,1237,1076,2671,161,2685,2010,179,1380,683,86,161,264,288,995,540,566,1383,837,341,714,165,23,858,1234,544,905,1873,1154,331,297,316,2772,5093,828,4013,1342,3815,488,4015,2348,1789,1678,1641,1242,2043,3379,790,1600,1158,321,555,609,370,1567,1158,334,1223,726,142,176,997,231.05653499066455,372.7570780838373,694.1516109337678,550.9188196233616,0,1427.0337811348406,1363.084845777455,2173.404552138786,1472.1749145318654,0,1190.435567451095,527.1514975359631,513.0548058844682,370.00841064586865,0,0,0,2
1049,53,818,885,1048,1390,1484,286,951,2074,142,2218,1838,4823,1481,4760,2549,2466,1576,2977,3368,1377,3121,385,853,609,1773,339,1950,1891,199,1281,321,313,27,918,1116,294,637,507,427,1260,1797,767,793,1858,1017,2526,2688,1974,3181,390,3995,365,3674,2175,1377,1098,2312,1507,2188,3950,1428,1896,1887,149,32,850,591,1158,1459,53,710,319,635,123,1206,1727,566,558,680,76.08928771300627,549.0602371482856,109.07166761711458,1003.3464234557518,0,1225.6679984808286,1763.3243044672033,2731.594698289966,1844.4594323200913,0,1341.168265379338,539.6931752926564,688.2012893390864,463.10623162117264,0,0,0,2
1087,1899,1508,588,295,2442,256,2617,539,2998,2051,2097,1740,1160,1191,1872,3697,914,2199,2141,547,198,449,244,957,1425,475,705,609,114,161,308,491,202,1290,1473,473,364,543,766,1432,1707,339,862,2634,1760,2514,2140,3028,4147,1599,3277,589,1659,1796,3491,110,3376,2495,109,880,383,423,772,1438,298,1317,672,369,134,710,738,244,1201,1051,754,1317,864,1240,2262,1708,267.08977219934326,459.27380680686787,469.7625608015438,828.8684641353501,0,610.8608229375985,1935.2415486158072,1830.7490266627583,2086.9459819263443,0,630.4709345980083,791.7872933121753,63.36102079620866,345.3726897271986,0,0,0,2
818,803,164,327,56,1223,708,226,3,1477,1815,206,1887,1459,345,1027,1476,218,1386,1659,552,394,416,102,12,427,263,247,260,575,850,1142,958,249,1409,1587,1294,804,97,702,1356,73,616,4312,2359,2846,3037,1692,2336,1896,4252,1029,2706,486,1486,341,2462,1667,995,1902,223,1054,154,724,64,1186,1148,397,1235,1025,309,34,84,1002,1878,1280,30,625,785,811,177,135.887373574346,216.06988541093824,326.15693966832174,843.1521914418572,0,604.4543737950781,1726.836308456603,1192.6921229500902,1762.647207147378,0,488.6873915444445,512.3226860653168,443.0181489193453,509.53038726846694,0,0,0,2
1029,333,414,1087,1636,122,3602,2217,535,798,790,157,2709,2316,390,2046,876,722,330,882,529,610,984,302,148,399,262,806,1010,199,1126,1855,1081,275,385,214,1005,1719,856,137,1323,148,4174,2164,4524,6261,398,3462,210,2179,1030,4097,1079,2347,2461,100,1574,112,1496,747,1004,1332,210,657,713,436,469,328,280,1261,1275,402,163,293,523,748,971,1064,744,557,474,399.7483465593156,257.90327917335804,746.3217881820538,301.1918211465646,0,1322.5106285017146,676.7841473713754,2379.2801024800156,1758.2328012290964,0,1366.9476559917887,851.9655657048927,250.91062586158793,361.222970994305,0,0,0,2
150,1908,2092,540,862,1639,1317,1912,3452,1003,1529,5,1428,149,1698,1708,378,816,609,82,280,753,19,1039,1514,592,492,597,368,763,1004,234,546,785,1002,819,1072,672,2238,2311,2531,4013,1074,2642,475,1940,368,2826,2367,1182,1741,900,1987,53,2007,1633,267,1106,635,281,726,156,791,1441,1253,662,413,921,506,960,1301,690,0,275,31,292,242,2396,3128,45,1259,389.05394791000924,137.32391838852885,593.2727745828334,589.4747700404021,0,757.7029266143822,1287.6918365390395,617.733862473483,2205.3714257347224,0,128.93132279211133,958.3208475726357,89.30113290978741,336.6125781548927,0,0,0,2
167,2508,1211,4307,2004,1588,1330,1717,1427,1557,2688,544,1331,983,32,78,450,60,1012,1380,604,1163,1189,300,345,401,83,765,1244,920,600,538,303,599,667,2574,1207,3412,2041,2799,3755,2562,5269,907,2946,1038,2126,483,3012,2938,740,2837,976,921,231,739,535,1644,443,1587,1832,389,243,157,57,486,1245,906,239,424,366,454,1006,1478,2059,591,448,2123,564,2772,4634,525.7512285642694,141.7661509763328,902.2275161258899,540.4033780456989,0,1351.3893387917487,1283.538232509606,2757.8764888789897,1537.002707909723,0,1075.5279807866893,966.4797966862267,368.5303820271499,631.0172593320688,0,0,0,2
186,3030,273,1791,308,3106,2382,384,1537,185,852,359,1593,344,1643,1562,379,1320,891,103,327,669,515,355,1213,733,308,576,607,20,1581,1741,1359,1525,2179,2929,3823,2102,6685,1338,3814,1327,2601,1247,3551,3063,1071,2145,287,1277,528,2196,466,2039,1900,247,923,454,222,192,1143,1088,158,879,297,506,1550,1739,547,667,487,1620,655,1140,566,2709,2083,2859,3485,276,1670,494.2609075497742,447.55878808641523,690.521887290465,643.1764512108252,0,1044.168909947045,1659.7913212379744,1695.2512969675718,3012.1591800031615,0,329.01501530475826,1431.9516643468528,320.80567838680213,1128.3159223274156,0,0,0,2
1268,3245,366,2753,2243,107,698,310,288,1038,1266,43,1645,1125,134,607,96,151,623,1165,1032,6,604,661,950,1362,1522,524,178,2684,2803,1905,2826,1580,4394,824,4293,873,2798,354,3856,1960,2610,3368,499,1487,208,627,620,1720,639,1336,1462,2,995,132,457,145,1305,1360,440,37,242,420,1765,2206,1065,39,785,618,159,3515,3010,457,2977,497,2448,298,2623,2359,475,324.33509168455726,112.78633661309283,921.0848414851386,269.6451640970776,0,1694.80453740247,1143.6380685332563,2379.481004821644,1574.1425405447094,0,1245.0550661114119,533.4330173456243,933.2637551718059,384.4731194905721,0,0,0,2
540,931,733,1175,2404,1007,954,1458,469,554,313,49,145,849,646,26,606,736,657,1301,1164,372,1561,1696,1219,850,56,96,2283,4579,1061,2988,1890,3246,2684,1768,3640,1484,1036,527,2126,295,2651,2757,148,1764,784,524,100,667,55,987,990,165,57,568,310,1030,1964,1240,143,565,1188,1698,1510,684,723,724,751,992,1121,27,3300,1951,712,758,270,329,2352,2809,292,161.8562975808436,407.88216387406806,400.42785891794654,579.1194008843848,0,986.5395886633238,608.6236139798183,2168.5266417332664,1176.8987078926755,0,803.1946635733598,944.533642480686,560.1015057754637,330.09265551812433,0,0,0,2
2200,1874,99,753,143,37,476,611,94,317,450,588,738,94,640,1025,1472,913,354,1210,1216,1064,1205,400,338,2576,2565,2214,2800,1954,4772,312,4225,1317,1914,144,3059,1110,3037,3087,435,2407,882,813,151,1059,638,714,1127,389,473,340,685,603,2143,2011,516,626,380,350,1535,1950,568,291,457,1852,2923,264,3688,3293,1504,928,2023,1583,1834,3661,593,1638,126,1164,403,220.15019842896822,340.7278083376158,532.7014490108143,681.5577593038663,0,1616.7538464466384,467.38522454317103,2924.655157547295,1328.4486561811568,0,1205.1354237357707,602.6532077901446,507.3265203266713,148.5749868564432,0,0,0,2
1349,1309,84,524,264,267,189,617,149,1637,1391,44,1028,884,489,1009,1290,99,1046,1067,946,921,383,720,556,2189,381,1827,239,4615,2058,3018,2712,487,805,2233,2374,650,2767,1480,923,924,896,928,755,1530,397,1068,1327,441,581,780,8,1573,1900,454,356,119,288,968,1464,691,351,359,2477,1416,2996,3524,1054,2248,937,2799,56,2885,1881,1174,806,1466,1791,43,1808,336.9769612119558,146.78567629201282,675.3592569842151,371.59800725151274,0,973.4199055392282,798.8779515207584,2786.302086411228,338.2107236418539,0,1413.293075502,42.45788621292551,375.23265475690164,158.5376109826419,0,0,0,2
1226,146,540,444,379,465,82,1011,1348,338,818,1116,748,254,396,114,521,710,850,1224,1182,104,608,1672,1437,232,1444,1291,29,1968,1625,34,169,641,1079,61,1587,1568,466,110,129,25,855,1230,189,1203,1076,75,706,775,772,572,652,180,400,433,569,1098,932,638,395,230,2497,2128,309,393,872,2295,1029,3121,1135,1006,190,1808,870,1505,2288,874,320,93,95,121.88133044350724,163.3702567498583,106.0346208509273,348.1469727815818,0,499.9786445439445,1099.3800901082418,665.266740339953,1252.6628671757971,0,193.01756693794204,703.8762360306046,268.07131556658413,169.91610534581977,0,0,0,2
790,1334,299,1374,1362,246,726,748,521,375,764,752,251,394,671,888,1181,1440,400,254,1104,333,137,2566,3829,483,4137,1746,1510,563,2762,2376,1496,2068,226,726,1205,2348,647,1934,2052,103,955,628,427,473,724,523,108,906,717,423,932,1133,191,1049,1482,1031,1185,1018,2213,1644,1599,3327,2250,1817,644,1771,1483,1053,2299,40,851,848,2077,666,1870,2160,101,1732,1073,315.16815305705364,120.1953433066825,265.30318983863896,698.9985294219914,0,648.3708294641269,1432.0020626748046,1490.2638008733556,1909.5819073353084,0,483.28321424440196,871.7273460997736,325.8344403294652,808.5954085778382,0,0,0,2
428,586,225,357,1035,1077,31,721,1039,618,633,1100,368,1103,1602,1393,1165,184,713,2186,1439,4610,2505,2846,2366,1632,2296,1710,3618,488,1944,854,603,16,1568,1081,1179,1914,340,1200,983,179,345,11,169,325,1240,1144,122,476,514,903,1557,1197,79,1070,1667,895,442,617,824,437,1371,945,123,532,1800,1370,992,1978,1252,707,876,398,754,1205,920,171,885,766,187,85.8086500830417,332.77639271555074,324.15136650849087,583.462533375903,0,783.327070896953,829.2979979959814,1693.916431439083,1594.9131807877814,0,944.366355358672,275.2977549286601,308.91002463931375,555.1435380732818,0,0,0,2
27,96,277,44,511,620,631,1322,1421,191,1331,1571,1364,1672,1106,1127,834,2422,3782,439,3380,241,3121,2090,1577,2390,411,711,1729,2659,327,2581,2147,612,1368,82,431,788,750,56,762,385,251,966,1396,390,1160,1673,1496,1033,562,493,1413,810,1931,1450,1652,1274,1357,2935,1332,3654,1421,898,321,1981,512,2747,2829,128,2305,1266,476,731,62,177,641,958,344,534,640,338.1060563328676,237.10719400719938,571.3556454922674,255.18761929688424,0,1017.6429445046037,1111.6712692194021,1936.9043705143545,1633.7988329678763,0,1408.7609618393453,486.6231031215581,316.17716094271395,250.1645499889985,0,0,0,2
601,593,530,171,1215,2021,1133,102,362,444,1103,1147,2650,784,3647,2179,2612,3297,2312,4074,53,2727,353,1765,792,3363,1877,1639,2679,294,1095,31,691,133,1171,654,387,648,158,545,1140,973,112,1794,1873,777,537,560,530,1598,1140,753,1873,1258,3058,2312,715,3435,693,1504,759,2558,1091,2848,3242,363,1529,900,403,276,579,806,107,1055,341,254,138,55,777,1396,1122,303.05875413313845,212.59492788945855,639.9913930237258,234.9887357334402,0,1116.5381677309558,655.5580918656199,2851.7996784943757,906.8090761817319,0,1775.9894083871932,206.55333960879693,446.1766998040002,184.6383131705702,0,0,0,2
