91,156,597,1072,700,436,1945,1160,1221,378,3264,1281,762,1779,754,517,335,1811,2073,640,1337,2050,1248,233,913,1569,1107,526,1389,830,178,787,692,262,647,1083,342,767,682,1,83,294,548,178,510,941,86,783,807,466,721,1732,931,305,1447,2562,377,1768,1228,826,153,864,1937,2167,688,1143,996,451,704,602,857,1875,1574,167,605,801,975,929,421,405,764,272.74363722936255,157.22465575312265,311.76214206491363,456.68863535261585,0,445.9507203716572,549.3784460367444,104.24479723864388,315.84464562251605,0,151.25483841113365,405.5882455287026,156.23394262223877,194.82325511741286,0,0,0,2
762,695,197,526,991,906,544,82,851,1362,947,863,1385,1517,765,982,702,2251,748,1021,651,305,1599,1869,114,648,1100,1208,1065,361,1836,1495,134,912,1145,943,152,899,979,159,710,792,793,122,696,1234,854,1036,1695,412,869,949,455,227,743,1468,813,1094,1485,1655,64,1574,579,856,41,646,1365,1628,20,1473,1519,498,390,895,1730,1116,741,1630,1136,171,822,111.14605455222802,250.98565661165264,234.3144097975409,263.5836669336027,0,413.1638446185726,230.27876972188278,435.6459733709062,59.351298807742694,0,81.84190033953035,210.46988946482452,206.62603861564313,371.27957929151825,0,0,0,2
1067,527,396,1105,869,287,946,1023,184,936,910,222,653,751,237,637,921,721,107,692,1046,1362,1946,643,1764,31,1061,946,859,204,2016,1480,1218,877,625,197,1239,1450,911,258,44,840,1227,729,71,631,614,829,829,170,653,1128,568,493,963,738,551,429,496,1490,2135,1080,140,1658,1313,872,1495,1798,124,1250,1834,1456,1323,341,752,1249,1401,946,148,153,647,310.75443785506224,50.57484483719722,286.9945986797361,250.99734043068761,0,332.0947492809846,452.4163458809322,460.1110692723314,293.71774760017604,0,471.55069581524725,318.4272508482326,343.3119690916382,169.79753567361615,0,0,0,2
152,79,146,721,796,38,553,452,355,545,616,1250,883,52,1440,791,104,1893,2345,1343,587,84,420,1567,2013,842,621,878,663,1094,953,180,1067,1017,699,253,193,799,1072,458,540,921,832,227,426,575,668,380,108,634,933,922,424,397,981,1846,790,1301,1123,70,1114,2318,2150,1235,390,114,971,1983,1928,794,456,725,723,1153,1145,360,603,1085,1093,967,489,87.83625842351226,268.92153863088834,63.06571862566454,208.77076019980433,0,253.86685979071785,542.1163263070829,217.4023899165545,286.45487647678203,0,239.06810124502627,118.19808904284173,16.806264769452017,86.41172744110928,0,0,0,2
443,1160,967,299,192,575,726,951,821,58,703,1389,1579,852,429,930,860,733,2777,1789,475,1080,1732,1086,1471,1575,1190,444,1929,1631,1033,960,772,28,1017,1685,1232,78,789,854,344,333,27,627,954,639,75,573,813,908,789,519,307,1252,1760,540,258,797,2356,1112,1095,457,742,1117,1608,1305,594,293,937,939,1110,1151,343,663,1153,766,422,81,397,467,474,206.6776509277468,45.88643259579018,43.28630723191282,102.52424358257109,0,242.17287730049375,185.04590467183496,271.5153021573292,501.2180253577248,0,374.38264998456896,207.4822100889027,71.44402734191176,109.77545574855142,0,0,0,2
687,544,261,328,146,403,749,776,229,578,717,614,32,752,1128,2005,322,888,102,1313,1762,1088,158,1176,830,728,1318,1660,745,785,1613,1174,800,817,121,921,980,332,275,472,492,508,381,275,602,442,329,54,408,729,588,227,972,1160,807,113,1223,233,46,2032,184,1841,1397,711,347,545,503,782,1836,1673,324,680,856,744,830,437,402,938,900,477,74,257.627152913868,209.5840759051559,187.8037587612778,202.8685513143203,0,284.28523088616475,549.1096714001364,439.71501875942505,371.71461215002756,0,317.0424802641772,173.98195394503225,35.61310907667502,127.99225319698606,0,0,0,2
518,475,551,713,231,615,1082,655,201,758,936,1129,898,159,1283,1636,1307,822,483,120,1759,4099,817,251,290,334,497,2779,2532,1092,119,664,1508,2239,1784,392,808,1167,1119,768,445,498,954,959,574,124,435,1039,1406,546,803,1154,812,278,112,675,1308,1584,605,629,1439,3708,547,254,1219,996,560,2241,2315,973,221,680,783,1328,1529,517,630,906,640,624,473,388.35206230663243,154.48564625847396,392.4028771325215,63.91425994688507,0,612.3756363540274,226.9979433263137,847.0938894994223,270.8605674153938,0,648.1089106816282,134.43988313838278,362.843041316433,96.16183444020683,0,0,0,2
166,850,1209,514,562,1053,759,51,401,453,395,398,106,979,1332,551,302,544,1090,1800,214,280,1585,2042,1782,1299,461,627,39,1321,1760,1159,48,989,1165,756,600,231,704,1004,653,42,481,565,786,550,141,699,771,242,867,489,182,346,288,614,925,745,363,948,853,510,539,719,422,145,2419,1916,102,1236,2091,1514,794,358,118,627,1393,1611,699,229,128,164.58562594834981,300.96228179339926,256.6914420790987,206.7491929094004,0,282.22900719096896,279.289615090068,315.48173470293614,338.5820418246425,0,677.3767080279996,215.28524727081896,137.8420733833322,126.04088551329299,0,0,0,2
780,1479,1218,134,663,1080,680,315,184,852,1063,950,253,679,1155,842,388,244,51,788,1471,1748,1025,2384,430,4362,2058,656,1984,1251,917,3481,3047,1134,394,194,892,2346,2257,513,601,350,355,966,963,9,1161,701,85,543,683,386,132,125,415,748,742,142,255,799,972,1129,1026,422,1789,950,1649,1854,1531,1868,1546,998,394,400,747,1851,2124,1485,52,600,757,98.45299966490306,475.31186357628053,197.32478481204586,587.5618043227056,0,398.43540254349887,927.0099105538517,313.4010955846577,486.3437094547535,0,120.95367972531683,206.9512920584001,311.05405536952503,114.27687482834274,0,0,0,2
1295,1343,402,665,1077,752,359,113,560,741,492,19,280,306,297,326,80,721,1126,1162,419,798,1122,1373,1212,2065,179,3426,2427,985,464,525,175,1852,2381,1304,111,271,492,1272,1708,925,18,374,1193,1462,716,207,762,532,441,212,184,628,901,564,150,820,1086,607,405,132,1098,1802,1147,379,1256,913,2471,1897,1378,806,796,1518,1592,1288,453,1115,984,1305,1388,42.68926567456548,308.9219948457918,245.05863807633287,398.28573342823665,0,397.14187011696464,604.5564640623833,465.2309093320465,248.70641319377046,0,465.65909739259763,49.20756635990981,72.16140668548789,19.12775167111455,0,0,0,2
1208,110,1567,1626,703,282,12,212,833,946,208,234,461,642,756,133,264,928,995,45,561,947,1014,557,156,913,1314,3233,3187,1933,2190,173,416,1720,2150,366,2604,2670,1675,1139,466,1028,2015,1582,349,463,622,722,713,489,316,863,1167,522,266,504,842,945,575,167,1277,1645,1312,523,238,1300,612,1496,3187,560,1975,632,597,1075,1772,1160,443,1467,1880,1552,896,423.8760319162179,17.174889230915696,420.2510734826351,235.1658782850684,0,765.272827166887,261.64678288959124,990.1516606589893,431.9762706404226,0,521.9604423778654,297.1244651738777,515.5047417986809,130.76521126742952,0,0,0,2
420,1398,1326,985,468,16,797,1244,712,20,419,593,536,748,123,1035,1433,893,43,829,1521,1767,1132,41,876,1260,2306,516,1084,2966,160,2126,639,369,26,685,356,951,1392,466,336,326,66,412,741,156,695,478,85,254,250,322,18,77,448,267,636,278,80,108,65,160,509,998,1071,2117,232,543,387,429,625,2530,2290,384,1268,1114,557,290,13,464,635,281.58949060245254,269.2827396056586,368.3253318947009,297.01998469506054,0,476.9319798238369,247.35482503936828,893.5709881469196,75.8482525319355,515.77950183579,159.51572578339548,0,292.0632406075827,380.3984872082101,107.6632013394175,0,4,2
49,752,740,316,165,196,284,692,305,331,324,2013,1753,1388,1379,89,289,2308,2381,463,2212,1669,1011,937,984,269,2137,1876,476,93,260,311,867,1160,441,386,1175,1199,609,68,605,796,639,29,574,803,593,148,234,447,801,1365,340,1545,1452,3258,2328,135,261,510,125,1532,2907,1564,746,1397,821,546,881,255,798,1179,533,200,264,578,606,73,434,586,269,104.33298254523822,462.5854092421796,91.48914104915681,541.6228516040196,0,51.391755175319716,1090.8679727608453,166.5262211806012,1026.050060179058,0,154.32877051045668,380.5480278357817,222.57092787904904,370.249764199282,0,0,0,2
462,129,96,219,316,476,719,375,716,10,1599,2785,793,1726,1010,794,931,1085,427,2316,2286,514,813,658,197,412,213,0,71,238,499,223,273,236,211,51,1665,1984,1651,2465,237,1351,76,617,1521,2699,1453,732,1797,901,339,484,35,851,300,15,291,688,362,237,297,508,610,37,1228,1375,2582,495,1937,2224,411,136,576,56,1490,1899,484,648,598,590,695,56.72539377970833,265.59370922049237,181.1409463738587,579.5708268118635,339.2876872307675,762.2707390454935,516.9407842164266,734.8399165601065,629.635437902104,682.7470327709893,700.3351613402285,210.4104391552145,95.21093872529408,116.21406661035064,196.20452826373995,16,17,2
718,166,949,849,118,668,567,80,66,69,685,842,232,412,443,126,239,297,139,666,725,300,1850,1396,981,92,588,945,2370,2307,22,2003,1464,636,505,728,42,1467,1398,546,157,302,568,557,142,437,737,92,583,425,21,198,26,47,363,279,138,412,302,118,204,660,534,277,576,2111,965,2810,2287,183,558,1842,620,2300,2929,1062,27,90,204,968,1630,321.673612200718,0,297.6002963306831,317.38951074991354,593.985536868364,224.36088723037557,0,1262.381655806118,65.16622044391421,594.3920897277293,181.58357028917627,0,452.6835250714209,290.0313970043335,106.96898729758227,0,1,2
1255,185,489,720,1041,741,145,790,643,185,141,312,342,550,46,424,670,645,751,379,704,1191,604,5,534,826,147,1503,675,3270,2574,552,325,222,62,1281,2459,1580,145,1448,1673,1141,827,20,974,949,100,613,405,64,381,130,120,251,424,699,379,160,632,486,138,249,519,598,319,1195,739,2000,1565,1993,555,3229,1153,1988,594,680,279,1266,1728,171,1098,200.63961991328787,440.1989823401535,0,444.4437996782538,756.7477794142278,290.2384098416983,1183.8865194063098,0,236.23774417437048,909.7337975375665,236.22660580353426,663.2486826636615,269.2677541772802,0,453.57394167451133,0,2,2
190,25,386,868,442,499,895,684,303,96,483,2086,1190,2420,1260,209,868,1154,210,1682,2320,898,462,276,644,1683,1938,833,303,355,676,250,215,565,586,412,144,645,762,561,913,197,2157,600,2079,812,1325,1810,65,248,1083,1576,469,1574,1774,773,29,578,530,554,326,138,676,446,192,10,178,293,568,10,634,802,536,104,754,1005,518,116,394,740,858,83.6292633327253,292.5149619772834,59.01869189188739,489.20620206225607,200.93499614980135,750.470102459284,639.9552791147063,561.9375103646087,0,627.7379377923268,319.0161899012,403.7342120094935,450.471037249045,210.90934708583222,273.7383451746811,13,0,2
447,212,1519,321,231,3144,1076,1060,1395,551,22,945,1033,267,1993,1662,392,381,565,901,756,139,290,361,282,341,76,85,318,263,158,17,264,467,675,656,430,1923,1940,1709,192,1919,600,2600,2323,809,616,390,422,1653,1914,565,798,678,164,547,819,51,1090,1327,768,80,741,792,490,208,522,941,559,109,541,662,758,1051,553,501,1005,1009,547,1149,1543,236.36301447746996,318.08930784802146,192.38645239338888,513.8539649675965,410.75510862125554,948.0857361094144,575.2070964636187,0,623.271880869967,382.18953132496,526.7398116276268,217.6142182600943,229.15941570657247,145.9709363998785,167.63841200064826,9,0,2
2354,963,696,1746,349,1090,2559,2138,204,764,710,733,838,1063,526,176,709,1311,1010,103,756,505,306,246,89,552,730,120,600,660,521,358,258,222,657,790,557,218,729,1177,753,623,3493,1017,3014,1202,633,1394,77,6,1612,2240,970,972,1389,1183,1300,500,462,1069,895,2,614,654,229,501,553,306,532,141,415,539,547,407,128,207,503,742,574,101,736,235.68314095651922,291.82608268745724,216.66739083607072,563.3637746460143,0,294.6571312559735,733.261123197186,587.53115838867,918.7450341269332,0,171.83350045554874,643.9191423691097,327.10579833936737,573.7626884336242,0,0,0,2
1170,1026,237,331,1246,3469,489,1128,1100,924,1085,1572,1349,53,1231,1324,1174,870,510,641,1213,1102,388,249,508,762,710,146,261,281,377,318,255,795,818,180,411,1023,1264,632,43,660,1097,1676,725,2703,296,224,1320,1919,16,2092,1056,793,224,1877,1857,89,1609,1460,1182,746,22,910,928,608,329,89,554,777,628,236,563,895,1058,963,183,856,1307,795,30,154.83416171326152,0,406.76946434066195,275.5026479889473,606.5143276112666,685.5058460485324,0,649.9671849775998,569.9191477679709,532.6103795145984,428.76781782912377,0,196.54790241328732,446.55622026463135,668.2017843750538,1,0,2
484,881,1079,528,1170,674,2825,687,305,189,612,115,1707,2216,1304,17,286,265,722,1362,863,190,248,158,51,59,26,729,698,222,764,786,273,238,383,382,232,297,675,666,331,220,166,2419,3356,1028,2230,569,714,1164,2843,241,2437,2242,804,237,263,314,1130,915,349,748,184,566,317,66,326,692,314,604,1005,424,57,362,563,559,33,685,827,651,540,239.87600016874777,302.3634325855867,0,291.89942878032826,647.5041154694194,641.8095296799048,1108.8653675295695,0,353.1970648353661,747.3686551456204,490.67601636286656,399.37203511797327,252.22476683556303,0,450.30716927821504,2,0,2
174,839,948,541,182,148,1542,457,305,1573,990,460,2030,1811,406,72,615,180,1387,2057,1451,9,548,1138,1388,1029,25,753,827,802,353,374,693,665,41,661,576,546,212,380,692,462,387,18,344,519,880,643,1681,114,3921,2863,274,985,1649,1432,2736,3879,371,2299,1456,365,1113,67,1951,1279,689,1202,362,442,242,787,1140,390,1415,996,279,1364,830,9,736,92.90569462970912,73.57701121056628,480.51557593010216,928.7956796890132,0,705.3276277730797,1175.9828310611576,257.463846017659,1022.3382304412708,0,383.5256593111797,666.7297011326283,281.213573469786,642.1212947546168,0,0,0,2
799,359,308,875,831,36,1075,1287,518,192,702,1291,683,230,2935,3235,2635,2414,36,1078,483,1763,2426,748,2268,2600,310,933,1032,717,730,371,1211,1122,143,1200,795,106,949,588,64,121,483,235,292,314,183,473,447,106,128,516,1028,288,976,1277,797,175,190,2722,2353,1551,1491,237,48,2947,3132,502,2291,1017,158,555,1522,853,862,1357,1148,891,701,416,1283,439.84574005668486,147.6785263733097,802.3035713731205,322.5029830363977,0,1132.5966813036316,888.9373572498716,711.1044085264718,781.8758607696122,0,646.6540221271467,387.4064293378375,307.36933797855113,315.0774498180977,0,0,0,2
1166,590,276,775,655,537,595,206,769,1079,1095,307,297,643,812,843,698,107,939,1089,1082,33,1329,443,3717,2405,382,319,15,677,739,1938,1891,1157,325,538,1043,1545,647,202,400,59,217,311,20,358,462,479,212,52,232,735,221,582,831,199,394,644,588,770,580,430,1079,1155,1484,1344,2016,770,2359,2239,1596,1964,1131,1075,1401,2701,1156,1204,1535,477,384,181.87667894091499,294.07676758145607,288.7137257989922,785.0509336153096,0,424.28561429772753,1397.7823780403708,573.2193880166336,896.7751136394078,0,595.9129996925277,324.795342716302,580.1255245352689,361.6990485613841,0,0,0,2
474,214,1028,1018,296,406,370,577,742,409,196,899,1006,511,206,906,1279,697,388,821,835,489,202,277,968,1154,794,456,1209,1292,337,631,1668,1555,328,1836,1183,926,1616,2093,1000,1050,2010,1572,1051,782,543,118,876,1189,1271,1004,675,97,1100,1372,1052,388,433,919,975,916,525,10,455,1107,1471,1179,614,151,764,2513,1784,236,1383,82,1521,2851,3202,646,994,117.08524176748611,109.46474161904833,204.34178846973302,136.8586926628693,0,364.8906308745129,275.1368147532827,728.4129541817456,276.9353717842948,0,707.3789336035593,186.19697976403484,373.55435459925246,159.36654438251267,0,0,0,2
647,9,992,2147,1321,148,307,526,1375,1824,802,573,1135,749,401,177,593,987,791,25,475,1073,1064,774,373,165,817,1529,1633,1237,624,583,1752,4011,358,1318,1184,1401,898,1151,588,563,1387,1521,1089,876,245,1491,1604,691,286,620,387,216,402,380,242,232,153,394,1004,816,49,545,1188,1658,1495,1564,2107,4735,462,437,282,636,1233,2419,1833,226,1039,1103,1372,279.01821083860557,216.96837693163542,340.02841999319975,471.9596826891106,213.6952874299662,271.16891245676646,0,778.819632454221,436.7273397283562,584.7286935391282,340.56911464906,447.42291793812,191.00219803454675,0,460.7300324041062,0,5,2
1496,616,786,1080,502,403,176,509,810,453,118,584,567,270,204,9,538,645,430,127,710,941,1239,849,400,1752,1773,1061,716,231,722,2387,2100,216,786,737,496,1156,1477,577,86,638,896,884,988,375,574,1286,1119,282,475,488,260,464,448,146,631,964,590,237,900,1565,1617,539,317,1056,1663,1834,1162,786,2581,4465,59,64,1405,289,673,2397,2214,845,109,252.46996140116244,223.95758463418017,438.6016250925857,414.9879083161812,0,522.678555615208,739.6210901363633,419.5614496254993,498.80424868193705,0,380.3585755001384,487.07629045160166,92.26761029520571,193.10356338970945,0,0,0,2
182,914,1863,1743,720,284,722,977,1143,668,86,613,1128,1223,714,15,669,1181,1364,1016,66,816,1629,2126,1370,407,764,1480,1726,1363,3570,1598,5136,1102,2696,658,4016,3275,1199,2745,1170,863,1804,1307,822,2289,1411,218,49,239,1140,1329,833,227,685,1387,1356,870,10,997,1333,1298,757,242,1178,2133,1935,1943,1316,4149,16,820,1478,1722,75,2489,2253,842,634,777,24,236.42070159915167,619.7971527350609,262.7798294671017,1173.7750541692449,0,689.5577731415983,1448.3357681668674,1078.16466065487,884.5542027997423,0,1033.7970636340021,367.7218301068187,805.7033786367105,242.04905291896443,0,0,0,2
1681,1769,446,400,348,356,772,781,137,733,1184,994,75,421,586,702,456,252,1235,1563,686,166,1058,1654,2022,1147,24,2937,1887,2621,1237,2405,956,1899,1525,572,886,918,417,1826,1578,211,422,273,586,1041,909,156,905,1004,825,510,73,778,1587,1069,303,961,1272,1310,932,111,1396,1579,1222,1010,547,2258,2170,2175,381,169,26,1020,830,2426,1700,71,939,478,13,328.65287776905376,440.68992139403883,116.99336782869128,893.7868756846361,0,178.56472916004438,1415.7318055655116,90.45141846588872,598.3534287194474,0,99.27049051012744,462.6439422387143,213.43068870304452,229.78084150210861,0,0,0,2
13,13,349,589,260,514,1084,922,494,320,859,1130,1050,736,994,793,1067,2472,30,58,410,2083,1608,976,440,1123,947,864,454,12,480,1041,1158,629,521,803,470,319,84,310,623,529,206,971,946,436,343,1065,974,868,498,267,1219,696,1332,2149,558,1114,699,738,1475,2296,815,1331,2227,1771,871,103,492,1375,1687,863,330,795,631,493,792,287,800,1664,1389,96.75719225883293,289.34037264581957,123.66345946317925,186.42841119373662,0,179.74609870592462,462.71624486774,408.05675606737526,403.73217709629813,0,256.82510532757766,235.37835673607515,350.96666606708624,92.81989513225405,0,0,0,2
650,167,674,1430,1764,1207,113,814,1930,1958,1833,722,1866,458,4703,1234,946,1005,1396,539,1687,2569,1874,787,207,967,1649,1480,396,118,189,741,1145,414,468,813,403,184,351,831,913,300,802,1106,778,392,272,844,1664,812,2225,1667,3027,2140,808,105,1062,1591,1335,2405,2049,638,341,633,1291,1606,487,1151,1093,228,223,105,23,602,586,272,838,899,15,730,671,108.68744879069914,479.1008385341791,163.06964322733882,720.6966268017673,0,527.8084595760095,968.3312160990514,403.6988669316294,758.2436703183225,0,505.76949565578366,684.1277101135286,356.64879235881625,101.89755167405283,0,0,0,2
338,363,52,915,1008,868,87,925,1235,1288,2480,525,2797,894,392,1505,1822,877,1521,1784,1698,1758,854,504,1705,1659,695,318,1,573,1390,1323,367,420,918,1018,892,717,4,1001,1748,1389,324,595,1269,1486,1554,1353,394,81,3549,4345,1506,665,1975,876,1416,3616,2819,779,177,171,901,2111,1727,376,751,1053,907,645,339,281,1048,1008,729,258,885,879,379,726,1044,434.61946817874826,173.32478922480126,550.1551262556721,303.62181905097685,0,855.5424142028262,525.1794745181832,875.9401554724681,716.165807845486,0,830.9658273656637,208.67150732004657,461.72475386112,328.6156201351422,0,0,0,2
1068,869,185,914,1868,1428,707,288,591,1101,3202,363,685,346,1150,1261,1829,1259,570,13,1466,2039,1173,222,1030,1033,789,793,508,397,986,943,583,192,815,699,603,208,612,1304,1597,1000,401,932,1335,1461,1341,462,1659,175,4271,1847,309,1523,1334,218,2476,3373,1534,209,750,1244,1916,2002,551,840,1080,1042,838,164,519,951,492,290,1002,895,437,225,1314,1373,724,374.4531029275598,182.01751040139763,413.18329540947053,362.6901442578647,0,621.8937851434118,411.23264271870113,559.7562515841495,556.444438998142,0,477.68217173374745,166.6996668032359,291.60085744606056,106.85006570352037,0,0,0,2
171,237,980,1828,1260,292,371,683,2845,1737,514,1397,760,1899,1786,1489,559,623,915,1632,1198,380,832,1434,836,620,360,213,904,1116,174,768,803,487,103,340,726,539,219,351,834,713,303,399,641,973,1810,204,1114,332,918,1775,2545,263,2253,1574,1367,855,939,345,1352,2245,1657,782,349,602,1332,1328,555,123,506,985,1246,629,810,1019,371,75,271,356,629,89.45120888681906,399.7925436444136,130.3841546764809,400.3814293353315,0,123.82226173027207,725.3725264781348,190.2057446032618,308.6013464328772,0,393.07549891104475,394.48995871056553,120.80181318109248,268.3854627668015,0,0,0,2
729,11,623,880,947,1279,678,1111,34,2798,1996,1061,517,501,694,1823,3129,2491,313,1627,1687,1126,949,1035,394,755,1479,1475,1101,277,621,1072,891,287,312,637,695,421,103,481,788,1138,1204,316,568,964,1346,1450,867,2033,450,4171,1935,1242,820,208,906,3503,2538,787,305,80,755,2075,2112,905,451,809,832,1067,882,231,1267,955,355,93,1,488,1452,1169,80,57.09696473057283,249.55074423748934,244.8417929854666,164.8466252248601,0,433.4630895474262,725.0626067437928,702.2439650482758,464.7378072788721,0,356.7671288752075,347.5815058668187,251.6269494400991,177.51069595530544,0,0,0,2
642,594,678,1517,1613,1054,2349,2823,67,1557,1835,39,2157,3520,2356,974,175,863,923,1051,1259,1118,767,416,1546,1387,283,562,139,435,182,428,950,770,13,536,361,359,917,766,385,1204,1395,830,504,1378,1288,24,1951,456,1062,1588,1823,504,134,626,602,717,1289,836,61,785,850,700,620,187,982,1091,97,691,926,647,642,349,517,947,910,690,3,570,1161,99.54276992360458,0,432.283124204933,217.84838859938804,385.509928142888,470.8455220468597,0,533.3795564888321,293.5056622501498,581.3547535634947,214.80319792837048,0,510.147230143089,146.50062513749202,294.84470583306563,1,0,2
1524,1369,500,194,179,3013,1098,334,1122,2180,751,940,748,82,32,1191,1817,1225,274,641,1318,1261,655,331,907,631,288,118,315,786,527,99,323,613,513,677,233,625,963,1694,1719,756,1996,340,1440,3157,1788,1364,1752,1796,284,195,485,40,927,1392,879,659,10,654,1502,1136,35,901,990,327,121,795,546,270,225,310,468,619,323,124,318,988,1408,1552,11,437.27896969666074,207.52935146185084,464.915193443567,311.0052320587654,0,495.2381497825061,332.0504002370143,708.748302011913,229.6806482390969,0,472.09283136457145,106.2410396407206,561.3463800782672,42.0557041750258,0,0,0,2
1069,1336,1765,2601,61,2847,777,1466,1804,657,106,1363,1377,1084,1135,680,33,961,1206,886,708,267,412,854,693,130,255,383,469,340,95,526,935,1064,940,144,1208,1654,1421,726,604,1550,1647,2919,533,3401,304,734,2377,1146,101,1630,1627,717,773,1221,766,798,1586,1209,421,146,439,760,562,206,636,421,167,166,8,445,1121,537,358,862,859,778,832,338,1574,459.59478959408835,78.17350474891299,472.63525953981855,29.562273321832482,0,660.3726921216535,291.22555032996564,639.8856699310761,129.46081507971311,0,368.8013815469617,236.72288310946874,2.350137431159542,30.961262482995025,0,0,0,2
2401,1697,341,1051,463,239,4179,784,2006,918,426,400,1490,1650,177,682,1066,1382,1069,276,806,875,606,31,214,406,547,334,46,722,1248,558,300,43,976,1520,1162,6,906,1095,1432,1523,2176,1083,4876,1236,452,488,627,213,2539,2494,666,136,41,680,1847,1914,501,1011,996,497,356,266,101,979,1056,594,300,580,697,833,585,91,1101,1471,1244,727,348,1486,2870,178.24132679807963,427.5619630505301,224.32727995687324,718.2904839694932,0,136.44802123885856,1279.8106738695174,343.78319595573834,841.8375267665665,0,92.59252818661854,528.347859053481,237.95757781985046,263.9929725474918,0,0,0,2
1744,1089,878,3338,539,431,1537,373,687,1553,1412,1041,1266,802,111,1548,1844,910,164,337,264,812,1226,806,411,841,719,548,591,171,951,1391,968,156,903,1565,1635,1117,35,955,1542,2779,51,2378,996,184,1274,1496,1611,680,286,863,156,1660,1856,250,1027,961,428,299,17,480,599,742,319,383,723,590,201,369,907,648,436,330,1140,1134,1097,423,557,1311,1290,320.3421731179099,70.03240454059478,375.4864541324772,222.0736909183208,0,564.4020641351341,121.82956303538911,1003.1628453337694,331.5962487052381,0,477.08177885583655,222.97226507100228,178.41446505253086,108.16810136473755,0,0,0,2
1959,174,1657,430,1334,2398,945,407,176,232,1136,2468,1862,159,1711,1630,1026,794,459,166,1068,1358,990,123,673,748,930,1353,770,709,1875,1641,588,197,451,1735,2169,1809,137,1162,54,4568,1886,68,1052,1171,663,1884,3114,2216,770,31,519,1818,2257,841,859,1068,544,307,188,64,824,1141,918,162,1248,1248,595,81,471,1007,1365,955,87,1344,1525,1585,1268,1190,1391,304.2079734468976,385.2930605869594,283.6691874589336,712.607162970366,0,291.7790302609151,830.6896655968093,321.8847556541558,619.8389349572644,0,366.8257105763892,191.19178128747308,504.2065047377216,187.405595031243,0,0,0,2
2554,35,764,1237,1817,2258,463,2099,1694,401,542,1213,1103,591,431,192,226,986,1041,181,667,918,528,86,13,264,681,230,633,859,321,507,640,734,1136,808,459,666,623,2919,457,473,1156,505,194,1818,1385,432,2296,2085,545,178,82,852,1691,888,561,1024,680,736,962,295,878,1533,984,35,656,1027,1029,793,118,662,1328,1771,945,20,770,3,548,2284,993,421.14125864442343,197.78815352434674,382.1694839893771,471.05158883751693,0,307.81498095446887,576.68277609688,575.350793100747,517.2176208628107,0,186.90796114468094,258.2468937964505,267.1943094888267,56.45804343742245,0,0,0,2
321,147,196,487,1792,1802,1183,707,535,1708,2024,1353,200,756,987,1072,1181,578,426,1244,855,304,253,502,568,561,110,914,1439,1011,123,13,293,702,1214,1419,1292,2303,3385,321,245,378,970,2294,1874,2279,3403,1166,1584,1762,631,285,666,1516,974,154,705,759,597,23,791,730,328,920,591,502,717,220,245,971,734,333,792,495,10,671,834,482,343,1046,979,124.89368256411898,127.27109957678702,385.92168549636807,507.7976380881476,0,572.4580792512235,487.96565578454585,679.0984739628171,607.449344956898,0,346.6326724095611,268.3662514239745,264.5758438212269,498.9176729031581,0,0,0,2
398,362,1519,2175,1005,2501,265,460,719,631,2965,1915,2572,3262,459,631,154,172,1737,968,1569,1884,623,471,936,1012,683,741,1485,763,810,1344,193,763,619,78,33,103,124,433,392,44,536,780,847,357,367,1248,1348,1836,319,2806,1427,768,697,844,969,3028,2038,128,853,760,527,992,1197,182,361,733,1273,1228,238,991,1126,486,241,102,658,1137,946,164,338,175.97394954929032,276.98201551833193,429.696051172265,726.4760055296929,0,791.1808658581172,1161.0511234677108,173.6361562546939,629.9603713174521,0,99.50343712677875,593.9321001779091,322.2411840979409,113.59533035051716,0,0,0,2
690,786,711,559,13,747,1185,784,16,529,874,1363,1409,730,635,200,355,3916,3515,302,1675,1387,1781,1338,3347,3319,553,667,669,91,2163,2884,1766,165,684,320,764,1467,1077,129,1048,1124,761,557,162,951,1197,914,257,789,1104,624,79,63,357,1140,1352,750,50,2,1824,2108,551,860,1562,1482,2155,3739,1743,323,332,227,489,2141,2167,559,283,138,661,1256,900,375.1510223972135,166.10383403146972,472.8155054226435,225.6692777179609,0,704.4815185652496,1188.0858048576447,641.8684382330154,1331.8612213102629,0,198.63581400050066,839.2140094432661,263.9726054614599,162.517742268276,0,0,0,2
115,993,923,284,211,836,814,249,381,580,432,137,101,290,631,441,95,470,1128,1242,634,167,881,1492,4160,2884,3783,4919,844,1259,1746,1633,2923,3616,1851,125,696,146,995,1898,1235,164,499,773,967,564,132,410,131,23,137,361,22,442,39,177,9,328,483,76,915,1117,344,68,410,2171,48,2393,73,575,805,3196,1135,1988,1837,1103,96,280,425,323,884,504.91026060175886,0,170.99491922561438,930.9480927342267,458.63483362026,1286.668558416861,809.2317882000193,831.6556184173284,0,1168.8216907829967,476.55451710887064,646.5149693409942,36.062791966416626,615.019162302442,397.13126438665944,0,6,2
191,337,363,901,366,766,870,86,464,453,387,656,333,464,811,700,134,101,54,2053,1487,130,607,229,293,2599,2615,297,777,1561,1019,800,984,399,370,1100,1295,796,61,621,658,428,3,316,645,432,56,494,746,177,568,464,128,56,257,182,634,831,378,223,1065,468,1573,2728,575,2217,1939,472,233,817,229,2130,2223,845,1056,1303,837,615,607,181,896,44.23953941242579,179.31088439753222,95.08638770550426,420.87483759844827,0,154.35712649566915,736.9458246384644,566.9932926775182,634.4402244380641,0,389.2161822859034,339.4950871252463,274.6030192645096,424.47489028865533,0,0,0,2
289,181,161,115,244,718,516,119,183,813,1272,1089,488,1547,681,788,979,977,18,2908,2889,419,1533,1143,247,183,1249,1155,197,1301,1335,469,479,803,757,381,199,398,229,38,19,16,159,155,135,145,246,310,327,1188,680,124,250,667,948,783,403,1997,2429,639,253,288,916,1020,1726,291,1501,1635,1195,600,123,528,1199,1248,433,527,764,548,74,363,203,124.93111368322593,56.60144393277986,202.0144083177352,71.70651435536186,0,549.060274469024,126.63293952733514,982.2925303420876,254.0822958822107,0,795.7803806782308,523.982170009273,565.13261947969,305.4026626878394,0,0,0,2
137,501,546,185,304,559,548,590,21,948,1171,505,503,1035,1315,2155,820,2459,241,885,527,510,403,2355,2075,1131,58,49,414,53,605,987,194,534,640,777,959,291,1022,121,1480,2716,523,1399,1379,139,365,1566,231,1680,2382,1353,106,815,1050,1258,595,548,848,425,137,476,464,527,191,248,296,221,31,25,65,428,182,388,1176,1126,283,722,1047,801,666,132.3360175309425,198.76617553939283,348.47877145946643,90.72114468299075,537.4291589134984,134.72976531658782,455.76355034960227,169.35236876516728,488.2749095942947,392.21915045988277,320.28570575960885,499.27030397689595,197.88826318511107,0,435.28485994145996,17,0,2
415,523,346,1464,2027,275,203,1365,887,358,1100,965,64,1315,1813,729,691,866,890,694,54,546,674,312,112,134,122,385,46,421,467,263,230,250,611,815,781,398,1107,34,68,2504,402,855,1988,1537,373,111,427,752,562,699,190,653,410,466,148,230,253,232,445,256,83,933,1342,851,240,536,51,2346,2103,278,1912,1180,488,1704,2071,599,2098,2508,988,171.88239972161085,192.67681115621667,170.12745783898762,283.36109649911714,184.05324106181342,601.6211590155024,715.560551356258,381.07294122017,461.59563318266527,39.51195280764753,196.6665201588558,225.67260475655908,520.6251570074053,45.44504973570808,309.4202689467592,7,14,2
1,392,686,1001,1138,369,622,1093,1110,581,478,846,547,25,275,237,67,6,418,641,382,61,475,767,733,588,321,414,2606,1523,1699,1245,151,624,3429,2360,2044,3157,1803,156,208,478,340,1124,953,262,258,806,1054,536,185,669,318,33,128,201,539,606,73,707,673,374,516,6,80,2268,2028,186,2143,1664,96,52,15,407,1058,1592,1098,151,598,1143,1174,102.25286658365752,275.8507120068359,318.84870950981326,427.9478164669874,0,479.8591821677937,787.8775923301523,374.19892183127484,996.0905651498894,76.51966477956037,769.3615908670396,209.44181862476435,345.76555958776544,0,407.86862849398057,0,8,2
567,591,131,286,331,226,357,211,364,973,1098,599,439,77,2844,3944,723,1764,1845,593,871,2009,887,2551,2118,1197,222,404,1349,1685,916,724,1119,452,99,348,324,436,144,568,540,56,403,75,58,200,301,74,875,410,102,679,1182,879,210,533,1693,124,83,1626,1112,1466,1551,533,1420,752,358,307,176,574,115,989,565,203,655,208,364,417,157,249,440,233.47332283439152,141.97312619989634,365.17267349555704,218.22754037443966,0,704.7997871736343,627.1674373637102,515.6953761111702,220.30958490335198,0,745.5894694175886,214.5106874886027,318.4320820588614,353.12433871635943,0,0,0,2
83,126,511,176,154,759,1122,484,328,748,377,1919,387,3687,898,181,233,294,719,2801,1691,315,1227,1141,716,920,186,46,306,575,226,583,667,507,481,30,776,1371,1016,209,317,2006,3401,1259,983,2157,447,190,1643,1714,56,2099,2175,783,601,793,321,1318,1392,519,381,527,503,538,355,91,532,777,1109,608,8,726,1386,1181,483,507,1358,1588,1902,1387,2093,145.7119803668028,188.93276725786566,144.1529845281767,395.8135680674044,150.0015231781594,797.569331574332,143.60884526725403,730.198904890522,180.46815993644148,631.3389307705935,214.76650396176115,336.6720868309551,65.45304506758566,424.0987285888222,301.2623990661407,15,0,2
739,4897,1465,258,797,995,172,2743,2731,954,50,136,717,1339,1324,440,820,743,210,229,185,113,450,705,203,616,687,130,218,386,224,334,228,742,1432,1405,441,765,1683,1698,1295,134,56,79,2343,1214,504,303,823,1185,1612,869,190,89,844,1081,1082,625,286,834,1069,770,44,608,657,381,512,317,424,1101,907,104,801,1222,1293,779,179,1105,1490,1431,1016,151.97794798531476,312.3156654130816,239.48590124877106,434.61959966392664,0,455.8072893230208,519.0571293640662,583.3538886678379,484.6598910975856,0,148.32206418154826,409.3248073868606,129.7555042335651,131.82680993205858,0,0,0,2
1022,307,372,1865,1140,810,104,455,388,990,1986,1845,606,594,1045,1509,1432,860,738,1376,799,205,50,100,920,989,137,996,1188,518,341,121,946,1530,1146,45,789,1341,1271,958,501,281,1571,495,455,2688,737,566,836,1442,924,1151,939,318,1153,1717,1549,609,363,1222,1360,1136,237,538,782,1074,862,12,1220,1811,585,334,457,674,716,444,556,1273,1180,791,454,35.927142136768204,252.86112413986535,122.30477678529836,126.7498061996999,0,216.74734715792948,716.372120026594,263.36361552918623,211.7081458386369,0,271.6011134497002,223.18533077052368,151.11290032712776,148.674264317087,0,0,0,2
497,2760,3442,684,23,1305,77,2208,3831,1728,694,950,828,1563,2019,764,1036,1469,343,169,475,150,862,1628,886,205,1034,840,608,515,304,1100,1113,371,458,713,1120,1345,1540,371,778,1070,377,2422,4004,495,1635,1278,1432,1667,3178,999,1826,2289,1876,797,289,574,1823,1584,637,212,738,898,897,304,592,968,417,550,701,510,180,90,551,1394,1143,287,331,574,1013,171.31838986048257,331.3441019410359,171.63966065688743,649.7722276168174,0,184.12425831486735,1440.0882422520995,301.49654529365296,695.2772126726563,0,178.65541001885026,359.61110085500036,178.31754034144382,257.0836136280024,0,0,0,2
1333,794,1717,361,3785,1717,1057,80,393,510,2581,2477,879,779,1348,1164,1183,873,140,1526,1502,564,158,469,694,1023,285,762,1260,769,203,457,786,1025,789,192,370,722,1273,1366,1111,138,816,2160,1086,198,2105,308,1673,1783,1821,203,421,577,1192,1235,1116,371,185,621,1040,1038,864,88,1012,1084,407,257,602,649,774,360,159,482,764,881,253,476,785,1020,1126,131.30056590134103,225.7005286918885,146.83887842896752,230.82321301230172,0,100.35279019539018,724.6539711087757,306.72092454777874,569.416288636616,0,111.14549081672804,413.81364728360927,124.39558509632278,210.93516881475668,0,0,0,2
1088,45,2089,703,765,2467,675,1935,1990,1380,106,637,184,1058,2079,1539,207,64,140,819,1868,1076,680,1411,858,59,70,496,694,727,131,799,717,396,64,168,277,1120,1631,1411,133,944,1521,966,2818,3011,2488,2492,1006,1213,937,912,563,1752,1397,974,843,383,703,1755,1591,849,50,747,1288,628,150,408,369,374,201,54,481,1137,1044,703,92,1134,1455,1381,909,351.4845514572737,178.5275071655509,319.1279546578793,427.7312690198382,0,431.0611151565402,726.3308169323368,781.4185970816493,90.02136175525148,0,353.81430111795447,93.02916282155196,180.7292495201969,172.76584681512833,0,0,0,2
798,2218,4275,1083,112,77,213,778,3116,2619,99,1681,1386,344,595,1212,324,768,1227,1374,690,575,876,372,70,173,222,467,381,124,654,616,561,421,77,513,1461,1474,581,688,1397,1592,1585,1357,1468,1940,364,1869,744,39,87,1498,1053,856,746,32,18,694,1269,1027,543,262,733,627,170,325,596,275,356,339,332,1261,909,387,165,680,869,1144,217,859,1405,265.25039088069127,225.0515515433319,321.9290046333362,245.3186583780515,0,602.0919468818696,259.95432341735494,558.2640606340008,547.9872795343733,0,670.7241194249608,196.08787870463914,257.8400881374086,210.075319733725,0,0,0,2
1556,367,663,1435,2151,1625,248,430,1154,43,380,1399,1257,597,670,1438,1197,491,11,798,767,302,150,427,422,757,688,27,889,925,370,355,164,733,1309,1234,195,872,1451,1603,1199,373,965,2588,652,875,981,10,785,1842,1464,360,493,728,39,1125,2173,1361,172,794,1418,1298,913,160,586,952,984,722,82,721,1031,764,159,439,876,1183,1122,5,1158,1242,871,85.87060433040816,260.08632183320634,98.45076092125959,310.9550567953198,0,105.56159339456752,790.3290456961246,66.86292795343734,606.2184130945124,0,367.6101149101123,426.7223467511274,236.33823483061246,79.87819166962363,0,0,0,2
511,114,1544,93,206,2509,832,336,1428,671,367,1348,2624,1975,546,2264,2081,1345,605,46,1090,1501,1175,583,287,652,753,646,349,423,926,1013,780,321,1137,1180,755,279,118,1246,1618,1491,655,185,1376,2632,1882,138,40,117,323,1361,1970,868,133,232,450,1509,1955,568,1018,1263,492,320,232,35,1018,1316,528,399,1093,1072,459,34,540,1376,1653,910,251,1245,1349,316.54144042800897,169.51780249685794,356.86686146764373,245.34014681971368,0,754.5982573528778,170.3153782624547,921.7976946975485,555.1323322278698,0,364.6270046569751,233.07577445369236,288.8873618683681,272.56375784691977,0,0,0,2
1673,138,615,1974,1485,1847,728,75,317,2005,401,1070,2142,1967,1032,660,1352,1505,739,537,1229,969,237,220,165,1013,1660,695,888,1278,1013,497,69,552,1535,1839,1328,302,838,1882,220,897,3161,28,806,1294,1813,431,1269,1371,93,1615,2430,1299,25,911,1277,1046,967,398,295,1148,1525,864,335,972,916,470,65,369,1014,1144,242,870,1370,1329,1035,370,74,1910,1452,405.47754430425124,109.91435820903408,349.63760398130955,280.13751703702013,0,136.76243087924402,212.16560948973148,245.10941659270625,987.1479679860481,0,171.8074050671573,674.9730130436125,259.0108050791925,379.98073182693884,0,0,0,2
3,1780,460,817,1286,2232,1274,717,261,763,1703,2012,1058,512,918,776,803,774,265,810,1671,862,7,533,754,943,473,640,1384,1309,457,116,721,1637,1551,1147,52,216,1569,3521,1246,534,185,1427,291,4017,3191,499,2721,2091,201,307,430,1269,1000,569,1605,935,23,939,915,525,354,958,599,750,912,212,507,894,600,273,1146,1203,83,1084,1251,318,536,1043,164,68.0436432365635,134.7799023453322,111.71534249242926,403.2261546684955,0,724.643719354553,619.6876513658153,451.76638384800054,917.959572986785,0,259.6279478522086,722.198130892637,154.8976349186828,724.5116817829397,0,0,0,2
2405,590,5455,745,1582,217,1559,1548,732,1732,3066,746,1464,1572,859,139,1337,1461,175,1230,809,62,296,465,443,95,839,279,623,703,460,817,418,5,959,911,49,766,956,325,258,1097,1488,1317,253,318,2569,4317,359,437,1123,1141,1938,2814,1606,562,1037,1791,1762,1066,121,1384,1079,762,511,174,424,980,721,109,860,947,509,159,589,1000,969,589,365,1003,1320,647.9922623920244,432.22898573448424,726.5062919405004,793.8506587198156,0,579.4296721777372,872.4440079464334,231.7229044391857,537.1232810179672,0,248.6844726310145,237.00538635294967,385.30241749660445,1151.4681012151411,0,0,0,2
1419,375,2517,1149,4033,1584,397,636,1050,1641,1961,3485,1934,341,322,632,1506,1686,630,834,826,406,605,604,144,1315,1338,618,330,927,1091,949,126,569,1321,1351,770,245,885,1265,1447,1542,1130,761,320,946,1611,2040,1982,1232,663,903,1023,1880,1850,667,903,1624,1375,1050,451,271,1074,1209,805,313,750,1353,1219,522,534,887,933,875,136,539,1077,1450,1481,876,228,130.69244653381216,298.59060917121855,133.37133737305365,354.89769393466736,0,496.0333481732856,717.275564383183,699.8032994114955,477.03951445237544,0,391.9554306593462,587.1071936751213,474.190774600367,265.6840046387673,0,0,0,2
140,2897,2322,1497,790,23,1449,1840,3357,1682,218,1715,2257,1501,591,52,454,721,845,988,440,577,1247,1227,147,495,941,674,264,266,1013,941,283,382,464,683,1246,889,282,897,351,1573,3097,314,637,1778,909,616,2929,1756,743,2669,2431,443,150,40,764,1612,1539,436,562,1120,1035,701,164,679,1206,663,222,730,825,728,651,85,850,1088,913,597,138,547,191,269.67333438144567,187.17344492201596,170.89697537814016,339.16413807014555,0,308.50777948051814,671.1005704959534,629.1974224230106,222.4929947311487,0,692.5662826816507,51.981203133662554,640.9448446284426,260.85291656092585,0,0,0,2
1847,3991,386,1332,1597,1485,1340,2425,1334,1168,2739,2417,1055,2,443,904,1437,1235,264,549,879,643,403,141,701,982,458,273,682,942,606,35,407,642,737,1077,832,111,881,860,2832,3014,603,412,805,1831,2202,2431,2,1679,1901,1649,1105,886,59,1278,1507,1069,572,56,633,1104,1128,453,404,843,926,787,100,497,811,902,709,79,690,1172,1141,1354,459,1215,759,277.3369489809308,104.14708706961522,347.74785357877346,45.41476418086549,0,528.1693715087993,357.6957482890809,723.7723318300694,524.2061987116313,0,508.03199757632933,322.5831635304852,334.42108636130683,74.44246293099461,0,0,0,2
3487,2490,114,138,385,680,2413,2771,1193,368,935,905,1185,1157,693,711,1445,1063,375,329,662,1032,885,381,597,1136,844,529,93,478,939,1269,1158,1040,627,262,1741,1697,2804,2410,1329,932,1488,2561,1724,1094,564,1736,1765,1465,966,617,365,1268,1390,1205,468,55,771,1188,784,218,763,685,109,51,61,711,1008,570,124,838,1397,1421,1000,333,570,180,2629,4821,1084,522.7047726096802,302.4648454335271,600.6256412104143,432.4328137166021,0,666.7071789773979,448.2666610013008,835.253066922526,450.81089391519674,0,425.1455377639075,259.25937327628725,202.44578086855685,223.35174644288279,0,0,0,2
2378,515,993,2018,2674,12,2531,1713,378,703,1246,70,1929,2219,466,984,1284,824,122,105,531,736,596,356,1088,874,191,88,220,437,1606,1375,612,437,980,1689,372,898,2487,1874,2585,1035,824,454,589,1042,1384,661,383,37,408,1004,1435,947,123,905,919,518,31,413,683,640,257,442,695,615,800,445,588,1051,1109,966,396,453,1254,1813,962,2356,722,3699,1822,353.4387467279603,214.79620681709022,398.63220156171315,176.5972555779596,0,646.4455004097407,273.17670973084915,1073.641423159527,750.8582643286217,0,356.32223921838323,534.259903983829,132.7290432159129,152.97865242874107,0,0,0,2
1362,444,141,442,1925,2541,1676,544,276,894,1978,1774,395,1252,1443,351,264,201,29,577,367,254,991,926,101,101,217,438,897,1227,132,1006,1780,1612,1099,623,572,2337,453,14,3173,98,2185,1480,1519,188,347,971,10,832,1755,1605,594,524,1509,1299,850,149,423,641,788,579,143,325,708,515,617,233,577,1343,1536,849,20,1030,1998,1903,1095,460,713,693,4144,422.2957628668477,185.35228844076397,452.0828603040693,239.7525360636773,0,401.11938684137425,496.73097603527316,215.8073303203561,303.82784249889,0,517.2042051787653,360.7133581719136,257.1014020065109,407.39689567965814,0,0,0,2
