1177,676,155,0,625,1230,415,1272,1247,386,1590,1206,322,1318,1213,106,464,2369,3414,542,3352,1838,2359,1004,1164,177,2031,91,3105,1268,2399,2367,782,1997,619,551,286,203,31,112,130,304,406,303,204,445,774,407,725,1437,497,744,1193,479,850,1442,586,1198,1896,32,748,375,677,3386,1377,4908,2187,3547,1986,2727,1438,2488,2299,1798,4254,1419,2717,2663,611,2012,126,218.12642940790548,622.3171717696741,584.5690958174085,1312.5489655851657,0,1084.865514706777,1964.5754387248408,1988.7254587979205,1377.7691403872018,0,1114.4151355344636,456.62056720786563,508.739429710036,1154.4360883696243,0,0,0,2
1391,565,690,203,1135,911,541,1345,657,115,64,134,742,1205,326,1306,1973,1057,586,298,985,103,2744,2571,2117,3820,1016,2023,1433,1064,643,1478,2312,163,2486,1981,444,1620,464,820,978,242,265,313,432,492,621,405,172,736,967,489,404,926,805,375,398,1140,1678,2089,365,1332,1415,580,877,182,600,895,2138,1331,1045,2157,1336,162,310,221,389,487,59,659,229,82.00726836502176,116.38599929172463,295.8790121569604,238.2013674445526,0,220.63332703832396,490.1283271489365,1324.3777819665538,1665.6642550758997,0,1071.9500869601993,749.3218259284814,638.190817606838,362.50097379266515,0,0,0,2
884,1304,623,472,498,139,586,1090,405,893,1126,551,54,453,1174,1561,542,215,1105,26,3394,3379,2052,4761,2006,2365,2210,1099,1420,1056,2914,1050,2284,2668,189,1545,731,445,520,282,215,553,279,601,1451,1190,280,355,589,680,851,725,441,1400,2581,2038,870,2979,1073,1551,850,2852,365,4039,3362,1496,3295,921,1401,498,1655,1131,1124,1874,170,1426,962,568,1142,523,369,29.409525194987193,290.86714591750336,245.65582653588797,635.3894440720981,0,291.7718158081757,1610.7396902381042,506.90657761344914,2630.628016632991,0,1130.5940329193165,1631.6997478859394,550.1858467252431,363.7264854289131,0,0,0,2
520,222,907,1710,985,306,806,734,764,553,287,632,1877,3311,2703,974,4060,1638,1251,1335,668,698,1805,2432,84,2346,2179,80,982,337,156,98,725,157,940,890,655,1381,975,11,675,887,1402,1246,282,1368,1074,275,11,876,1435,294,594,1681,2851,2086,5045,1846,2991,3186,301,1601,161,1330,180,1734,1448,487,1475,664,306,295,45,50,344,133,981,966,288,1361,1637,161.48457946162546,249.1236152696806,183.2645699971295,851.5469016608464,0,203.306695659538,1256.8863080985657,381.23506875931406,2279.8191171642993,0,375.1879028754783,1534.3058731237688,455.0724507201213,616.1953423599894,0,0,0,2
1093,4,946,1142,604,245,296,1907,3193,611,1661,424,1885,439,3339,2447,1077,3240,1759,999,1611,78,834,177,939,162,1140,933,306,592,214,190,145,85,487,629,462,1729,1602,280,1135,1524,853,175,244,48,1273,2719,630,3325,2884,1629,1210,2245,2248,1932,4240,989,2683,2390,459,1812,337,614,96,1049,190,1175,952,287,669,32,258,68,34,797,1266,126,1249,1753,1257,89.9043464678846,416.03427010467476,120.0206681464194,775.5129803785435,0,430.2910788059637,1317.428744728777,1731.2340569728965,1914.2712559944648,0,740.0838859055845,1269.1847452907696,800.918899580045,328.45111006301454,0,0,0,2
120,853,1101,523,246,1128,707,2651,3961,43,2944,2387,256,833,1368,1529,683,2749,1845,1201,2588,875,1096,1100,9,625,108,471,20,569,375,665,911,66,888,1088,955,673,138,1282,1589,748,584,846,1231,1935,1503,1429,3522,398,1482,256,2210,696,2710,3203,108,2865,2166,603,1708,595,534,131,473,0,798,604,373,815,128,641,419,339,527,824,405,1489,2406,1008,645,148.96921915260415,103.9632834395691,327.153167201546,69.25082422259653,0,769.9802286422685,56.544357629911715,1926.5284388431317,438.78645174268087,0,1969.726693824293,140.8278192989513,1200.8622709091567,423.34739120226334,0,0,0,2
1391,1050,1221,957,1791,3784,1336,1653,24,1470,334,2338,2952,74,2324,1644,243,929,78,361,370,1076,380,926,944,351,1048,625,145,165,679,567,721,1967,1586,87,868,996,990,946,83,2328,2721,298,854,301,1053,2319,3378,136,2952,1872,596,824,692,1058,564,1931,929,1154,1800,95,1475,761,594,737,62,350,325,657,401,1397,1263,531,199,898,1219,1237,334,992,2337,150.41547261742093,202.3850250937485,371.1206690376007,316.6678053402331,0,735.2682996702633,634.7065886595457,1663.6397632273283,1208.4838885472927,0,1484.4966877566558,361.5577016615139,387.2904873396246,502.91163308423796,0,0,0,2
1104,2259,3031,291,1781,1871,3105,3,3226,2323,1057,1705,34,785,212,1628,651,1385,1879,178,1292,796,519,904,206,251,350,216,464,806,811,237,962,1563,947,23,851,1081,827,233,72,648,1756,1935,550,3401,1227,1202,92,1984,1217,1997,2838,332,2183,1847,58,565,154,297,535,743,334,936,260,933,980,418,75,366,6,1252,1787,552,481,691,1034,1493,57,2636,1708,490.81936458105184,423.4345484536114,675.7821375053696,514.2286952452563,0,701.5444266046164,880.8843935241387,1262.6882511973574,1660.233170495759,0,1214.3498711207815,492.1175454398001,552.9499649875031,550.8700412443094,0,0,0,2
1356,363,3463,1267,4238,4801,538,3882,1307,1620,906,1715,2020,850,2986,1516,1436,2139,224,1204,835,313,580,294,349,1155,938,342,1206,1171,594,111,78,309,1119,2147,390,3406,3256,1034,1893,1831,1150,3263,3960,751,4201,1661,1836,1591,1071,1412,1034,2397,460,2165,1807,660,1700,246,1114,473,145,446,965,51,1367,1378,567,189,464,568,777,695,224,1363,1718,438,1520,566,1694,516.4519985347868,353.03048475624973,814.5455915035814,516.6139105712853,0,934.2919685515872,1324.93861846649,1987.0060783174913,2525.9322809788127,0,1058.9240964156531,1507.1196210510109,886.4581258804365,337.4342337138229,0,0,0,2
2303,3905,1045,2815,3220,61,1931,578,1108,826,896,1280,348,1690,848,731,1119,252,859,899,499,329,999,1184,663,199,344,1050,1138,424,359,777,628,748,320,1735,1502,301,341,2582,129,3816,3002,1081,3036,792,1249,601,983,740,668,1266,387,1065,1193,168,740,670,239,908,728,260,123,524,1006,1158,763,489,1681,958,38,261,287,983,885,828,1657,44,333,2654,3117,390.8131314295729,202.16099036862713,711.6542232578377,111.08907353343787,0,1068.6525031552587,51.28008222930519,1511.5089293253413,384.17441377900275,0,1887.6813872028874,503.5301944977153,963.9851846344668,256.1050398376071,0,0,0,2
154,3984,3048,972,2191,479,1007,353,1035,813,731,1606,567,885,1008,96,660,222,78,80,157,1056,1301,451,916,1664,1232,26,467,422,649,1085,75,1615,1093,165,1164,3624,506,4005,3821,391,2956,1112,1022,351,1201,1140,782,1906,892,981,1125,45,365,39,221,384,457,554,1614,1039,238,1240,1582,1107,33,1030,1316,1099,645,994,1764,55,1235,1909,4240,807,5617,3261,2557,421.23449485728884,515.9553081863344,926.1357225280954,652.5339780446415,0,1245.3612588321512,492.80671413897466,2222.676225473498,460.9174117350036,0,1117.6148236633876,899.3031408096975,122.05131374775179,1237.647639175437,0,0,0,2
3321,454,1439,939,2292,284,2606,2249,374,1518,358,507,163,607,301,931,34,1058,1331,503,310,576,1520,1956,391,1112,1425,926,304,122,186,957,2593,1796,1682,2748,782,858,2565,3006,864,4112,2193,1959,2950,727,1022,294,800,136,1042,758,713,1022,49,831,581,141,443,483,741,1828,1381,410,1603,1199,402,171,1118,1270,2028,2253,927,4319,1912,2815,1304,3021,2281,3133,4488,335.19687636723245,288.17954623068186,660.7410327414832,432.32086619835576,0,952.196894029801,955.9128706361946,2686.426538809995,1291.7426801747768,0,1521.7976606003504,547.4400354209818,371.81580076514746,602.4274468224061,0,0,0,2
418,4174,2480,1400,1819,593,1157,676,1611,248,1200,797,368,733,292,300,6,408,1489,1768,63,1672,1528,550,313,1037,1272,772,862,504,1463,2953,740,1882,334,1412,1097,3443,1797,2430,3442,588,1957,1481,209,428,511,624,330,748,113,655,718,251,670,535,404,770,629,683,1870,1690,222,1393,1661,739,423,508,1476,3558,2530,2202,3424,994,2371,1440,4105,517,4268,3502,928,86.94391403547803,500.78069550529995,724.5980976184956,801.6486446158499,0,1612.5217827986078,889.0703438596775,2017.4164249400121,1095.5868437404877,0,575.5410571102881,1001.3036310852737,330.31526999273404,1380.5542736593836,0,0,0,2
2888,831,1339,346,1359,921,1034,1477,134,1212,435,924,1012,200,128,634,531,1188,2259,768,1069,1443,1039,412,687,1244,1795,944,1249,1469,861,647,3108,2775,1498,3841,1497,1583,1156,742,624,1549,2392,52,2457,1458,1077,1466,369,1542,587,844,17,1346,929,1165,2160,1054,453,718,568,1082,1137,402,2201,2556,471,292,2223,525,4214,4872,1814,5599,1394,2891,1148,2744,2146,2531,4626,300.4077523940158,21.546092608442244,481.0915150910677,266.6164374729589,0,1077.0514031372875,447.4573571779929,3214.7991538052493,702.6398729470768,0,2105.1129691259844,627.017066506105,881.2729891010988,96.87194482527836,0,0,0,2
1179,3166,2564,809,1834,42,1308,350,528,120,1258,955,558,1246,795,345,313,196,1101,1388,319,1344,1920,1403,899,2403,487,1490,835,3950,621,3723,3126,1203,3237,614,1393,244,1654,1088,1451,1952,102,1602,657,1040,1039,252,1055,535,218,288,772,197,1002,1373,471,342,730,875,675,148,943,1574,204,2254,2129,490,453,2615,1617,2055,3603,573,2276,1191,601,374,1370,1744,610,381.23794905919294,292.7201724254474,237.12614343442124,569.7596739367306,0,1430.4002184703413,511.1145380337796,2136.876754349677,1322.0652561928528,0,1455.1634172333602,829.7301919756609,964.85524846104,223.33903205227017,0,0,0,2
2266,1027,1051,1189,130,1181,917,53,314,34,56,838,1421,648,591,1011,841,399,131,650,1527,1711,606,206,1530,3163,2379,1538,4031,589,1838,212,1906,755,2617,2986,292,2082,1898,87,604,87,422,211,558,359,1082,611,688,1130,857,362,198,156,818,1042,566,229,1008,1375,1221,27,561,166,611,3456,3097,2673,5047,1556,3242,2879,1127,1706,1042,2792,473,2855,2518,430,2063,305.1830055030729,262.4748332667794,300.86016280229074,576.1193314062785,0,400.2254520891944,1790.9419169908522,496.9334827347558,2202.4631722211284,0,642.6026548748189,1634.3787345052663,591.1335186873681,1104.4835355596224,0,0,0,2
645,824,831,109,174,485,542,1280,1218,365,503,930,806,563,107,754,1112,840,784,854,2254,664,862,1788,3042,2716,5262,405,4634,2974,1440,1674,1426,2266,449,3116,1878,1025,1669,78,818,386,58,198,146,743,964,452,479,1150,1027,303,309,734,692,125,33,10,1045,679,267,107,581,823,3389,1872,1824,3457,991,1855,1443,102,332,976,1621,219,1584,1607,164,962,853,328.5758273522486,196.2643155701528,683.3397330525725,477.13556092427245,0,937.0569686523867,999.4822961039047,1897.3557236576644,1481.6068174181698,0,1597.3680972048905,995.72751757788,900.4091644469781,544.5920824915655,0,0,0,2
255,1032,630,126,88,290,1175,1450,478,911,1385,664,90,345,562,1141,1645,149,2523,2311,453,361,2620,1674,2623,4631,665,3636,2647,525,1350,658,1678,253,2221,1128,1232,1507,159,1160,323,405,305,531,240,1830,1633,426,1749,997,190,16,333,873,1311,791,254,571,1539,2370,1892,403,1860,2192,1494,76,1001,739,1035,1213,732,529,1530,1239,172,457,39,122,148,66,580,82.22962591180024,215.11910869840045,160.50922923937912,349.3233658583842,0,301.84012738534284,693.724614192274,1890.4602335260906,1246.6272268977402,0,1192.4716180205216,229.0239033412186,763.175461504942,388.1642168715648,0,0,0,2
1057,189,948,1484,1184,314,737,1306,1243,341,1075,1519,1010,356,68,567,349,2381,4114,34,5227,2402,2142,1340,1742,1344,2738,3729,531,2650,2343,267,1242,92,965,73,1017,244,1339,1512,150,1166,1296,798,258,402,1314,1376,374,1125,1678,1191,193,419,632,1127,672,342,445,923,885,2910,3781,122,3801,3061,760,1816,124,879,390,1878,1318,576,1406,195,990,805,147,458,135,190.28136074942825,162.53208148434314,609.5296603890985,252.75440995803993,0,816.9536737171821,388.61096779448076,2387.5186080951876,809.4426650966915,0,2169.5418935078387,792.6577318620524,660.516192362647,767.5378139508925,0,0,0,2
626,1392,675,1223,1500,571,370,972,1220,858,41,1181,1062,1645,2775,566,3174,2280,2057,1788,1728,2440,1816,4286,1005,3151,2984,72,1556,406,1042,587,703,553,668,964,94,1185,1135,419,249,369,885,1113,522,852,1807,1274,356,1512,1510,864,637,146,757,369,26,1456,2352,1205,3359,2174,552,2098,804,43,879,1414,238,1334,1418,64,648,182,523,627,339,278,921,686,571,140.7112632643084,79.4915628027295,516.9549534683129,430.1986850548637,0,904.342869159701,503.94896765835193,1713.4570848923945,1151.4024060450733,0,1737.7180019564516,633.3207251963943,899.1198174267817,336.15499997085107,0,0,0,2
1673,1095,181,1116,1391,839,311,1418,1602,1145,599,969,1662,158,917,1264,2085,2316,4076,814,2690,2106,586,567,1585,2092,426,2697,1476,1038,1459,226,1387,675,375,110,939,774,1209,2306,588,955,1070,830,489,296,1145,1934,1328,240,1143,1652,2082,1968,665,1068,2850,942,1538,1632,3294,1356,2394,3296,803,1575,1411,613,945,47,386,343,596,55,730,837,519,8,622,826,534,357.87412916118495,96.01222574543557,372.37210681876553,331.2891451828641,0,614.0023228783423,279.70884534349983,1986.700011758091,487.1109766291892,0,1919.5200985340189,407.66741688914095,963.6158820921473,719.8124494479357,0,0,0,2
36,682,1209,838,494,1650,1699,642,602,142,152,1940,2316,1162,3817,622,2245,571,2565,1233,3136,4302,2,3788,2326,1187,2080,145,1461,355,598,163,1236,1015,408,1374,869,279,247,1,399,806,150,1590,1769,491,637,1373,1479,1365,153,2022,1561,995,982,2347,1575,2737,4534,852,2831,2058,291,663,1054,1623,220,1800,815,1165,1467,84,1150,502,363,291,796,103,1270,1316,113,274.2628246408783,75.21145948957783,403.2600678855956,395.5182514925957,0,752.556987875337,521.438801206628,2548.8906972167406,1375.6870852204365,0,1933.4033325219568,392.81698418777654,1098.8114995011063,308.4560797303595,0,0,0,2
1091,1298,904,185,513,1265,2088,1727,916,2652,558,1989,284,3223,782,4745,2374,2311,2868,193,1149,1163,2930,994,2360,2448,474,2203,986,1098,1108,172,283,778,974,305,1349,662,364,649,783,840,507,425,1863,2225,1264,735,1405,1836,2612,1253,2553,3866,138,2031,411,2701,508,3718,3590,314,2725,1367,1007,1147,280,573,394,957,7,1090,794,588,738,75,295,317,123,1213,1551,308.9718522387226,161.6644896324293,651.1905368765866,194.47776581631325,0,932.9922842660598,352.5863951268165,2707.0388481038344,815.4042983866308,0,2160.8647333968524,461.62420921349803,763.5161411436477,703.8867089441434,0,0,0,2
200,1094,1680,1567,561,559,953,1935,2866,421,3620,3142,2031,2292,1630,2367,1335,4109,1408,2346,2054,320,1191,45,672,159,807,13,1187,953,535,1167,172,623,170,390,277,816,186,891,1476,1161,351,619,1679,1595,792,1236,2428,1034,1183,568,1461,448,3306,3029,408,2603,1167,546,184,1135,982,923,1626,240,1463,1309,260,1131,503,394,386,58,154,311,349,330,1157,1170,639,174.52900022397705,91.3612088799792,428.3676457669228,251.66713330793874,0,910.0304733908641,626.8911686992857,2296.092889234223,230.54836672350007,0,1854.5812081988356,393.874403039563,920.7877518725375,415.1944107174895,0,0,0,2
377,1453,1625,747,152,983,759,589,1222,666,2560,4188,160,2719,851,1328,353,2468,2097,1280,3256,1365,1536,1710,25,589,14,665,399,427,797,13,665,554,191,295,165,431,1237,1342,605,269,1070,1453,640,182,551,2543,3194,4,3551,1819,983,630,1609,1294,1485,2743,1214,1574,2124,532,485,257,34,519,744,173,722,260,525,626,366,178,236,407,884,1029,643,208,1241,141.62244104100535,0,337.10784259463384,237.29389808804984,531.8027911722346,736.8710371428195,0,1529.670301649491,1370.2374215528528,1280.8106517245026,944.9599712168117,0,658.8366742954145,802.3908231493094,105.83808766384188,1,0,2
1438,875,212,920,1986,2757,472,3846,3273,1625,1772,1026,1520,1082,3029,957,1956,2079,95,1105,393,505,62,1013,513,882,1262,55,1240,674,576,1036,605,316,337,153,498,1333,1462,346,908,1201,888,661,422,2421,3085,442,2388,1160,79,594,1903,1226,1306,2450,998,945,1000,64,301,429,670,451,1341,583,888,1250,119,1409,986,193,379,224,448,1203,1458,92,1505,1217,425,262.5494527357243,211.15604451609875,529.8629991294977,358.3794218347266,0,805.4311407563033,532.7868626145829,1483.928927218565,1180.9266834669531,0,1602.6730924916228,531.678505347747,831.2171693552395,455.01972251865175,0,0,0,2
203,226,1328,3385,2253,1860,2517,648,95,2218,1815,1704,3331,979,1649,1708,20,852,301,1303,197,1732,1692,295,1629,755,806,1058,355,5,486,156,1425,1787,1002,212,977,922,715,930,575,1144,1006,395,477,1450,1315,3536,4307,672,2652,2286,386,1076,543,1510,48,2058,1728,381,1750,1049,322,998,735,59,516,860,945,404,791,1342,1327,793,236,861,875,658,335,334,1229,337.2506564767782,58.86953168905987,558.7516607811671,171.7923570805823,0,776.3126077811696,211.6683588727933,1919.8687721825863,907.003115028027,0,1765.6540661753197,673.0687556003282,634.3918649689833,653.494067653151,0,0,0,2
3250,1707,2554,1961,2027,352,3590,1586,2971,3856,353,2332,1425,528,983,239,832,66,1310,1006,720,1409,332,944,942,27,672,643,855,834,440,493,1676,1524,78,699,824,504,1149,1205,1362,3898,1807,1877,981,973,505,2400,2922,721,3183,1761,1401,2185,226,1112,153,961,143,1272,1220,507,1573,532,701,954,424,107,71,667,1788,1648,106,1195,1179,365,87,1235,612,3165,4347,541.4104208373299,560.312137675226,846.1443420769962,792.8129911142073,0,1073.8114278121648,1074.5173836550637,1710.9284955914748,1753.423059559523,0,1089.4500171958205,1033.4745479575972,303.96851669851543,257.81128195836044,0,0,0,2
1019,4922,528,2295,929,4303,1825,3569,4109,407,3456,1458,1301,1171,843,1070,871,1629,84,1436,1071,379,824,273,310,1091,265,1287,2095,1298,430,1407,1206,782,65,116,1724,3973,2776,1392,2982,261,1139,1427,3278,656,3307,3242,124,2244,1371,341,477,288,305,574,984,422,511,817,279,305,579,744,756,137,1269,1751,1489,234,1258,1662,1100,140,114,576,1332,3860,1252,3942,3005,484.01407629210763,432.580035795804,682.0252484543594,197.2135415887367,0,805.0372196364588,384.2566522251814,1469.6225489510516,2454.406454685571,0,1131.4804638265473,1807.2570196359823,869.7514374714467,673.4837328211735,0,0,0,2
944,1811,1129,2661,463,3501,2156,1688,3201,970,1565,1326,278,420,445,654,277,1308,577,788,1117,233,207,255,695,1701,1781,176,1873,2049,666,750,19,66,2665,4285,172,5076,2386,2071,1402,2124,3129,980,4462,2245,2402,3339,320,1551,395,941,64,1439,637,949,1148,42,584,175,177,1034,1151,355,2191,2392,655,906,1200,1093,288,1046,1852,2052,6360,1890,6130,3834,2446,2602,2750,548.9958903596486,763.3195117451356,886.5589276630249,898.4517361424392,0,1267.2661687664513,566.9945663189757,2274.9087261570917,2423.6013720332144,0,319.1878007677369,2487.849619012835,968.7613511406873,1515.3336990584057,0,0,0,2
4347,1013,4671,1836,2874,3113,409,2013,286,994,65,1024,175,1073,1008,403,879,409,307,363,316,942,1270,228,1459,2063,931,541,1528,1087,455,496,40,1899,3000,391,1901,1810,143,345,1157,1282,652,2061,1175,1100,1984,602,801,756,241,177,160,176,375,102,252,638,655,277,766,1151,1241,1077,187,1018,1609,1408,348,436,2020,3761,1199,3868,2724,2252,1176,2989,2722,1852,3635,186.78310607702633,173.6493905117244,387.2378921200738,498.4465526235643,0,966.7811386244563,1212.554855792558,2094.201100515736,1923.8511665202038,0,1397.3449024946772,804.4026126430928,703.1269608176422,285.2330893911798,0,0,0,2
843,1554,1000,454,323,1006,1404,164,1885,1451,490,1356,273,901,822,30,182,698,303,875,1752,1814,531,899,1357,1256,964,144,1482,1671,728,599,1527,74,3925,3109,479,2560,900,1062,126,1847,1374,1313,2797,1453,951,1934,952,601,1040,326,442,264,266,411,621,150,631,1265,1284,596,227,838,1202,1234,681,1746,3241,923,2190,379,2042,1861,4821,1037,3926,2819,1459,1958,1086,120.64319951818987,557.8232432933286,511.744145055907,1090.0941233260417,0,926.3768307227897,1514.889604548181,1180.7898240323336,1211.1484620229382,0,589.0677688061555,1750.988028024781,405.07673501353304,545.1613891092996,0,0,0,2
2598,97,2749,1928,1203,2505,577,1600,1153,624,1202,244,274,241,508,532,1394,1123,254,454,804,765,635,240,586,1594,1220,388,1535,1062,1400,2625,401,2369,2796,435,1316,559,414,209,1454,1019,699,1901,1424,14,1079,738,141,598,437,292,162,728,1122,784,301,118,991,1482,1010,107,834,1260,1023,845,753,743,3057,3251,589,3410,588,1282,563,2569,843,2522,2695,29,2037,219.00030819774875,148.26997699708897,329.63610528972714,213.00326543956172,0,532.7401054923498,411.3107437156263,1722.2504354694302,1357.960104471769,0,1584.5036998028827,595.5589141759829,545.4221941532179,484.3710174217876,0,0,0,2
1229,281,141,1123,950,827,1502,29,1401,991,812,1506,671,31,589,426,1029,1829,885,357,762,702,875,888,311,2100,3788,1802,2251,2617,571,379,1908,1807,1709,3633,1237,1264,1291,212,331,1071,1285,217,1452,750,837,1025,231,1162,740,386,186,254,402,1323,1004,160,982,749,236,179,219,1087,1363,784,270,624,1811,2491,816,2702,2062,304,448,500,741,1161,2325,1584,342,232.1657568108457,226.42863536858226,294.15428589761666,583.9046193519524,0,257.34025141823423,690.4507378170588,1524.2594759275428,1550.0782223596943,0,725.4490915029602,877.2784662428285,140.52587485081037,326.11373981312863,0,0,0,2
1514,1118,203,14,181,261,472,193,953,932,181,1099,1092,586,59,292,698,960,649,358,1172,1294,804,77,217,853,2722,3022,400,2361,1493,358,462,899,308,2171,2349,835,490,702,395,665,1095,411,609,918,123,1206,1144,105,902,1003,727,453,15,799,1001,618,13,925,1305,833,466,87,1067,1378,1062,786,703,1011,4841,2767,2588,3795,720,1275,467,2237,576,2379,2612,146.37147172252054,138.09597273617086,479.1987630969602,263.9111847553458,0,747.7268083999664,579.8061242982153,1308.7590654180372,1012.6842092318789,0,977.069001475386,679.7686898321931,389.36784077557877,830.2980829163076,0,0,0,2
58,1614,850,752,969,133,15,375,183,1082,1605,314,1434,1319,289,267,297,553,1209,1098,24,628,1770,2495,1741,630,2028,434,154,1292,1143,1394,2900,1589,626,1453,832,84,60,629,618,298,833,1,961,826,566,1369,1093,236,293,893,980,484,206,1124,1298,333,557,1043,569,1364,3071,809,4487,3606,2876,3046,1135,1796,1427,3235,134,3713,2793,797,2473,619,1375,821,796,284.5283165435423,166.41486335962566,487.99099716832626,673.8086579835948,0,990.4185983714159,746.2253205562623,1535.217253828573,1892.476058495491,0,1389.262320197436,1046.7336446274367,292.25068701765474,345.1483452885776,0,0,0,2
759,632,1070,639,2139,935,846,1277,619,243,146,566,1363,992,246,1617,1580,382,600,704,1381,2130,5485,1493,5175,3303,1917,2319,1243,2071,1779,3918,1201,2983,3263,148,1787,622,1061,645,464,231,740,1124,141,1055,1280,991,153,1058,1488,1181,54,1404,1504,942,786,687,703,986,666,4721,2739,5083,5358,731,3468,315,2018,691,3468,1939,2125,3577,738,1814,1083,784,802,399,599,368.8887583208261,618.3077866029407,557.3359939823015,856.4452711336986,0,819.2587991593377,2114.193644489749,1714.815010989255,2962.5824622908985,0,1214.947633091572,1967.4363475379503,409.28722111301124,465.3770840080351,0,0,0,2
647,1199,126,1495,1554,559,399,1114,1236,612,249,1220,1809,960,423,1511,1276,1887,2710,1032,3047,3917,1324,2277,628,1518,624,3264,1624,1798,3088,1404,1257,1532,76,758,301,368,290,140,203,743,1237,1021,143,1399,1450,660,66,800,1335,1064,9,599,1960,3337,1994,2364,3950,992,2412,1279,3420,222,4078,2627,1605,3054,879,1340,733,540,317,732,623,134,416,227,832,317,178,148.90064345584742,387.2092267386311,446.7029776567771,497.66500530189734,0,971.3988367297957,817.6763262618697,1878.7125086808057,1416.5487866664735,0,2216.225472355161,322.492419994219,1038.914526097067,508.20541358393416,0,0,0,2
450,454,683,1029,255,1189,1484,682,502,1369,1365,77,696,1605,2008,1467,135,1879,966,172,203,755,455,1425,2015,769,1085,1592,645,132,573,473,174,36,357,443,15,658,821,563,188,94,582,1340,1485,425,822,1157,1200,860,828,1574,605,42,1617,1444,3808,4681,395,4076,1617,2185,828,2372,2391,1214,3369,1363,1602,2040,355,782,406,162,117,101,516,914,756,42,675,89.77007556932583,273.8860827887167,390.158425567348,515.1598036636068,0,574.6497737752969,1207.9527500394986,897.9589217225696,1805.272205213706,0,1040.2948697427057,1164.0571875285798,114.91140830949927,861.8900304609444,0,0,0,2
981,1130,672,156,519,773,1220,1499,1056,2525,692,1413,679,3242,1037,4707,2611,2023,3649,251,1717,52,1942,1035,1752,2395,168,1976,1542,411,1167,320,619,320,393,731,872,22,1244,1388,812,37,172,380,672,785,1261,348,2648,3998,510,4710,900,2144,104,3314,1705,2926,3286,450,3158,1636,1148,1323,398,898,793,1399,76,1431,1051,699,1202,467,485,806,738,835,782,59,1011,115.11034478436427,420.11698753416397,90.09211609802786,928.1829659787822,0,32.87708168314213,1897.7782540140638,273.5628763803508,3128.7884828229935,0,370.5388859576991,1468.9844409709217,519.1951888118252,143.9806410598354,0,0,0,2
1266,778,15,555,460,1642,2806,664,3852,4438,753,2406,388,1790,1018,3518,1475,2407,3098,174,1949,760,622,362,976,877,766,1544,488,1189,1322,246,1423,942,450,365,101,759,1846,1609,277,1192,810,408,1476,1496,1758,4028,977,3042,790,1798,210,3556,2840,1766,3652,1246,1994,2256,114,1239,83,1206,46,1644,1159,857,1475,115,915,823,123,43,24,807,1753,1348,356,1553,984,128.42398574335476,235.71961676554724,454.6808569798278,271.16425260464933,0,1123.8508842368726,697.930015744667,2641.476281667199,1320.6970168037715,0,1882.132538795587,689.3116826984883,793.5871865310548,394.3866581047623,0,0,0,2
82,59,286,1294,3490,2542,1500,3582,515,850,690,2459,632,3152,3104,346,2753,1550,965,1034,503,818,723,1346,298,1048,1307,70,1065,703,186,123,397,1339,1796,858,918,1867,1032,720,97,1870,2024,775,358,2831,762,3967,4651,285,3469,1201,1500,440,1988,1604,1245,2416,439,1605,1275,238,715,74,613,351,1146,155,1559,1472,17,1203,1493,1374,1102,55,1533,1881,1226,382,409,127.05903567041787,318.2867500541993,300.0134983959387,720.7436943170837,0,550.4540057988496,1145.4104610589136,1564.2345122319002,2253.3919001169947,0,1457.5671668766438,1087.7590962754264,516.7575639416561,511.42554856329434,0,0,0,2
679,83,2221,2704,1081,3341,2498,17,1307,164,618,789,1970,741,1764,1888,9,1283,652,321,297,211,188,708,687,1112,683,572,1068,1186,1099,278,897,1663,1168,150,1157,173,372,977,2007,565,4410,1489,1716,951,537,765,1488,2282,113,2282,1853,604,1687,586,762,653,62,6,368,617,189,755,353,479,862,661,305,198,1145,1756,811,696,1452,1379,232,1831,1393,93,374,259.21603862500655,161.66704414762057,153.41031061568074,295.78416988769067,0,543.8670264871737,743.8236485372871,897.8084133786281,1875.8510679636672,0,648.2379725822326,1364.3535144138414,606.7896139066393,509.8373554363468,0,0,0,2
1670,1424,1191,3417,1972,737,1375,470,3,696,780,285,1151,780,342,1105,740,189,709,165,190,211,278,532,1052,616,615,1484,1442,1106,308,1106,1647,1598,460,2054,2801,309,918,1567,1282,2080,4160,1479,2412,2005,574,885,1013,1872,180,2355,1684,801,1930,830,934,929,218,241,313,282,605,1328,840,439,1003,1390,1512,1021,253,1316,2552,1606,1172,2892,910,1625,476,2841,1144,314.7197729136007,244.68423347021317,584.1953879139286,143.63987566506904,0,529.8695617791232,523.0668789665255,1045.9479556377726,1856.9795171596752,0,816.6987364462575,1218.4719592736117,701.7315077235535,837.1935844410314,0,0,0,2
3161,3532,13,1938,714,879,333,1290,1287,782,1879,537,1150,1418,429,676,539,116,41,157,374,966,877,259,169,684,1669,1758,372,314,1668,3396,885,3790,2840,1864,1119,1766,1866,1498,3304,958,1604,1374,464,1013,366,1330,105,1377,1113,713,1659,656,995,1075,158,931,213,217,390,908,128,993,1559,1065,49,627,681,1033,576,875,1843,1608,371,226,377,1166,2315,1689,413,305.533212104913,311.3406706007001,619.3909728449529,212.098802837293,0,910.3302656179239,453.2963001678095,994.5467914288753,2006.9270171275843,0,556.887092846788,1120.946728370723,704.0171079244278,213.18068030062793,0,0,0,2
1385,642,208,67,782,283,904,949,266,1309,1083,342,1402,690,258,552,128,176,353,370,1353,1305,681,52,436,791,1259,1728,272,2246,2831,137,1926,144,566,1963,3289,756,2674,2340,255,1551,360,992,455,707,660,858,1556,254,1355,1384,358,1044,299,403,311,379,854,762,111,1023,1128,808,444,84,390,1554,2048,595,1407,2845,1417,367,973,512,551,1539,918,409,1297,131.10292477566458,307.83568368902746,277.9677315185804,430.90090315131704,0,385.35517383317955,366.47640642131,1392.1953010504913,1226.233179065591,0,480.74570500246193,972.6511803128951,330.90675585208584,71.62888939542842,0,0,0,2
844,63,555,433,19,131,174,649,964,378,966,1222,514,597,897,798,420,558,1416,1633,931,40,410,928,336,410,1077,423,1620,4083,1588,1786,1876,78,65,1823,1859,390,2074,1286,888,1336,81,721,139,493,268,1481,983,1128,1579,501,595,853,700,695,166,1241,2007,1407,148,697,1310,199,896,362,1084,805,2739,3476,359,2803,2677,501,226,138,258,453,1183,611,444,80.88783873353152,113.16320610862775,143.30876060631985,552.282412673111,0,366.5425793819867,676.9746307059781,568.1155856464406,1723.146680937135,0,401.3413679377574,1044.3404746832819,364.0160966772456,912.1917635589919,0,0,0,2
909,244,327,366,359,665,674,363,1059,935,169,864,1413,996,58,1245,1813,1064,219,133,1475,2323,1136,1280,1196,1487,24,2627,2362,1347,3993,2291,576,1527,190,808,193,1104,367,1250,1150,496,1229,581,95,137,77,504,1236,810,762,1879,1296,150,1177,1407,1460,1219,344,2300,3943,1731,1799,1983,981,765,1865,3079,271,3056,2804,642,927,277,489,248,911,89,972,835,159,220.90631388696212,88.11702056535458,255.57048101735765,380.2608365695603,0,471.76616294516083,670.4957438796146,1215.191161375482,1926.5854291170153,0,534.6548910317373,1158.0826737060186,66.29876680816305,984.2722272103364,0,0,0,2
590,296,325,854,625,554,1418,959,305,964,1294,1405,788,454,1678,2240,2170,176,2691,2350,775,2393,1191,1951,1674,3822,1806,1783,2104,444,372,278,744,54,969,345,948,1184,22,817,585,143,493,634,132,1112,1054,16,904,1183,862,50,887,1526,1648,1331,936,3145,1702,1570,1992,1081,1432,1357,3397,1303,2308,2740,728,768,164,702,300,536,433,345,633,49,735,789,185,144.02055515909976,112.58178214157411,418.3473480706225,394.71959634534073,0,593.0975573208847,729.6327563639514,1171.2519307356908,1875.5611827975576,0,1126.6814474136859,933.0206262539591,670.8496762378571,831.8222042675596,0,0,0,2
366,527,105,175,245,110,761,692,275,1098,1498,1162,330,766,2031,1902,215,1368,982,5,1052,871,912,2451,1990,469,303,595,698,974,926,57,1041,1007,109,986,893,45,505,352,340,532,558,258,1145,1053,360,431,1116,1266,1399,1247,117,2867,2918,134,2152,1340,1121,431,2856,1910,1924,3536,1170,944,477,980,735,1182,1808,106,1823,1344,364,1204,780,142,326,252,565,102.10977495901949,118.69171330001821,177.15471888395254,323.51228371178433,0,163.4322872017644,811.263784387311,938.099262298098,1570.3061369359384,0,704.926329783418,782.7748531874383,329.581331434237,454.2393585370276,0,0,0,2
1191,667,346,952,1072,1004,797,36,1295,2350,2227,421,1451,165,489,2488,2905,1899,4799,2066,1761,1701,1331,1257,1534,3020,1042,1859,2015,31,1457,1032,114,386,101,570,1044,83,813,815,213,244,419,788,1124,756,35,766,1613,1830,431,344,260,636,2033,2008,1819,3710,1897,1063,1588,18,335,916,1679,528,1215,1483,113,1011,936,255,476,836,730,425,334,619,479,190,314,119.85836164140422,118.22180465455186,373.6502309291177,334.06365707784875,0,394.33692763929685,1001.4509506770858,1370.5079827826692,1621.9994156402117,0,903.2994913816509,1225.3326664563392,529.3162686191442,569.2105621866892,0,0,0,2
822,963,584,323,882,723,1234,1690,196,779,140,531,2251,516,4285,3573,967,2792,350,1156,787,2667,1773,1195,2634,864,1241,1194,117,280,225,73,932,1010,161,1272,1207,60,904,835,793,345,301,607,1022,1518,1339,171,722,770,2396,3034,692,5012,2552,1786,2225,389,813,1884,2929,600,2085,2297,194,1197,598,82,88,381,209,1331,1404,252,1517,1114,100,752,775,989,925,379.8728682470156,246.69403651952481,620.4459619242073,424.69822888232056,0,888.7706017302777,725.7505829766972,1703.8406441747488,1470.5369368277293,0,1493.521005683541,871.8539600837753,554.8939836808794,868.7851297146703,0,0,0,2
65,875,1211,1421,1110,216,1,606,1542,3746,817,5522,4762,1544,3794,15,1989,810,3087,1073,2232,2549,47,1768,888,397,227,404,187,1311,1220,565,1456,636,560,878,677,469,337,482,1496,1263,615,31,642,54,454,1346,2771,399,5223,3111,2548,4051,239,1414,1105,2505,165,2746,2222,865,1930,491,788,190,519,333,1577,1064,991,1609,847,233,861,1018,1067,450,991,1795,1496,309.6545580902947,194.3937020887638,540.0924692894404,562.5036460802202,0,725.5447763577381,1541.1861246447825,2316.1670071144995,2135.5511647809267,0,1538.7605211739638,1048.562308265555,425.1267962286622,1009.791951626699,0,0,0,2
915,343,454,1179,2511,2138,1022,3496,748,2620,1288,3768,204,4692,3727,1653,3244,65,1981,557,1588,1029,1037,1519,151,1470,1019,7,528,96,198,615,147,1354,1301,3,1276,1302,779,677,67,820,748,1162,1049,725,2219,1186,712,298,398,434,2312,2813,10,2314,1739,172,1090,484,237,168,156,97,543,997,340,854,1090,259,711,627,389,117,484,1233,1302,560,645,1387,1202,362.66553926530725,224.4217784197241,469.1944702602797,687.4467666358196,0,668.2624652784265,1071.9282646900963,1092.4201486696131,2269.109426190393,0,887.8235907757552,1313.4802022070703,536.6165535562217,303.51289934776224,0,0,0,2
495,362,478,1922,1758,599,890,1148,516,3372,2975,1200,4077,2007,920,1405,392,970,164,835,107,1142,771,397,1042,544,410,480,196,105,255,389,1432,1284,117,1348,1800,1272,115,613,974,1504,1150,16,1814,1705,439,199,1677,640,2755,3734,587,2047,1461,60,91,411,301,850,1198,297,721,858,362,64,105,235,620,588,573,1469,1229,142,950,1565,1864,1253,438,1468,1535,120.5131932575707,87.55841106100658,223.64348257836465,408.5602180780219,0,465.62088118983667,849.1881125676535,1457.8818947977952,1262.2070567311998,0,1060.097136789878,494.8924382064629,333.773964943088,798.9721522804282,0,0,0,2
550,916,287,1418,1014,4765,2239,2779,3396,185,1261,1200,2378,251,3323,2247,1377,2762,819,916,419,485,53,977,1088,397,1490,1014,311,854,1088,1487,1192,279,1948,2382,1087,429,1193,414,603,432,2872,1478,3996,4468,17,2978,897,1700,190,2596,2166,1394,3296,1106,1791,1710,322,828,22,293,428,848,56,721,775,199,495,1053,1294,1051,34,1436,1708,846,40,1020,1333,1023,650,216.49806427405593,284.60365620474965,344.29764883609926,551.1959707480881,0,447.5543793775232,1493.5884323121588,1220.9330173337046,2761.4385271791452,0,549.5906431370779,1632.036766724664,88.81649377201627,459.3071276526069,0,0,0,2
1377,586,134,1048,3890,1062,3581,3245,230,1761,91,1071,417,1873,1022,1404,2164,534,1121,1002,331,736,101,568,150,716,61,1483,1340,66,714,1351,1648,748,266,1178,1679,908,1277,2332,408,1271,615,3101,350,3393,3144,458,2512,517,827,258,1652,783,1380,1874,134,1452,825,855,902,158,605,138,357,467,1007,564,513,1330,1349,1039,203,1227,1671,949,580,225,2309,3097,671,253.10870639129712,73.50696014900927,449.3044296729254,284.64206866504827,0,379.5151940304894,866.5522965461784,1347.9466856038423,2055.947908773132,0,1141.296925405573,1104.2681313858345,148.69836070234496,822.2621519512277,0,0,0,2
4108,803,2181,154,3160,2039,2246,3638,455,2716,1884,362,979,19,531,691,1266,11,1257,832,427,920,120,420,271,340,723,1659,1442,211,1658,1411,745,47,523,2277,3780,979,4211,3259,2194,1858,2653,3573,1073,4279,1610,2028,1871,492,1154,667,1669,73,2254,1693,799,1722,183,1191,663,189,34,857,145,1530,1939,1003,62,641,869,1117,1151,271,2479,3572,509,3752,151,4599,562,762.2133450991046,490.82197794908274,1186.0651379967828,440.8857024878483,0,1626.4609878506155,379.4064696110336,3161.869853997441,1019.5572544027262,0,1335.6428382187635,912.7589872686403,235.3281014959935,1257.2900644856518,0,0,0,2
6183,2516,4562,4496,864,2817,560,2524,92,3170,2041,1642,3003,530,1960,1279,662,1045,195,355,969,1465,85,1336,1160,670,691,545,415,1521,1825,984,854,1003,991,2776,2898,1348,5649,2171,2521,1815,1519,1623,2240,3779,465,3124,2913,22,1066,19,295,671,977,283,1318,565,999,1134,472,17,378,386,1291,2223,853,552,920,1082,1595,398,2037,1296,1457,864,4978,182,6173,3946,2734,540.3379764167906,990.9465668621897,801.7218063946137,973.2855047069085,0,644.7540383743246,908.9611885601759,2400.000486387163,981.9043941912549,0,2384.2416195561195,1497.3799736452972,1607.6167865546904,566.2337125083388,0,0,0,2
4301,774,2887,540,3212,1141,2572,2811,322,2410,1048,915,1050,69,551,160,266,610,483,238,900,1114,837,101,680,848,514,487,515,1724,2821,453,3190,481,2889,1039,4545,1360,4181,3983,1268,3506,591,2277,1084,1664,1609,1036,2462,427,1898,1370,714,1458,235,677,535,188,991,1228,344,919,1639,897,222,318,315,681,1253,40,1491,881,631,2498,2709,2461,4854,1261,2860,2240,1197,210.03251989960836,297.20126879959435,957.583033995362,270.8564242102679,0,1872.6622613274399,1081.5951725161872,2769.382246239199,1880.6360490029265,0,1700.6164600010518,861.5696625034903,436.92504464446415,525.0166386578771,0,0,0,2
1112,1411,2200,82,2409,2002,192,1506,825,353,341,58,210,717,225,1281,1562,465,886,1157,1215,1190,235,495,938,1385,1167,520,1496,527,381,1247,3073,412,4242,3209,896,2592,437,892,295,1524,789,1249,1925,859,573,1014,604,128,363,451,353,114,731,1128,664,106,926,1502,1330,58,883,789,615,660,84,186,271,1223,3588,1024,5170,4193,1320,3164,59,1769,978,2974,786,149.5927758988316,411.61050129795206,842.9066474068786,588.144518739598,0,1552.0163215958783,534.6171669172912,1811.843904730061,494.64307081628596,0,1390.2045599385312,970.1624639930628,1114.5105688132157,961.4101598468208,0,0,0,2
2732,2936,28,1540,502,551,64,876,142,1097,804,913,1624,770,509,793,868,1235,608,820,1605,1071,82,319,699,1106,2179,2059,346,3105,2727,726,819,1404,1044,2421,3783,378,3136,2502,542,1547,7,937,190,1399,798,756,1092,17,1156,918,72,886,865,824,761,65,1224,1243,470,388,1128,1225,610,152,761,1275,933,852,1736,978,3133,3842,422,2680,1960,259,90,1395,1869,295.6300917754252,186.92619855389603,306.3757288428734,491.1298893121238,0,298.44758752585017,401.03059855527636,1770.4090092345932,1061.3560946504213,0,1750.4976177364924,756.6398053914603,802.708263739468,427.3657633911662,0,0,0,2
210,2384,1827,324,998,119,587,241,557,473,1338,250,1215,1916,1052,282,1019,1481,1448,438,731,1485,1545,951,320,147,1792,4127,2679,1646,2623,876,795,2224,2945,22,3709,2971,212,1800,534,844,75,1302,932,618,1131,79,968,1036,93,306,511,1013,1320,179,1199,1398,631,227,1074,1500,1087,140,317,716,3506,2809,1762,2261,1798,1111,3116,3569,1543,5055,2269,1666,1925,328,1165,315.2785270234191,296.93186707397774,412.1889155776337,779.5987049785899,0,885.8118380897831,1389.6208502900854,2178.996418091713,1436.9298430757594,0,1279.2465448659873,1018.1545340429428,500.71633156955386,548.434748517682,0,0,0,2
446,1584,384,1127,1067,372,1048,643,105,89,53,961,1763,550,1072,1405,1273,532,997,1668,1507,839,479,210,974,393,601,1514,3141,1276,4846,3138,1681,3303,461,791,908,2067,356,1999,2035,204,986,545,222,391,278,726,1291,637,846,1719,1308,138,948,1480,1447,347,1357,1752,1295,1492,153,2205,2033,1286,1601,3034,2671,2277,4628,1380,3106,2690,127,914,626,1312,34,1391,870,236.4575872438213,248.77416677364795,267.4825716286915,944.9749611127231,0,802.3137556467545,1494.2033301636193,602.9199638722945,2156.6118075066966,0,331.4216648616557,1777.0128044772243,142.90288783435307,1119.0669519946794,0,0,0,2
717,937,341,1060,501,259,208,487,657,1864,722,1110,1568,653,621,1222,1269,750,100,284,1400,2449,1056,1665,1653,910,186,1915,1880,1276,3563,1879,730,1674,842,53,22,294,253,284,451,257,674,270,319,322,585,930,837,115,1194,1314,602,593,1534,1635,856,566,1453,1791,979,121,561,280,273,3612,1812,2337,2985,658,955,338,1436,378,2690,2231,294,1660,742,958,1112,238.275094394765,105.04921881967522,502.48264692251024,215.79665043813222,0,707.2432855814186,458.1987169642701,1815.950273174862,586.6826574886096,0,1192.3524163793722,233.36731295380233,796.0529464726661,624.3699712012026,0,0,0,2
107,553,117,564,632,1740,1023,691,1220,738,289,160,822,1679,1216,422,1315,2081,2122,460,2971,902,2550,114,3378,1902,3106,3843,1,2296,993,746,163,1530,1280,332,1634,422,1371,1125,273,819,93,129,756,1304,164,1235,1361,452,554,1107,1295,1087,133,672,2408,3345,758,2815,1755,2260,735,2623,2061,2140,4053,750,1992,1134,570,525,1300,1708,274,1743,656,1427,1584,257,1518,205.1518553314901,319.66129380869234,587.580412809354,705.3461751135077,0,729.4733048576899,1120.817426988655,1311.4037887868208,2646.589351972371,0,1047.1467161197634,933.3746021551677,287.12203408758165,863.188562087953,0,0,0,2
485,120,715,1222,134,1425,1566,373,469,802,1108,1233,685,378,2379,2674,77,2587,1013,2163,321,3082,1772,2362,3598,507,1687,563,899,180,1649,1710,306,1636,476,1390,1402,56,843,313,9,736,1050,83,1075,1129,349,95,401,1363,1700,884,209,1669,1603,12,669,2844,716,6466,2750,4517,5190,891,3555,963,3728,490,3990,3172,1151,2859,557,1690,1226,422,655,114,64,1021,1056,310.7736938532179,229.9066644124631,759.137156655693,222.34263641266267,0,1121.069004343622,876.942013478068,3238.5040322032455,468.36397667503365,0,2541.7796417149525,776.9834550907281,950.0657915275129,397.5443235743867,0,0,0,2
141,1501,804,309,170,52,787,1010,338,763,1679,1752,431,154,94,181,2091,2162,2453,3160,645,1320,1630,202,255,1193,1773,160,1763,1476,348,1300,390,740,1190,817,97,435,771,753,284,267,625,773,432,69,666,1199,706,3,62,1630,3192,592,3549,1828,2638,28,3490,1179,3979,3981,1051,3132,652,1628,403,1824,2068,274,2030,642,1519,1560,189,1349,633,107,803,979,433,207.30398898309488,554.8393765810625,541.052245706929,722.6972157348968,0,562.5742728742579,1570.7339351711648,1066.8098525452485,2248.5378406191753,0,1008.0270278597262,1217.8373376431116,343.56324229886627,113.14213899955597,0,0,0,2
1702,1249,155,1047,760,483,604,431,69,1763,1813,237,1102,42,349,1982,2405,154,3316,3250,518,1810,415,646,128,1630,1171,450,1327,465,956,1100,10,1156,1061,747,372,58,959,1099,248,565,785,832,415,335,806,1196,1611,482,756,1410,749,593,2124,259,3220,2555,199,1749,1093,66,154,712,347,422,838,266,480,541,149,664,745,303,232,207,1048,1262,9,1044,1066,235.7204393176695,4.878295500934864,419.4168820499571,188.93474368767716,0,355.56760257368785,479.8397226391262,1555.4718835790102,592.4258074963531,0,1043.1108132705463,611.3964378257378,769.545570716391,153.21636264871097,0,0,0,2
403,200,893,1261,741,70,11,887,1950,1444,349,773,255,1075,2346,1339,2011,3474,958,1122,988,48,278,450,796,214,722,586,461,907,427,558,894,847,710,267,913,1251,906,5,1161,1423,585,186,671,899,1314,1072,231,1098,441,284,2550,1206,1985,3267,1569,1118,1276,145,106,1048,1268,13,926,727,206,643,407,26,141,105,851,1815,1148,808,1979,1343,159,701,1273,90.65176919609958,33.171068409420165,348.03982311189645,187.3774813941409,0,678.1849028841618,229.74582835293623,1258.932309441419,353.2071814889733,0,1112.1801452744655,328.1845200621767,633.8207248864829,582.7441223995912,0,0,0,2
1680,1208,10,923,1549,661,639,89,1708,986,3334,4275,870,2918,2786,66,683,693,1446,288,2086,1359,601,1049,233,1003,441,14,236,747,59,1519,1507,110,1322,1041,227,232,853,1606,1101,384,868,1520,1897,618,1478,825,1802,247,2995,1548,2712,3939,627,2152,1629,106,294,425,777,189,535,272,390,514,11,584,511,480,643,382,876,1147,607,158,1113,1532,711,573,1566,202.77141337303516,332.3685412577215,398.741684435454,502.1502785871995,0,416.1189763757476,889.8556134299484,480.8432861270635,2241.3803999442516,0,463.6986029481812,1339.4471838358243,556.7333570157873,747.1908891164572,0,0,0,2
1430,1077,524,1106,3043,1298,1510,83,1858,429,3122,3601,151,2673,2007,131,481,250,559,229,745,97,592,557,285,1033,702,362,402,298,778,1596,1024,518,1428,1528,621,612,1289,1615,1522,7,839,25,452,2104,3652,1575,4449,1432,1936,1232,1559,954,2305,3597,536,2636,1764,990,1921,135,1129,413,371,122,1391,1315,258,1703,1081,28,182,565,1355,1670,629,1262,2188,1957,632,336.52791401826204,182.87769207859776,443.59875470451925,183.54390486250455,0,869.0602467608331,330.42334385613077,2257.1893602019186,981.3545177137912,0,1765.6175356276908,604.4887817186499,689.8655017167805,501.65854831420995,0,0,0,2
452,1475,321,3020,3661,1353,3600,1684,918,706,1916,1634,1753,3688,1509,1983,1988,335,1489,446,620,304,134,144,1078,1150,159,1126,1049,224,51,320,1023,1141,138,1280,1574,1716,1073,1950,4266,488,3559,5,2837,214,3759,2549,2321,3340,823,1318,620,901,570,887,942,508,978,252,1525,1219,328,453,34,434,1122,837,388,1163,865,292,675,1445,1223,199,492,159,2799,4428,107,309.8607945261436,167.20260116237137,692.6505729311156,527.1389081458826,0,630.0043571277901,1440.2395770532312,838.416460984541,2924.4928694942746,0,1022.3236326880796,1347.2058598937876,656.1353945545443,524.2813606045123,0,0,0,2
