2731,1486,292,711,14,2830,2398,2354,3077,192,1120,917,900,897,681,1751,495,552,355,265,137,558,599,347,981,248,805,965,272,562,1052,248,819,952,88,863,818,86,615,1080,916,144,796,307,1166,1621,1888,2821,86,3192,1683,1538,1163,584,494,523,1646,1430,387,1426,685,289,280,240,481,162,621,463,655,1203,550,884,1385,995,142,1011,827,289,253,735,1166,208.24754105236616,156.7710283919111,482.43851396502953,140.87530491740893,481.5690617658074,308.79135481099223,186.7786549558902,192.64346277429942,412.2625117765451,171.7867914373759,234.4982363065357,615.7496169822189,778.7419816703587,0,0,2
969,158,719,653,62,1684,3504,317,3070,2756,978,2019,266,352,2014,1640,453,2541,1765,161,760,184,208,66,335,196,698,981,198,1345,1807,351,1034,984,326,100,96,794,1463,794,1048,1659,1165,748,513,670,250,419,1081,1371,102,2614,3235,152,1458,1111,775,1155,981,90,824,1225,598,266,595,680,649,288,405,1138,1389,363,818,1243,602,517,1156,1240,734,82,666,74.72456749686276,62.88997788185264,196.6937980999756,239.40283844925136,419.1774161974855,294.3575560527731,401.61185914428034,657.553277632182,390.8724353692983,169.43297655750652,155.91236600189188,431.92387774279473,140.81818362351135,0,0,2
1252,1287,806,1091,648,1418,358,2358,1474,2173,3683,404,1549,431,152,1254,2125,754,1163,1522,476,281,299,272,343,503,154,1169,1493,222,1323,1298,138,640,663,745,764,11,1123,1678,941,25,371,772,2521,1454,1687,1101,770,282,578,1356,865,3165,2815,130,1799,1169,35,724,192,323,158,743,428,544,1134,633,556,662,466,130,403,540,395,639,1455,1162,509,512,991,31.26482441445489,76.50306271870463,64.2563429742115,192.28109396163475,320.1335395190576,282.168961654695,739.0278974168268,320.3592492049659,468.78399305878975,403.3982173694464,117.38569064738373,192.9039356003542,117.84935970936748,0,0,2
888,690,1697,428,2527,1829,475,2376,1092,319,1632,2539,126,3002,2724,317,2017,1236,144,542,105,47,451,887,287,860,1464,424,525,547,115,5,281,902,1247,414,887,1718,1535,587,339,712,782,1053,1295,1112,922,1391,4024,2242,2029,2470,481,154,758,765,794,1830,969,864,1560,594,275,118,103,505,1010,552,750,1176,562,752,1257,532,38,574,1249,1702,1053,749,1609,72.92082513770394,88.88832987002333,92.32519056317086,177.29643295735002,295.00649675049533,190.22398442232773,680.9104355946316,619.9200718532012,676.1453210983905,240.7368472053635,327.2353628102918,370.1874740838446,92.78817222994668,0,0,2
894,1231,772,1412,251,2413,1716,917,2080,632,131,1236,1068,1209,2894,1018,1679,1828,453,365,206,89,428,798,147,536,788,261,542,768,527,112,472,1135,1578,724,800,1733,1002,17,469,897,2281,300,3247,2231,226,998,1874,2898,1004,3745,2348,835,1739,488,58,610,686,309,1281,1127,119,558,221,112,245,421,477,924,315,1025,1758,978,184,912,1379,1164,572,660,1489,84.90723132648844,92.88817537427553,163.0235275750065,299.64938967960865,325.5244854461796,421.6237502682259,749.8253715116094,471.68220794161147,496.95740843323824,177.2267803198271,346.61657054773224,370.0687146877313,107.06208144602755,0,0,2
1608,748,2325,672,58,509,1352,32,1479,1080,753,1013,206,1251,2234,816,949,1242,531,331,252,56,267,384,252,111,547,782,197,697,1324,1137,422,391,1282,1592,524,973,1571,1210,376,1657,1179,2823,3464,824,1510,1242,84,1280,2390,1165,1409,2579,1297,496,950,411,518,901,391,661,1035,304,665,505,248,148,51,567,1475,1390,515,2134,1810,94,1227,974,674,599,520,101.51573121060261,30.789090321499316,180.1989707827396,73.1235338811702,412.52826115309966,133.96199983209368,669.1956389823922,365.2306064219416,104.438057356127,305.9888293193874,78.35794866906274,227.0206214222441,176.47953486723105,0,0,2
3070,2105,1546,462,1374,1233,1760,3303,464,3001,1689,30,112,733,128,1492,1851,558,1035,1086,32,677,38,457,109,313,56,1069,1372,169,1500,1715,423,458,728,1128,1025,225,1379,1538,538,71,1983,427,2441,2316,234,1793,678,10,883,1357,100,2095,2283,733,1201,1455,296,597,382,270,101,192,131,1056,1098,589,330,1126,1120,594,96,944,1332,804,745,1442,1933,440,2834,78.94923726027261,110.73130471651764,260.4425921012302,162.0998314967525,486.50723080443527,136.2885281508618,828.597679606103,118.09823045492467,626.523738679406,136.53577238869795,49.431490850392635,304.50891929288764,29.804549865800585,0,0,2
612,521,435,2454,1024,2690,2201,60,818,165,126,1617,2079,698,1238,2081,993,388,783,57,639,767,122,126,204,247,537,1386,904,482,1138,1060,199,770,1256,1322,567,490,1153,3947,4161,1101,3475,1623,1287,517,1969,322,2994,3319,580,1660,1159,340,510,771,34,962,737,514,961,148,602,637,156,593,1147,585,845,1482,747,24,750,1289,1093,501,668,428,1957,4168,896,64.67472308832104,134.65450714278722,191.12488356037292,317.69829023643365,352.690193370896,494.99508997644216,492.7849549245043,868.9509021959774,452.0232602314648,195.34562075274698,262.74520574278387,307.66532259648636,119.17731301062997,0,0,2
2789,3141,557,1768,1680,1838,1634,3230,1110,1693,1773,744,222,55,253,497,198,449,647,272,346,728,476,487,437,141,599,1166,644,447,929,1076,504,713,1481,1759,1919,1186,3420,1035,262,1104,1217,73,1041,1381,345,1081,2299,1742,306,806,947,401,315,544,146,799,897,235,38,99,600,1168,634,319,799,933,448,369,742,1417,1575,2014,984,5004,2156,1684,2602,431,902,188.44896070128928,101.927474378942,21.584572293036075,189.66938699915008,211.49555160704938,360.60296172672366,784.762048319881,418.11729696714497,673.8368692343437,321.7381305771008,473.54054865332785,257.0662222555738,0,2,2
1862,2286,646,2603,1828,87,553,123,317,1096,1226,61,929,895,276,1218,916,20,255,165,619,1162,686,383,837,741,558,119,528,1297,1661,1036,2088,3727,766,305,187,149,1089,2526,843,1768,2098,850,60,578,632,554,1693,1497,322,1447,772,633,929,737,159,258,71,1058,1302,275,794,905,618,355,94,682,1544,1382,427,2467,2528,1590,1186,1465,1345,2657,3763,1341,3986,181.14529799819462,277.1029383268557,407.0956169144934,292.83506282222936,495.7810284036694,257.88551368562844,816.2251063754934,245.5012283031947,133.17036286011657,273.8360533599577,241.12420730514225,94.17645699349272,249.27930873909386,0,0,2
1520,573,153,1788,1016,1372,2356,1014,710,1115,391,544,675,501,104,388,669,787,386,301,618,270,155,82,584,784,727,51,832,885,241,1732,2343,1730,3044,1641,1551,2973,435,584,121,726,204,2043,1953,191,1490,1161,220,403,340,592,396,616,1224,1239,165,557,798,702,110,408,764,818,299,559,1096,1058,847,564,231,1043,1795,2589,1048,2599,3957,255,2292,1018,151,93.56298452730714,125.14469357174215,63.643878857254634,300.7943325192047,297.6159689936009,435.1314420029866,637.0904431007477,470.1365760503931,396.2613959085826,433.32040590548206,47.69744276310823,550.8776522823682,396.08303720989085,0,0,2
688,1936,1017,1262,1913,1080,41,441,565,356,114,463,899,856,43,1269,1480,131,745,609,383,303,155,539,1569,1372,665,92,369,997,3291,1126,1500,2539,1857,41,490,727,1671,2000,1023,481,1369,995,208,70,75,353,851,555,588,1566,1517,427,624,1367,1032,58,393,989,1365,580,522,1460,1168,1837,139,2814,808,156,1299,1654,68,2765,3101,567,1176,643,148,1180,1365,42.618653767032924,143.36829947932537,168.7174220634936,191.54000746478218,177.76167507367836,296.2727015535528,297.90964892347273,446.3125281153725,422.13523302082945,222.1251153464234,110.6373901967613,349.83964323572104,186.6623724961288,0,0,2
819,759,287,78,116,177,565,9,843,1247,438,823,1106,564,251,632,579,479,129,837,1160,792,330,50,1102,660,3788,986,1879,2706,1375,1054,431,0,1322,1923,667,1501,1885,640,398,391,131,32,68,36,684,720,70,1088,1390,594,559,931,586,128,734,1041,723,323,744,1200,2292,1436,1679,1367,38,926,350,1921,768,3504,2379,890,2578,1294,111,410,67,218,342,39.421168345207334,49.609692035559206,60.0044971019296,230.37289458086946,145.24851548294737,494.17219330074835,201.70912822727,670.6151536063549,400.6188549884433,450.9888054423092,103.33666761205552,373.3384717441431,211.26003824070017,0,0,2
695,195,505,641,12,737,593,509,656,440,785,1733,788,875,1639,1204,73,841,1279,1459,1543,477,2183,659,344,786,929,402,2499,2033,164,805,902,1193,1646,660,769,1218,743,44,383,334,182,363,168,649,1378,1499,326,1253,1527,976,342,573,1469,1736,990,815,1490,2814,2207,1171,1377,1802,1438,101,471,246,1028,1769,1474,335,932,2042,1608,187,963,349,331,360,232,91.1193325376189,20.538567968988104,57.94089374628388,151.16587339603936,98.70038627077405,312.4783112909472,295.8606193384539,99.48839013039554,259.1666687769244,240.01433075181026,197.74226785357487,423.5811097848718,10.449661256690279,0,0,2
31,243,240,98,623,951,521,619,1113,617,169,896,1166,474,387,1257,1671,1852,1005,3686,1513,243,1038,75,228,2138,1965,310,1255,1864,1289,830,74,878,1058,509,326,516,326,221,659,767,361,389,214,675,1269,966,150,813,1068,790,330,848,1455,1200,1060,1064,3280,2187,1954,654,2752,1050,25,171,321,817,2021,2091,838,1536,2440,1099,483,952,406,393,848,505,109,133.17938292741505,33.42742234720112,92.70346638541815,123.91970801123367,162.93867711504228,184.1563495136611,257.75833780193346,403.8922478072231,127.78925564965033,475.08001005848223,70.6321600169702,454.63684290894116,256.6085235033031,0,0,2
15,36,518,1072,799,114,984,932,183,121,559,1229,1486,747,549,1408,3559,1375,1054,1945,735,111,1247,917,1190,2322,1355,179,738,896,902,721,150,510,853,215,1095,1081,91,579,495,583,1021,949,31,1090,906,395,125,486,1071,1512,542,1095,839,1210,3077,1465,1628,2978,588,1199,162,402,989,2375,1431,481,1736,1458,435,254,400,359,58,583,757,358,301,620,768,37.57102240303893,114.41587235947091,69.7731589377959,319.4443890456339,126.9287201542661,503.63526222613893,195.7805950008981,573.3623996509103,161.5736756687695,405.65705808478145,74.90085181438008,173.23067132074206,168.94963862676744,0,0,2
615,95,357,668,777,354,429,1061,814,166,282,1089,3707,2671,2214,3227,1680,1159,910,899,1257,3340,2253,741,2603,1258,26,372,835,63,1191,1407,199,1533,1002,334,1342,849,429,455,15,1139,1357,503,439,924,816,479,653,359,82,919,4066,1799,2038,3550,1754,1070,605,336,1232,2298,1133,1105,1870,1477,760,228,487,877,769,21,766,537,143,852,1090,644,209,689,709,34.35811070574403,121.36447623659052,39.28642403569916,341.416901201647,80.02470321719413,544.1197009844113,231.09145268776044,918.5135620480273,119.67847318896293,324.18707998920996,202.13306793215983,376.01803360330706,244.88517058035583,0,0,2
568,32,420,612,472,125,494,687,1293,1960,956,3852,1643,185,597,387,787,2643,1430,1210,2147,1403,388,413,39,800,1345,955,254,859,508,108,541,1005,768,321,770,1538,895,260,995,714,572,381,469,944,1167,165,753,2548,1148,3874,2868,685,3256,1152,586,411,797,802,2721,1973,220,1266,1003,334,177,218,191,606,12,707,1119,404,882,1453,965,65,620,699,777,35.32433214237469,77.47782087854222,2.977573419424544,258.79758932455957,128.70394321853547,611.5945937755145,324.91892117368343,633.9967334813377,256.44004554458604,245.39200767801495,247.0333091672358,351.1429752908232,196.92252665463297,0,0,2
420,433,1150,899,366,16,598,1187,3569,1560,1403,3474,1220,1122,4,698,1126,2738,1532,1322,2605,1532,326,637,20,171,413,526,517,1358,952,514,1029,1202,1115,506,636,1583,1109,107,1157,1354,778,571,6,217,2702,4582,1098,312,607,1983,1776,562,1070,2003,1713,792,157,132,1182,1706,687,578,880,506,86,141,132,326,180,305,1247,1352,82,1370,1545,480,751,940,816,77.38392019849795,92.08035177543508,140.2543263174483,50.095525723413594,302.6034089778237,142.12159702618672,697.7445946150833,373.58347392151387,168.36326820854958,416.24958436741076,128.1556364929468,299.2060226844114,199.54035226509347,0,0,2
375,461,1057,361,429,3073,831,2060,2696,663,1146,79,374,1154,1882,281,2137,2292,561,947,926,153,206,6,141,405,502,78,777,1210,947,197,845,1380,922,87,811,1179,855,396,1144,2320,429,2011,169,782,504,1349,2457,936,3061,1506,138,346,196,458,1392,1529,261,1164,1192,67,701,113,413,161,178,287,1286,1507,180,1395,1526,1051,206,737,1194,1570,561,1236,2494,115.5004391295043,139.72309972590406,102.58566651302138,293.7287275769082,127.0657925053002,440.22404370048037,122.61570876987365,808.4294477983883,137.4942231732633,380.1526505055608,198.55619467922915,394.5018965812642,131.51874774126068,0,0,2
977,1364,6,520,1000,1901,773,1007,796,254,1111,1816,776,1471,2091,1266,144,621,570,270,83,348,603,190,7,330,555,854,1009,271,1094,1376,881,152,1137,1504,872,174,966,758,2371,3616,6,3077,3656,610,1875,57,816,1233,2437,945,1894,2931,1890,61,1316,948,156,365,396,237,46,285,475,556,475,40,678,1024,540,109,522,1038,918,463,1454,1544,772,1392,469,62.19103215689947,93.79823323621262,237.27123664704956,66.17814460898795,399.86606820284214,162.10383455207128,437.32271004186697,410.1453812918596,465.44909948686313,458.0086609331141,177.9846020228979,183.69261980653636,142.2695360451753,0,0,2
2759,2526,1111,779,793,169,845,1581,650,1170,2049,1248,8,1018,1000,401,135,362,254,254,787,663,293,201,245,516,959,576,146,786,884,485,433,1220,1095,126,2182,1843,83,519,179,296,941,2301,339,1694,1666,444,114,439,373,619,1643,1356,331,1252,667,421,937,617,249,613,649,760,727,341,552,1215,1139,451,369,877,1308,870,297,2184,966,585,1633,878,2127,90.80583213347194,117.09118076659428,112.69276887909339,69.26759963431817,120.82907348813033,198.26179216062144,169.49627493104418,469.81100126255234,130.8337591493796,473.2285078438976,245.46202134930843,27.40486691043048,84.65565446736747,0,0,2
3611,1806,1714,1953,241,246,1014,1356,404,2121,2225,380,1324,1238,277,148,228,620,549,96,1162,1278,594,85,316,742,997,634,19,608,1413,1146,1248,658,3591,2333,835,724,1679,1230,1137,751,880,2295,1789,108,802,1004,830,1108,828,248,1131,1076,100,826,920,137,802,1053,815,575,277,697,1223,983,250,670,789,858,880,219,2229,2531,84,435,584,822,2698,2783,573,184.8992707008882,128.93510027118967,158.24007211287653,113.00102284814983,144.2790048829004,165.86991371111304,308.57186405677066,372.6582497310367,399.8743395636313,279.3648171560287,274.83068579239216,265.712451626079,81.21569639778453,0,0,2
2325,1284,186,310,661,151,1188,1744,1203,272,1156,996,288,396,823,738,266,780,1498,1085,203,719,1193,783,374,96,508,1304,1068,1537,558,3542,1531,877,260,1885,1258,1108,893,694,2083,2370,811,804,1507,1270,820,262,252,451,687,392,270,929,674,506,1239,1101,550,35,806,1140,845,24,1037,969,622,342,780,1117,3646,1611,273,1328,1118,488,1553,1076,1172,2517,1507,68.24035056471784,105.98640075561175,14.522289431187453,101.21764763333113,163.14559831635054,180.94372129761663,232.61036008012843,339.3211317149169,331.6476631083372,217.627830963097,119.00839697782972,230.90695919867736,181.00494043053158,0,0,2
650,1658,1247,30,60,351,65,925,1063,55,851,896,17,442,751,988,919,137,1547,1838,459,683,908,600,1556,964,3338,19,1188,583,1236,1592,2000,3275,714,1674,1800,439,369,776,530,132,181,333,81,710,505,14,248,45,45,141,226,297,56,928,1340,922,207,1393,781,27,147,585,672,1614,548,2878,420,2914,2435,142,2993,1187,817,271,461,110,1208,972,478,172.22095614193074,56.53049056895705,189.79727727474113,157.4671587982149,488.8134926789562,442.5534468200001,269.861638315591,413.07670177430714,616.5366027556271,392.1572191610966,598.2049110155461,163.78048104679792,257.7070242287646,0,0,2
1449,1046,33,949,648,277,208,272,259,572,482,717,1297,820,394,1105,1141,684,61,820,1168,199,1228,388,2371,1292,1273,47,2311,1243,318,355,302,274,2074,2434,591,1439,2048,936,672,1111,803,413,35,163,234,302,131,463,877,774,113,692,1308,1726,1008,675,1435,1384,379,839,207,1218,1605,1488,512,1755,2199,952,175,401,114,1248,1859,1134,861,2066,1257,20,583,94.14362844768962,62.83184961973006,22.2292879323767,97.26940814470765,55.53454442957104,206.481302176623,281.0463017482505,470.3363924013647,231.12476384157767,374.9328816969763,156.95041453048532,142.21893753772005,112.78994644654531,0,0,2
590,748,426,84,635,950,504,308,798,873,1140,1007,119,1238,2123,1372,198,2095,1345,740,914,128,1027,579,1336,1253,367,697,1124,910,603,251,529,497,684,243,519,797,351,522,933,295,352,300,80,179,146,119,691,902,665,430,1451,1484,217,642,1655,210,1344,155,429,1546,1730,521,2007,1868,368,75,525,313,849,1353,684,668,1323,902,28,768,927,605,236,93.60656677867568,95.93415321309902,29.368881194772644,124.3210427212177,110.50291002955532,237.02864501604128,163.4985809205389,187.5732121096313,490.5654542135795,15.310283237507306,53.39548336537554,237.97091600161826,170.28340388931102,0,0,2
661,351,43,376,552,605,271,31,438,873,1299,1117,264,1206,1136,857,905,734,1275,1428,520,28,2136,2436,1026,512,1048,353,231,409,551,160,1355,1283,55,1287,1324,81,1013,878,189,373,544,575,450,40,734,1083,1213,855,142,979,1403,1326,653,1619,471,1611,1067,8,1109,2686,2007,313,784,1036,505,463,489,47,940,1400,586,689,1358,1122,355,756,837,872,335,70.62357203186387,102.61092755223638,74.64355145581888,83.54302627800182,60.193339540185015,137.89465816765014,113.22633804783237,249.2849403811623,388.5553771212668,333.8492881517786,178.35442683580942,125.1656181687901,63.177803751028364,0,0,2
1005,1401,701,506,1020,909,757,1009,585,1034,187,808,2760,535,1257,2409,1835,1340,2191,1040,921,870,87,1225,1346,679,45,585,926,676,76,568,1022,734,109,924,1224,253,896,1027,288,296,643,868,880,479,650,1110,973,346,967,2565,1471,3057,918,1604,2532,696,319,1294,291,2051,2548,474,1248,987,20,232,104,64,609,1156,524,959,1882,748,528,1023,870,240,378,100.33546038266192,70.75578447130326,117.87268799727684,63.87549779117561,412.1510417917199,166.07229067423123,586.2888731896759,304.92144365669293,408.6916968373871,168.14798590562998,284.5513906366754,269.76475127499435,69.76101793142112,0,0,2
1162,1579,662,281,1056,1286,1749,459,2122,127,683,168,652,292,671,1954,1822,264,2041,2484,837,1243,1306,92,460,171,426,449,1069,844,97,1012,1221,421,70,460,1162,757,661,1302,1609,968,183,840,1568,1805,425,1851,912,310,2159,2236,396,2053,2204,820,333,451,310,1308,1179,202,621,839,150,669,574,71,388,527,251,1309,1115,30,954,1147,264,638,782,927,890,92.83565299946272,93.10075902187589,124.04913120397872,173.34736311380772,176.75639309512968,254.91928126743284,343.9254862320107,247.86418230645256,477.4679441524769,315.91891455852556,377.905507007902,267.63466222565216,94.98080938237284,0,0,2
77,1242,1618,2150,345,2943,1404,1843,291,2226,1167,479,874,773,52,2146,3009,1352,1164,1930,775,782,1073,258,134,127,94,415,1015,409,883,880,331,125,521,735,687,210,1125,1794,1554,539,70,2248,3168,353,1366,862,468,223,1255,371,1624,2227,1359,93,1007,1200,485,198,544,485,73,435,821,627,431,56,222,869,910,316,315,914,856,302,473,1332,1460,891,1920,58.626089184155404,107.81777873142956,36.623082275635575,209.82972651068408,53.11132176852691,262.4670361843692,104.50405616490725,148.80778083991885,525.1241267309736,212.79967107477415,536.0168122560292,10.087928414012701,132.49640343941806,0,0,2
1981,557,95,631,802,213,1128,801,443,1160,1203,725,238,543,1254,1117,439,440,598,274,373,756,925,462,7,511,763,607,192,305,300,476,622,286,1209,1413,803,242,2850,2615,255,180,681,704,1318,1807,530,2136,1703,602,138,121,583,1120,1126,417,491,1167,428,909,1016,263,559,454,457,960,713,331,1206,826,22,298,358,764,1181,447,1195,418,3989,2387,273,52.74345838564407,127.21996291538034,146.58218152009226,179.6133770362016,82.51027587519025,105.69433359101617,139.7078028572353,388.9246436799986,261.8875573687726,175.31125838728744,114.50556303105834,351.45339776101827,92.16225015412297,0,0,2
2091,3040,167,1215,778,996,1651,1732,674,576,1622,1601,578,371,782,772,461,493,1034,726,134,887,1264,939,314,372,1134,1043,308,224,990,995,1209,473,1333,1278,3391,3581,51,2210,2097,351,452,779,520,2289,2047,239,559,808,842,780,466,246,952,836,213,966,1227,515,266,854,1344,853,184,963,1000,438,170,640,841,2368,1611,1736,1503,2113,2097,1,666,1198,1810,105.95443147760044,144.20084888947494,176.42892114937146,156.16985005392675,230.95452203843075,218.0427280042867,476.10241549347387,205.6529462953478,349.5905945723425,143.6230514910623,151.63899567070132,274.7243179284192,248.74013751157372,0,0,2
1221,421,1774,1810,1170,53,893,1051,802,188,74,254,409,591,182,933,1098,306,853,1401,1392,315,797,1192,1008,303,377,1068,1324,2270,90,3713,821,559,1110,1401,464,2250,2576,87,1746,1622,715,273,155,362,790,866,422,229,389,43,33,139,440,738,322,711,1620,1612,69,1374,1261,434,198,502,992,112,1135,2224,1260,2641,2540,1231,1272,1078,373,1182,1263,306,2088,88.2962052830378,157.51299022108265,39.86132153057949,276.09419496534395,109.13356781943858,339.2182023659758,203.14472328808006,465.3437216413963,293.3692852125991,342.1140936172917,431.79798685631897,31.699038236307402,126.44761832020738,0,0,2
1942,506,821,1034,774,325,254,313,325,303,256,559,467,125,564,1073,1135,895,366,1917,1793,337,1025,1209,689,1419,900,1184,958,1779,1802,833,1562,1479,475,263,408,271,1593,1327,91,1243,1133,107,613,616,8,102,53,300,284,343,264,894,947,22,812,1233,1037,166,802,795,428,607,1869,3489,515,1558,2670,1129,673,1293,1662,558,2208,1722,693,1945,1589,605,138,114.0069018987608,48.96261322481369,93.3340657855304,159.66322515246418,90.10445327507404,251.22122802237334,81.9456992830005,661.9373890479419,207.5332015014758,520.533785273202,375.2922109206095,203.60062012820174,190.7292199483024,0,0,2
340,696,734,237,256,334,105,149,234,170,1049,1585,928,345,1479,1406,769,817,348,690,1418,1419,336,2658,2926,118,847,71,226,903,1709,622,1142,1821,923,511,1240,755,156,207,664,623,110,557,395,106,355,434,605,590,516,35,1164,1857,730,218,1451,2622,226,1617,2882,2030,463,252,173,1176,2135,922,1121,1628,922,247,7,249,982,1186,644,668,1384,917,343,46.48026436253094,57.2969237078528,92.76840429303918,159.29805623558184,111.55331684894,308.32722255596246,277.47240458540284,576.9321904749851,154.7405869399121,301.3335321750127,279.3079872427624,233.9550393419938,57.86916273291379,0,0,2
1083,597,233,257,431,901,916,478,389,1163,1272,1218,642,1288,263,3796,2981,553,4090,2383,767,298,1542,50,2661,2544,9,1589,1025,279,152,524,151,1053,1453,11,1713,1725,247,869,481,212,20,221,828,1164,564,337,891,1010,1185,916,1041,1090,233,362,670,32,2699,2832,721,1202,1747,738,26,324,95,55,511,781,151,893,998,423,574,1150,1118,172,540,769,848,92.92181464323933,39.44965700569358,129.32376549372546,207.12985962439575,101.06335265564863,390.8126125499466,486.563942731414,641.3192164873949,545.744679783949,339.1165226860189,193.7860707132697,366.6319531601885,161.4969291163738,0,0,2
310,805,1368,1132,300,349,765,1152,2642,367,3043,780,17,961,1497,4,3126,2986,643,774,928,961,1139,470,334,461,268,250,58,653,736,733,69,897,1509,887,550,1277,1146,27,1116,1345,641,20,108,947,329,40,2391,889,159,1817,2264,848,2193,1328,654,463,418,838,1576,855,126,502,532,76,340,143,77,59,132,620,1095,791,468,1100,895,313,724,1425,1090,14.014040316820738,83.44096460955865,190.5007449674701,219.78657539587675,327.1781099416647,289.4214081095036,353.5297330051478,218.9110308748676,334.7570407092808,218.45652333291497,472.6381962241151,205.71719939671607,155.62148358095126,0,0,2
332,1198,1443,1505,541,2384,117,412,254,1027,466,1822,1948,1035,103,599,1259,1682,962,164,1127,864,1,616,449,0,240,324,101,819,1157,403,908,1422,565,325,857,1044,673,34,1176,1745,1690,1212,2738,44,649,494,852,940,2082,2590,354,1239,1380,591,900,769,40,747,950,424,447,614,17,375,500,522,755,882,147,974,1459,632,163,711,1403,1246,118,1865,2271,31.666517932683355,62.636615064931476,37.792807593684195,229.11694564105767,183.84091288393887,324.3189778838411,376.7897664423032,513.8537992444365,283.4279942058595,83.2379395974671,321.52368961611205,332.1170438108313,24.386161559113567,0,0,2
2591,485,2587,1729,398,267,1014,1145,1416,2773,1356,400,927,716,1027,1252,618,441,1036,658,398,974,142,499,617,352,482,714,184,956,1335,489,331,712,772,587,95,1300,1181,2488,2487,2060,3642,2562,1050,2992,228,725,836,978,734,2707,2419,487,1285,1720,959,102,770,565,107,441,857,772,61,726,1005,657,285,161,314,813,893,387,872,1384,727,224,1162,661,3905,76.10112939863055,102.36150657730205,53.352150052036194,302.475898215121,47.688867935819154,384.9141698052231,31.338984459925626,755.8298442952741,190.8808579505203,468.5221495231044,297.14224824779734,201.4418987309135,53.815679941589885,0,0,2
2331,986,3787,1853,1313,98,1097,114,2305,2472,17,1709,1752,752,79,220,365,611,83,1039,1203,274,893,835,388,593,351,458,1040,733,24,650,770,668,927,1301,2563,1036,541,66,434,947,3182,1010,2070,2662,1167,437,29,607,14,1515,2104,842,1192,1669,378,1009,1031,183,167,333,705,1238,1005,269,1510,1027,66,197,330,1031,1167,1852,257,3603,1921,637,961,963,1174,70.16797194664815,91.81192066481273,30.67824800005515,233.06111577829836,43.109932150259766,481.4389346983563,509.52813579231906,785.0220941101865,90.44457253183384,443.51764856440815,88.64070998821411,195.69429411668585,93.13042138095004,0,0,2
3638,2276,896,2031,1052,319,664,731,174,1157,1727,773,595,943,266,166,447,643,675,241,1235,1510,763,542,1054,717,351,118,252,1122,1244,1472,141,2772,2169,1225,491,1064,384,1047,1660,253,1815,2580,968,796,1401,815,310,255,113,98,562,645,167,1076,751,373,1195,953,405,80,613,1380,1167,122,1130,1154,532,158,1437,273,3213,2428,682,1221,1496,526,1646,1658,444,111.13355938571168,121.07771065071131,83.34944723431477,63.5595304459523,169.06428141390484,82.31905834092034,171.70562056401573,652.5445271108692,185.4630703162588,501.3601966722858,157.96145443002752,61.737266619483115,67.2828797072701,0,0,2
2034,1881,42,1403,1240,309,181,518,130,741,900,110,518,1000,423,276,765,1267,1205,213,1191,1822,998,307,950,662,752,224,551,1349,1823,2564,1460,503,2354,1116,131,358,209,1163,2051,1293,441,1433,1096,353,151,410,422,414,21,271,395,319,224,1030,1190,708,244,1647,1803,359,846,1391,857,315,118,1290,617,4486,1789,1616,3194,1830,762,566,1723,46,2567,2596,570,84.50041689466633,58.031983788232196,140.23605935702707,129.76848010216412,381.9855960962403,175.42546950130267,484.17094596639674,274.30539121684023,610.7272328326641,400.5246848991432,381.4899988816691,138.8003120751851,90.05607665396856,0,0,2
2485,1697,133,696,352,195,232,269,80,457,348,597,875,499,291,165,698,1542,1155,588,1588,1242,76,826,815,495,178,1473,29,1465,2769,1749,1349,1130,180,317,1149,663,1445,2397,1423,309,1383,1433,483,456,468,86,150,39,24,534,689,248,955,1297,1142,255,1154,1530,954,270,1311,1365,277,1514,2269,1540,2998,1787,137,875,584,73,1932,1962,344,2285,1862,40,1003,121.9760417596111,55.29383897633338,96.23453300873538,49.175682818087566,382.39675730842697,305.320289548482,600.6967235367613,123.73845443974383,557.0523489374054,265.58736770617764,59.46885639958333,167.18177025899803,111.738209101578,0,0,2
726,393,423,640,126,391,384,160,435,293,486,1305,1679,395,1204,1414,983,211,511,1175,1735,2692,396,3621,2239,306,433,999,742,2893,3741,27,2624,1449,326,458,1670,420,1809,2165,159,1363,576,810,667,1,39,617,552,425,1412,1404,294,887,832,700,492,507,1664,1502,1916,161,3980,2405,478,816,141,532,2379,1832,341,1608,1418,678,268,226,1065,1528,739,671,1135,162.87955862323113,71.84299337489024,145.76272165051526,209.40744124287636,420.3645590436949,420.06959450982043,771.22046706115,675.3702594992347,39.68422349029183,197.26308606451204,128.61129499493268,202.36813326578078,58.6099913818166,0,0,2
549,529,819,210,484,480,390,723,1114,644,591,1369,1213,371,632,973,1170,651,879,4149,3841,1464,2656,533,1024,666,2700,249,3375,2523,82,1047,317,439,1174,1457,419,1293,1531,275,877,574,429,917,426,45,257,620,293,1182,1765,405,700,906,705,453,153,1152,3418,2149,1789,2311,1608,390,785,828,1886,2793,1407,133,794,719,1083,1426,1039,510,1620,1321,12,937,592,19.61395262126248,118.3685914478855,230.16478194328548,107.50946673217,312.3679320929087,465.12793736313915,743.1545220575094,591.7335679198661,367.57931342999314,184.8441073612224,156.2368408064983,388.24446272764305,186.17637689413007,0,0,2
166,682,441,342,209,36,577,1266,1021,10,876,798,429,387,357,1316,3206,1237,3146,2250,525,586,264,1110,1661,3122,831,1625,1837,365,23,728,920,383,1853,1356,239,1329,516,915,1238,321,327,133,101,720,1462,464,958,1045,455,56,143,575,1506,2590,171,3757,2645,590,150,34,982,2686,1812,643,1704,1201,312,407,339,363,1461,1602,450,882,998,79,860,935,244,70.0549408834794,64.47934354575509,140.75736701886623,100.24752195243433,323.86994013801285,275.49537711139976,719.7764200203349,596.3053128993381,370.7588784185104,61.19513864885684,111.06184991888925,291.1561358369856,130.30474159316415,0,0,2
145,577,995,916,479,551,1180,815,272,206,398,837,1110,1491,1041,4839,3003,1201,2483,67,113,3238,2024,2060,3568,1475,1248,1239,109,22,1244,1432,68,1447,1348,54,1041,931,57,918,948,796,743,138,908,1628,1041,208,1012,787,658,774,726,2584,4554,943,1026,942,514,1231,2873,1141,2184,2796,909,624,593,170,346,1035,979,140,1058,984,69,855,696,187,634,761,737,123.03913453914079,51.35027948175815,229.83023357096988,133.85255315106423,495.32219627733224,359.09491912974136,719.9073360004202,742.2214325214381,517.9984200594853,175.50906070008952,67.47638145258927,160.86155722539996,163.02760644488959,0,0,2
633,3,1277,1255,20,779,650,204,251,285,810,887,3364,1569,1406,2892,1177,289,1138,674,1682,2524,755,1986,2048,325,683,326,51,352,664,504,423,1054,657,672,1188,717,65,578,869,1337,848,356,1350,1255,208,490,878,1159,2767,1504,2226,2377,1167,199,588,507,1586,2859,1615,473,1763,1654,1058,507,187,966,1076,560,169,141,402,497,35,541,1075,671,251,1127,1459,128.98607838132097,54.587592011882116,175.39222370898736,112.38247966139257,292.88087702169975,117.94502702973223,693.0460971206312,381.3866684787693,442.9617625218156,165.79443888725737,26.874589562755713,143.7986052317926,145.03638654640991,0,0,2
886,153,1313,1293,429,194,939,1346,1949,187,2436,1291,493,870,1712,580,2866,3192,327,1532,1223,770,1054,920,28,1088,1392,535,43,150,186,230,82,384,728,708,9,1058,1705,709,809,1481,1001,63,500,839,1354,1044,1605,2035,1008,214,2025,2031,82,2662,2577,624,1190,1492,941,666,528,11,999,1441,731,211,337,47,31,33,202,674,454,375,1308,1536,316,1232,1212,25.397877275581152,96.21364444591572,205.26615058923508,49.36254272140627,446.86851323963293,206.72497557428983,451.4509364312087,449.9078990100295,330.7790789083757,272.97055597970245,390.4478765591849,280.6079329173112,213.91670074695304,0,0,2
326,191,668,1190,809,84,834,23,1364,3635,997,2811,3852,506,1854,424,1324,1361,3186,1166,2580,3130,987,1167,1423,210,451,154,335,9,539,237,867,1270,810,180,814,808,688,188,785,1420,886,586,1556,1271,715,2752,2700,2292,4503,1618,2314,1709,439,1177,2782,1592,1426,3081,1561,338,770,589,582,459,111,324,529,11,551,827,553,671,448,757,1589,1313,40,1020,1476,100.69276413361017,31.193014094796833,247.55991894753507,86.69551025171171,518.2495664494086,297.9208518674269,1034.6136389360838,385.8626341534103,639.0997585620221,497.59884662341784,187.44225438126534,55.59061255635227,166.39870402929068,0,0,2
818,11,619,1330,1433,2832,1510,2503,2475,1058,820,1120,754,19,2324,2159,461,2798,2300,379,1271,1100,18,123,349,304,531,718,1,871,1004,566,146,81,600,1352,810,342,1308,1701,807,557,1345,1589,1243,927,1243,449,695,1360,600,1044,1963,794,115,519,316,1216,2637,1452,851,1846,830,589,870,100,117,358,186,406,1225,1132,151,785,883,479,176,348,1226,1188,162,63.673680618897436,44.09654919353387,72.40294208757845,43.06779186407696,230.73423293911117,111.82381901398577,504.7420768399582,473.7605766590259,502.9124882083997,411.6013579840714,222.73946369072692,281.683837022415,185.663377368513,0,0,2
1412,580,1795,3254,12,3464,3696,497,2497,446,1537,882,2379,495,2700,3308,1131,1037,1639,812,260,529,155,8,283,344,513,480,29,469,739,691,127,442,613,584,95,957,1223,819,118,260,1888,3761,405,2235,2439,76,1415,672,1087,1227,2549,1302,1119,2140,1625,254,402,419,348,261,331,907,539,406,1180,761,337,250,186,481,1255,863,443,1116,995,296,314,782,1146,77.32961726204614,83.17164891079882,246.17989449428848,116.23045427802316,430.20154361066625,88.6649270982092,809.1086458367448,134.79394963950995,762.4653493127961,245.34996467672113,633.5559545939072,21.674041229420354,128.34051794881157,0,0,2
3469,2996,2331,4104,1351,2432,1853,1401,259,2390,1773,1338,3221,1597,484,845,548,455,609,173,622,964,35,1237,1356,34,519,14,42,815,1052,430,924,1382,458,543,716,879,1422,3292,1325,3838,3060,205,1696,1202,224,1128,1936,21,1945,2171,976,16,165,501,1221,1150,33,1162,1062,308,1188,940,78,237,402,943,1105,361,536,640,697,611,273,768,1258,699,1953,1574,3351,116.4566886735642,36.78399943043194,245.77556734304167,73.26542838506631,377.7100152564134,308.8523877225524,886.042803006779,664.9284222509186,442.6356536377084,440.85358893934495,256.52538145036993,328.93228138531276,210.31943582724807,0,0,2
4729,324,3941,2009,1444,87,2350,599,2620,3072,650,1024,781,61,264,812,431,642,948,60,1292,1387,39,902,790,334,296,310,326,987,864,247,997,1269,726,741,1218,2015,5321,2578,1600,2954,487,168,2334,985,2047,3104,1556,475,614,100,576,1315,1207,99,1414,956,673,1287,777,255,451,549,1005,862,39,1042,1013,146,517,574,588,829,760,1210,1810,5339,1904,2252,2677,379.6931643494206,289.57844279292794,594.4710797855031,261.222837506206,734.2708602756888,135.87191505058462,1021.3398642470256,250.90375895457976,272.3316114294174,283.640457422784,95.88404634263414,351.08471233712305,119.58906592258062,0,0,2
631,496,2232,303,2685,2972,955,881,816,865,1039,945,330,485,1068,886,217,1047,734,264,777,699,543,367,253,771,615,81,842,1022,306,10,339,966,1326,1500,1272,3408,6286,1420,3625,3467,406,654,1951,447,2530,3044,1425,967,1344,379,21,648,608,355,1341,1054,316,1311,1264,240,248,742,569,384,183,624,1309,904,376,1044,817,1036,1288,780,3273,3778,1220,938,767,258.7944333232586,127.66216604634086,348.4126989933391,146.14521342304656,405.95147801184316,319.5324047860114,513.0136697456858,879.8932510295101,371.5027592801165,605.0414268287253,410.1704716876685,278.6274496159742,421.5227626513821,0,0,2
141,2185,3337,499,3461,1967,29,47,890,155,751,1007,367,607,859,369,521,834,614,257,118,628,869,417,500,998,79,997,1090,700,19,138,91,1054,1400,1235,1096,2470,1855,1725,2802,1432,3648,267,1951,1384,195,25,540,557,230,737,435,205,705,577,64,292,662,845,588,373,916,732,200,1284,1266,26,776,592,689,1055,784,253,1439,472,1141,1657,946,1878,3711,131.63276400555378,75.03474812518407,363.94275439289174,24.603797019955365,680.8838098383601,52.67882103918902,867.9794560294321,135.71538252545733,543.2452896392296,201.5822953332545,461.42454615695016,160.76930891513973,85.7218553256825,0,0,2
1517,3079,2730,342,596,688,558,1471,2197,812,1082,1490,552,161,232,173,887,1518,463,1423,1819,441,875,880,512,558,125,1129,2059,1832,400,816,772,300,2910,3894,891,3371,2218,195,271,1521,598,3428,3058,328,1492,1060,506,135,195,13,864,1306,647,576,1207,1132,294,301,776,897,37,1030,1650,798,532,971,732,874,995,219,988,408,3339,731,2071,2943,1700,745,212,107.47971611802926,290.42272569656984,278.3362352974711,347.95003566833975,302.3080486027456,412.3234488329976,710.5443466944582,346.28619803730936,225.88131049976838,440.88518204119384,299.0563829503928,325.5436949127889,161.72697434633974,0,0,2
1063,1209,3240,1825,1361,2583,1337,245,756,563,470,388,213,468,1161,1170,421,758,1208,553,78,655,1229,756,290,980,1535,1134,370,176,490,1144,3603,1117,2109,2966,489,717,1674,1440,1797,3738,1616,1569,1751,304,938,463,217,34,603,457,500,1186,758,393,637,496,310,387,779,946,311,882,1396,1193,324,461,850,508,559,2682,175,2620,3198,298,2409,585,370,1319,2085,83.16787845544111,169.29551212085144,330.56783853364414,201.8706128804856,433.5905103032123,245.6355912855049,532.3855943444885,667.2176279111202,138.47547777540305,710.6475705400303,424.3868256213481,207.71934306117407,278.09958728204504,0,0,2
101,2764,2488,81,1631,1378,303,496,548,354,529,690,304,701,1161,513,426,848,770,503,279,1373,1775,1106,209,1234,1704,489,1240,961,413,1347,2317,260,2181,1312,51,690,1593,304,2011,2165,505,1469,1343,105,750,683,300,527,502,67,867,1012,292,384,573,446,424,295,1208,1383,819,516,1477,2608,243,3688,1290,580,763,155,472,2294,3126,883,1049,1296,867,833,632,18.123910750941388,149.29359883230788,200.8595219535826,227.0837648580594,183.82200119952998,360.30304195531954,173.93427984169944,832.5870476177421,283.20233949984333,490.65885528619395,238.04402663901607,245.56069178884434,66.79841825881654,0,0,2
91,562,979,530,474,1040,309,493,537,234,244,291,173,454,990,359,610,1311,1000,134,123,739,1958,2399,1366,3996,726,790,623,106,846,2524,1348,112,467,955,1193,1115,239,601,1084,653,343,1033,695,134,693,660,319,441,302,364,698,462,352,718,541,530,113,501,1477,1805,403,2550,1420,1950,919,235,1234,428,2428,53,2181,1311,87,172,615,720,127,1162,957,104.44429002466339,54.654482168915244,171.7151504303883,229.4521797118183,307.672579619959,336.60879021980645,705.8611790172281,216.24969963624804,330.9937169439698,177.2399526836606,400.3471593847703,168.49456866904228,153.06354266080993,0,0,2
347,1325,860,553,869,551,363,84,464,596,557,150,447,597,697,605,181,1074,1732,1625,1674,967,4505,2087,719,1639,1064,1051,2362,1166,1124,1896,1604,973,378,306,769,1187,970,221,1247,1107,134,1022,1106,513,7,604,761,563,250,509,820,722,439,464,716,1157,1416,2673,818,3696,3061,566,3325,1901,788,509,1913,54,2532,2692,290,1408,1154,198,110,254,49,742,906,85.85214484742946,108.11274769027112,112.0660248573893,332.60430424590805,175.20194241217763,496.90945040976976,262.26469806228573,738.404948125743,285.43661331288104,414.7315596002989,234.74435820910276,339.7265353628199,54.89126281282796,0,0,2
190,1300,1429,203,884,732,64,194,38,238,681,425,485,1228,925,690,639,875,1713,4273,1122,2047,2063,857,540,1000,671,2639,2054,223,909,898,564,727,729,133,809,1049,187,1133,1235,579,451,1007,1172,505,195,770,1006,173,808,1092,913,571,881,1945,4201,925,1528,85,1815,1063,4514,1159,3572,3699,739,1151,194,460,525,1491,1074,261,1051,670,440,675,376,67,11,72.46065534409318,204.15326919852362,200.25688578734542,319.0202421499408,491.3886954336658,524.5848907210726,675.919992793441,569.0443241873035,534.1948639438436,265.74247155445846,69.7275277196292,309.17088510486155,30.291417423446447,0,0,2
394,1144,1114,199,1140,700,275,1018,776,67,143,77,878,1924,206,2617,312,649,359,2247,1203,2837,3445,863,1225,1080,50,772,237,720,1019,409,385,396,80,127,202,498,1183,865,509,1229,950,88,788,731,286,218,637,901,54,876,1789,942,2788,2780,38,2484,578,366,915,1255,542,3047,2498,16,1765,1623,601,228,337,282,174,51,290,826,861,361,384,1299,1520,63.34927143935451,58.052635009158045,149.127431536829,269.4482071406051,405.4994200215441,526.857673240262,568.8280917320428,518.9092050360717,301.34268704903263,321.408186718293,240.76825800316948,123.22688799140758,1,0,2
630,271,1217,1785,737,1128,1800,2373,222,2181,395,59,571,1458,847,1568,1801,803,592,243,769,1928,1813,675,600,1078,852,106,468,220,111,87,97,383,740,932,502,907,1812,1319,36,923,1343,1071,13,481,2876,3588,261,1811,920,170,1066,2649,166,2739,2437,475,389,89,326,1324,1656,543,1133,1415,422,733,623,157,613,405,166,575,1250,697,1079,1870,1046,83,891,10.162598302529323,154.93723713934028,77.37991769449259,287.5727386774054,147.21363090760312,389.16478411761955,257.6576944215558,702.4029123618162,147.24439494650494,111.06949785587565,129.85566868130854,380.42363513967246,28.352720309030822,0,0,2
954,1240,755,905,1283,4692,1898,1953,3022,1188,487,639,1045,438,2091,1908,66,1334,1495,940,712,215,850,1096,268,929,865,278,673,511,343,903,950,346,938,1393,813,233,282,790,1465,288,2184,841,863,1204,574,1035,1844,725,334,217,562,1152,1217,364,463,636,818,1030,445,879,1195,229,859,487,159,285,322,632,838,481,397,1101,1194,546,62,654,1281,978,63,25.37870890268931,153.6222047736514,13.372484363480275,249.46435076840268,90.80169670771578,423.87162973964814,367.0909990265504,324.192053223179,335.6378726723706,364.94597450127037,334.9223465695941,193.32162552264094,205.05071391527665,0,0,2
1773,757,4068,2662,1430,3961,2578,1230,663,1308,449,1713,2074,291,1986,1485,153,360,622,886,572,37,754,781,253,1330,868,69,421,407,522,986,482,694,1054,777,43,596,1836,137,2839,650,733,674,2511,827,3551,3144,327,1611,692,256,613,1109,218,1085,1635,1231,264,897,1100,522,292,606,682,283,338,858,1154,695,237,929,1187,879,373,364,1059,1160,714,2869,2210,96.8520175432859,192.46873365431347,119.93167530274224,425.76078801883,281.82301183544257,630.1377006816667,446.3077453398779,864.3914526923371,314.46629467041197,549.1035208700655,249.25781341774677,119.0788611788921,78.69619427810488,0,0,2
3389,4467,1148,2839,2537,159,633,2271,1023,1788,2807,925,942,860,273,761,1274,369,1020,1478,212,1185,1224,133,695,1060,1181,915,306,677,1187,945,93,587,575,838,1789,2306,1404,394,2303,2611,640,4035,1580,1644,1502,181,210,880,1027,307,1528,1316,349,399,715,488,351,260,40,822,717,567,1632,960,541,907,857,737,230,18,953,1421,46,2188,4,2995,86,3048,1915,278.08450859255527,132.73338642073892,292.15286588502585,223.59027236244083,376.591351799268,396.8222071005596,248.94847359590037,996.7857969912674,322.5569953007611,545.6264625719394,167.37431070459502,531.4626064818799,293.80026708363556,0,0,2
2335,3789,198,1563,935,187,347,920,168,1147,1388,688,124,495,636,546,432,111,830,858,263,976,974,334,548,1115,1270,829,196,1094,1082,276,339,661,985,585,2852,1486,1674,3952,2071,1656,435,1304,484,2191,1181,1727,2671,1009,564,479,93,189,384,494,108,803,688,429,1311,926,112,620,826,1127,710,406,1424,1364,36,752,699,1093,622,2359,1263,1547,3402,1889,1036,119.3206299595677,149.2650457368483,304.0064963902804,65.20288786825616,518.566102343761,182.39890766821622,726.2539121043393,503.5372316211674,288.706440827102,364.91296485088776,108.86067386869668,414.79318947509694,175.90084887166802,0,0,2
407,403,827,1857,707,1546,2079,460,1060,827,229,145,435,307,330,732,436,615,1006,740,82,883,1185,1325,395,984,1472,1075,48,807,2330,849,2102,560,873,832,1486,3007,208,2673,1651,45,307,130,466,1062,955,157,717,943,241,491,100,243,63,373,93,794,776,576,1721,1258,195,954,1176,825,315,787,1691,2314,539,3551,1233,31,271,866,881,2305,3047,777,1250,22.649804418765314,74.37044040473323,221.98806525204182,69.51442699679052,326.8560940995288,163.72651082995918,423.3132844115926,734.1600310072695,419.832645738856,362.870385104939,443.1933953225936,256.4008714535984,51.86077008457584,0,0,2
1538,547,261,285,132,989,1051,123,910,961,109,464,188,260,427,766,459,1629,1216,125,697,1043,1109,648,208,2352,329,2448,34,400,1281,2283,858,2493,2018,219,349,845,893,942,2133,937,959,1766,1060,40,730,792,515,80,277,293,286,44,657,938,583,426,48,752,1766,1873,60,1405,2467,694,2447,1189,394,1205,1451,388,1846,2489,834,279,53,319,833,1313,677,85.59496909311761,93.6730565577679,83.66658843006145,222.68159706555502,327.0628227114785,468.85030193519134,481.1153404058464,507.96056053690575,187.65858433672278,366.0562573349948,173.04940697204938,207.23743803925373,47.10494884330378,0,0,2
719,1625,1081,47,979,896,483,230,349,761,717,188,994,1259,173,320,53,287,1338,1645,2029,2331,1681,568,1606,1012,1917,3266,257,2589,1411,45,133,718,570,493,1348,1035,169,978,799,63,322,529,719,655,193,942,877,22,966,713,76,50,267,511,1319,1501,174,1347,346,767,1610,893,956,3198,1956,1624,1655,399,542,906,506,839,1161,513,178,369,351,315,143,89.78053060163154,108.38503793915264,270.57219578764864,184.04985633849728,537.8711654522857,190.55670023428124,778.7624574801907,246.35415520872363,435.09387118374434,127.20545530777004,144.89999927878156,252.93423459410064,225.2282049823482,0,0,2
366,1088,1023,78,1106,1020,234,684,1019,462,251,632,599,790,960,399,473,3373,3577,898,2790,935,1382,291,2538,890,4480,2924,862,2769,1265,272,93,429,287,477,884,154,937,973,336,397,932,1057,331,411,679,608,5,829,1190,830,49,361,961,1487,1096,2231,3379,501,1372,247,1534,199,3593,2042,1639,2845,1619,50,268,84,138,897,791,211,847,800,340,207,69,70.59043132209503,96.54072241689566,238.35481172140072,59.12725049680702,544.5697642405424,75.65540981943714,896.288508879747,244.33910368284197,977.8852193038988,75.21655319622725,188.69230310198904,277.36252294148375,134.9272814213194,0,0,2
