385,93,191,355,397,159,396,941,961,100,1329,1484,30,1297,1334,573,115,2688,1066,857,252,3002,1895,1807,1964,282,402,1000,24,2590,1800,1286,2151,246,471,168,627,1789,392,2098,1075,957,712,230,15,227,674,1074,289,1082,822,357,455,1318,1068,93,1334,1776,637,956,1678,1829,880,27,2766,2920,3358,1887,2143,98,775,1471,3185,739,1910,1218,16,1294,2296,868,1477,249.46013277802933,72.16787660533545,596.8349696058962,135.49575096155704,810.5076819500232,383.0602471400993,535.4124804946616,245.99814099809635,239.5497183336969,150.530529871805,163.97759473509157,280.1829963825966,388.74715127945854,0,0,2
2003,889,368,106,62,554,909,785,459,207,972,912,642,550,236,1671,1706,1436,1023,596,385,1125,3330,383,4969,2357,4234,729,2229,1056,666,53,2404,1913,1142,2945,1444,197,335,61,335,1160,912,76,840,883,42,467,384,212,271,325,612,1725,1122,460,1123,823,979,1023,379,579,1714,245,169,3058,216,1828,1198,132,6,2645,1764,2138,3052,779,549,493,579,1088,2087,158.37491110842078,178.97918535286007,425.2977549196412,248.34018571491393,688.4724486135956,547.694162953412,725.631958605441,583.9245193681277,415.5889519921967,371.524356423157,27.929324417091284,119.91080964030121,304.0776454769338,0,0,2
914,562,751,378,80,440,90,696,956,14,1447,1639,306,542,455,811,1283,881,278,1433,1316,1166,646,147,1705,1653,2427,663,102,263,54,1134,2501,1592,137,1592,1485,860,558,397,11,1121,1288,478,513,855,533,112,249,598,628,442,225,1296,1448,298,574,631,688,870,709,78,914,943,2765,1494,2198,545,405,819,2089,2399,228,2090,1295,302,989,1768,473,1586,1949,40.77443495968327,138.49135062654827,169.7888406223044,292.3829646316207,243.4890000082139,431.7508642560469,111.58790839451208,565.5227321868397,173.9122405529568,142.22244412979953,112.77670490979636,91.62839206582197,186.89030258446903,0,0,2
379,401,379,672,767,1749,1003,458,1156,947,353,111,18,614,1651,1669,349,657,663,478,1177,1694,1738,2006,2368,3080,603,3106,1751,132,953,82,4,1983,2710,573,1451,981,3,351,1455,1167,644,1621,1061,7,480,489,506,773,11,1004,1100,539,344,670,365,670,1471,1302,155,890,1038,570,1860,4163,1347,2668,300,57,1651,2532,532,3284,1781,320,348,1592,162,1921,1953,158.46737655057143,36.40772908170893,448.840916529485,271.80217925688584,643.6414228823376,533.0201725499719,867.8913814148417,348.4675999316705,134.61047316125038,63.13415077733191,148.5224622068697,216.53569254765867,83.18337186757014,0,0,2
520,250,38,325,567,490,349,1027,334,760,1137,673,87,68,24,485,1247,732,154,149,768,1503,906,1457,199,2659,355,1051,2475,933,661,1750,1506,1020,1245,288,553,1071,1430,1311,782,368,1034,1113,332,646,850,411,309,875,601,363,65,63,357,644,679,374,316,1061,1278,1049,623,121,2893,2141,838,877,465,799,2123,2047,170,694,152,333,990,2167,1422,388,842,118.42640150633895,116.33820160690169,191.75202875603858,53.74083317734633,339.64343435432403,89.64538797727181,358.56573136671705,249.13615011947087,157.79346064902674,164.7030386881255,134.68063544395062,140.6422091472889,163.19251295709591,0,0,2
283,549,866,368,926,1472,365,453,433,379,358,209,116,564,703,559,454,34,777,1333,1769,1091,72,1660,329,704,3788,40,1881,170,747,1600,1675,326,830,415,329,837,1574,1109,359,1073,1081,382,273,187,461,1131,492,384,566,132,112,351,61,825,1273,1051,589,504,1294,1373,1341,1331,1993,979,3732,567,39,970,1272,122,1840,1264,228,529,1806,1467,622,1791,1205,213.4297405966663,153.91152677510004,307.7498834906001,59.784274359085316,450.2582106414052,18.09077876167765,523.1867717135917,279.8531638949532,174.11625460531718,88.66613132047156,192.1750707846472,137.33150007031804,279.50157586177585,0,0,2
673,695,387,716,1118,603,265,427,599,383,84,151,447,813,1228,1080,283,1306,1525,1388,1053,238,277,2357,2965,482,33,501,784,1527,1753,518,678,30,418,712,1833,1256,19,805,911,439,446,166,412,485,128,229,515,434,457,302,575,1172,1068,355,694,1120,1304,872,62,1153,1829,2842,332,2445,189,405,1058,839,719,1445,371,336,2100,2073,152,1192,601,43,654,137.32154595415344,104.14366294800527,204.99928248111257,195.57322420346793,298.2267698413407,403.3994089402561,305.5489589305868,260.99532616911705,46.76585724215928,182.38604733882522,90.28648562027908,148.73910777851353,219.44643668513402,0,0,2
1050,70,1154,668,144,631,306,286,357,37,711,772,360,155,1100,1216,612,183,954,1051,1179,1141,457,1478,1379,1183,1166,1736,671,958,544,1719,1851,512,346,12,499,1559,1886,1005,419,1143,975,477,441,211,383,1109,748,50,479,516,915,707,305,632,1281,1406,1159,584,800,1325,1117,889,2089,254,2344,70,594,704,2179,1618,1138,1601,30,691,2740,2694,528,2540,1033,124.51652074388079,81.12440294126561,196.6457359948153,205.6897928632579,323.2320422312739,334.12930906197647,414.2077087393261,422.20466989076135,354.2052857550586,44.73407063916166,101.92185596208773,184.50867739503445,154.79378146959846,0,0,2
194,537,1196,47,1503,1261,379,868,345,100,582,601,484,1589,1566,279,952,846,709,1124,1336,164,1227,2171,567,1237,4212,1636,2744,1389,286,134,1911,1889,947,2757,1552,192,52,420,266,1407,1316,14,1013,652,246,426,52,714,1146,425,635,1174,867,421,270,779,1087,1309,1097,147,91,1712,2311,161,228,430,443,455,2126,1967,620,293,83,618,1736,1637,472,361,487,192.97348270444436,130.3032437452596,228.96196794566796,323.09861931685236,184.50954243615695,705.2845158472765,562.2693082076164,346.06553508063695,68.74069811523802,264.653103271794,50.251557105534644,51.5411810990116,83.41211550369512,0,0,2
679,668,298,104,692,684,155,731,928,621,229,661,839,656,234,1032,761,656,598,462,136,1052,1485,97,1147,369,2577,828,1470,1830,71,903,1326,1114,1430,1297,231,1511,1402,505,71,108,307,728,960,267,1207,1303,24,868,754,88,386,347,583,679,306,485,683,762,726,328,1,495,1368,1757,606,538,275,1737,1196,1256,741,728,866,2066,1655,225,329,141,440,60.50533943794245,178.7500500375353,105.27254272719213,176.09716895901659,34.57062517513966,139.1463096448091,191.93223740484476,179.305706677961,64.8550047763827,123.25299607979494,174.33973677252743,193.61338395264337,218.95152239032848,0,0,2
1181,1484,862,177,699,925,1054,723,179,847,1274,995,45,291,138,762,1379,865,31,542,556,1001,1595,1679,949,937,1806,2204,1910,1292,3438,629,1218,1614,492,222,1174,1386,473,802,1222,888,350,298,123,929,1131,212,834,739,58,96,217,369,446,233,47,482,850,646,531,36,908,1558,1600,663,898,1292,2921,696,2712,449,166,1792,2892,1064,2277,898,1352,128,3071,135.5959523276716,399.2964923542512,36.67840896022934,410.86634726582224,232.34011303474915,423.6142812452967,336.23057977472354,478.78444789385253,231.66990530695276,207.99099412685678,194.68604457800808,157.48916284651148,46.88784213599807,0,0,2
2601,858,2464,792,387,335,589,462,1571,892,904,1062,260,687,258,395,705,1351,745,634,1041,1081,1283,797,226,1411,2050,2134,544,1259,271,1624,688,347,1066,304,706,559,622,845,1370,708,488,1261,965,542,82,703,773,431,199,590,267,85,42,254,375,755,500,707,1351,569,382,976,756,375,216,697,1372,1326,2045,620,3285,364,140,588,764,112,2104,1962,666,120.3804345920536,116.00201108467213,209.68988909612585,258.42535411972216,378.792414291786,425.92507267377664,512.0790346853579,33.12365110007536,203.2320899626767,84.6126209311272,121.41435163672948,47.64311377302286,208.35293705316818,0,0,2
483,518,281,1749,1989,440,742,591,598,784,503,34,528,808,868,517,283,1058,695,468,293,659,1602,1576,970,182,559,674,1401,2631,592,1779,2053,90,2302,1086,191,87,653,671,1245,2389,1563,74,973,860,836,872,741,270,1108,1081,333,64,45,559,1000,694,290,1265,1509,764,28,311,635,1401,1738,718,518,1023,598,3340,2208,3429,560,2175,513,2130,3470,45,2359,270.48936675744847,260.86341386407,361.2343686299555,387.3213684660873,282.05434427606326,484.88261506485634,378.5894100574974,303.78975622826954,393.47684124469345,375.14633671240387,362.0932240738458,170.2553222694348,214.64199699084722,0,0,2
412,621,1488,3093,758,1968,1709,5,284,630,609,465,1234,173,1252,1118,521,1376,727,101,333,119,1044,1501,284,721,830,496,862,855,211,1852,1766,240,890,172,57,544,2074,1800,874,678,1351,1114,1136,998,702,219,1096,1211,582,76,60,499,1026,1208,336,754,995,876,557,370,520,704,1114,992,101,786,1168,866,1122,1126,3145,1222,4814,2858,572,182,2125,997,2523,290.9203644476726,263.98599630906796,338.51481240049543,282.6506073064043,390.3223003173147,373.5929567901247,153.11467254565684,434.53986038340855,412.14938464070275,426.9606031907328,226.87246740673427,263.4861283116042,238.191058098942,0,0,2
3024,853,278,581,1140,646,2114,1496,397,146,148,671,956,675,366,928,758,53,715,792,587,103,209,647,893,1048,1129,842,140,1387,1576,825,243,1141,326,3544,523,677,1592,1357,796,2903,1377,348,499,938,8,1498,1850,612,11,59,529,1216,721,431,1070,483,376,598,436,798,828,479,203,787,1240,984,589,204,564,1638,1898,1297,2527,480,4302,1840,4534,226,2417,308.59432028474464,320.8453352783186,413.73483631837183,543.464734261764,510.1724126459603,648.6564644708175,564.1097317582107,271.82633198856814,220.9290424335952,111.70540066592287,312.4240247031753,94.43996246981249,58.33636907051232,0,0,2
1653,1098,130,2834,2818,524,2238,318,60,1383,1552,73,1458,811,497,1280,500,148,46,114,209,1028,932,45,590,707,1156,1611,451,1026,2049,1171,2177,98,3885,158,323,1555,709,425,1435,1417,880,490,196,189,441,1016,946,16,984,807,158,695,748,431,155,271,68,378,714,37,567,673,867,733,328,778,1230,1282,845,215,791,3529,1161,4068,167,915,1750,1571,1107,223.56842029770343,217.7067535586518,275.26212924747716,207.13849869518594,460.08083257184273,490.42267956790283,504.686161265748,548.4722529826429,157.9628009033767,122.99841707792851,119.05281354688103,150.7382380854314,309.6244021951319,0,0,2
805,1675,466,112,968,1716,17,1570,1195,435,1141,90,898,719,118,164,250,44,348,138,352,241,278,439,191,5,392,167,631,1150,728,18,505,1355,912,587,809,9,2058,196,548,679,288,921,1999,566,181,563,176,1103,2040,1560,122,1061,725,530,756,9,424,652,666,206,194,553,722,795,1104,1171,326,1696,1766,1211,752,350,1526,1072,250,1813,1263,684,256,100.56180086943716,215.2733651384823,153.67463416493527,246.5479807746094,57.408998641328004,297.07753573413225,218.56260786046457,257.4723979910558,62.419688702120155,238.31360185903605,221.2258703482252,189.9815749968185,106.79806191735955,0,0,2
1245,221,116,1403,2119,1488,290,29,543,1398,1838,1655,498,706,952,857,836,736,372,473,788,557,626,808,122,1184,1266,1083,627,166,1108,1904,1650,792,451,1224,1346,2205,518,1796,1448,39,640,179,124,1314,2099,1355,456,522,1170,1201,894,362,9,549,911,762,329,338,910,773,5,679,697,587,39,889,1221,787,132,150,522,1119,1137,1265,839,2000,631,53,338,183.77011163078905,99.67656795923094,236.41366770580194,46.17482829195854,257.5974572855874,115.74060023683779,103.49499540221096,20.70829164784213,67.08092056209954,91.75856698754448,207.4214886778202,38.726634966132025,29.015643760355204,0,0,2
1804,779,1352,1359,1431,1084,799,8,1140,1236,1307,801,273,777,431,361,938,373,655,922,215,629,1015,670,49,302,498,872,995,530,499,1101,845,611,519,173,991,2125,620,723,1136,2153,1060,488,1310,2367,1135,1984,2520,480,120,696,1194,248,1928,1358,263,663,24,180,871,984,331,1391,1036,68,511,499,474,542,787,187,931,1452,1396,741,570,206,212,1810,3781,120.64324497402718,117.00996214896111,221.9610949224737,100.90017961278942,285.3098162524381,237.25442466997202,285.4367091066357,551.0761410182217,55.21600482033623,140.9501384837001,113.73493901061998,115.37042524438482,107.06892700000206,0,0,2
847,949,447,577,1852,2569,1300,573,707,440,936,1463,881,180,447,349,746,1285,612,410,825,752,564,154,328,740,946,805,95,572,704,772,1121,1499,1371,189,1046,1451,322,1513,5132,868,3559,383,474,1803,2267,186,2067,1466,242,216,1320,1164,890,1826,1191,14,456,366,583,479,181,681,459,165,295,385,714,1015,923,38,1016,1301,970,556,236,1139,1073,2341,2117,170.79925891549829,320.0194370459801,146.16477227030418,429.23634267987967,322.8115404148371,531.2587069572967,531.2046575453465,198.08220650678322,214.70160006112707,80.37639956001027,10.727350470129442,175.90205178217917,224.53195583535967,0,0,2
2098,1683,641,596,710,1278,578,2382,1778,40,87,1053,461,1267,2172,1066,848,1107,124,770,352,128,2,360,259,961,773,19,480,446,292,977,789,609,1757,1637,872,175,432,2524,1230,1843,1612,763,2245,1379,78,240,140,287,552,1330,1496,480,285,514,732,348,120,287,189,683,792,548,246,1054,1299,987,266,550,1127,1917,2722,768,3746,124,456,942,1580,198,2026,184.93492007192708,255.11342548429047,345.9076115866352,223.64936858553588,306.5253461212045,314.91766207815425,136.79928819495962,426.5067606778686,308.11664470212094,304.4400643998205,156.30221561416136,56.24672918075176,317.86874741604794,0,7,2
637,704,1232,2799,1189,1241,1313,594,527,730,268,768,932,723,56,429,757,473,210,23,510,1128,1289,613,407,859,1584,1624,1134,74,1118,1100,1442,2004,1726,870,4536,1031,3718,464,1390,348,2004,476,2755,2732,313,957,620,142,871,1302,455,877,1015,245,353,283,284,416,198,1000,1277,816,339,849,1706,1106,312,444,1192,1445,1129,714,2218,1186,2528,702,2143,1304,182,421.17350928127144,65.24594071864978,595.6976785311812,190.77099497732158,589.4271339614423,329.0268069370924,573.7943922236465,424.49853275618784,160.31518287134267,277.73014334722234,170.98313228259983,214.37629720993624,334.079292120736,0,0,2
1542,732,598,1873,1944,698,2527,1743,195,322,179,152,788,975,28,979,752,43,468,404,518,982,577,817,1786,965,289,853,1018,1108,1454,608,220,2209,197,1885,2432,1975,1692,1499,444,255,1146,1636,94,1845,2127,791,168,371,388,681,978,450,443,1082,860,498,156,749,1132,652,236,889,1427,1510,488,597,1326,1197,1020,1103,817,680,692,3567,2925,3298,600,2486,188,271.9288740415299,404.207807151387,196.54421510511537,404.132838675574,34.3721726109945,552.0781175719839,315.63976617991557,273.72887917095807,361.2264705432019,239.38752546029662,343.8041577424398,273.7316923229097,111.6896650411954,0,0,2
2398,2768,270,610,664,431,1681,2320,667,955,649,168,378,928,545,833,1414,551,394,981,686,113,630,996,1120,507,82,348,903,1235,656,258,352,730,1157,1496,2343,621,2870,889,41,2987,2167,123,1819,1254,1035,1497,1371,461,1011,1663,1061,837,243,160,761,1223,584,558,932,650,172,47,338,887,1056,400,209,393,884,1232,1099,728,184,237,2658,2518,1212,767,1109,305.72077914667426,27.161250426222225,351.8368195586768,75.52386211689897,328.46096419513844,370.2072730914718,273.28854188481904,429.45462530892485,109.08302916638291,234.77165870048577,51.00336502233381,171.18344278674624,194.95678933027426,0,0,2
1125,2506,2503,124,846,474,294,1821,2597,688,833,734,60,667,1520,939,634,1759,1149,153,738,551,363,386,110,353,1217,1185,382,271,81,590,1418,1869,2172,1787,3235,2012,490,3777,1180,2038,2800,102,554,1770,1800,531,2192,1204,179,69,1113,649,1565,1877,148,1037,845,66,154,93,408,682,690,212,500,938,824,1131,1401,253,1202,1778,1534,1009,111,2982,1901,3734,977,281.8067212029638,181.00859662062263,340.52817027984906,178.76166514878312,631.5430255532873,276.2853935458093,1124.887462677562,163.0981333017016,336.34661316107827,99.89066642821119,180.6419841688816,106.28090513862361,193.80223313726475,0,0,2
989,342,1268,390,2859,2158,232,813,361,31,1526,1802,346,1088,1151,556,339,450,288,110,193,415,678,736,302,449,549,1014,1339,503,196,1172,1786,1377,162,206,1328,2925,75,933,1159,1186,1833,1687,384,10,563,142,1343,1565,1117,265,610,1114,740,263,290,643,586,269,233,680,610,681,617,212,349,1308,1472,758,327,1266,1432,1447,669,2365,1006,5175,3712,437,1267,226.245931396738,53.73855873323553,160.70780156167461,253.59383657071783,212.0500677906046,435.3705824016833,411.37894941653724,604.4145663584361,301.76475392084234,298.31253780644175,141.93500425430798,107.50817739336036,293.30414629081895,0,0,2
172,245,2059,3043,1477,613,500,476,555,1782,1206,472,1180,519,645,747,333,73,7,229,201,816,775,131,860,607,394,517,286,1322,1791,1033,239,912,259,1524,1621,493,370,844,2205,1457,474,519,332,437,1268,1781,1175,494,1338,1158,368,393,400,455,274,171,263,223,293,483,21,993,1580,738,361,635,1307,1425,711,325,2507,81,1713,2568,700,1887,656,68,399,110.12249377319336,213.82104903251013,200.66793373789807,408.12456713417754,231.57554611851984,355.30734710855995,124.78849375841018,258.63864053348243,171.25579853131168,197.16214205130004,235.4344105649814,185.5812084254085,141.00279024202567,0,4,2
1787,1849,157,1441,1188,1083,1226,641,834,1788,1256,127,283,267,309,545,391,121,731,986,532,350,12,559,1677,2127,633,793,936,1020,2042,1501,1941,126,3812,802,2346,1478,2813,1132,886,654,728,281,2479,2650,19,1661,996,434,467,1025,196,1133,1179,159,467,487,392,795,747,527,1549,1192,150,571,572,1044,1492,895,370,1051,1411,469,472,3186,1253,1772,1726,751,687,205.63104047086568,145.09906619764658,160.4199049175215,119.89932931645545,331.78582888664795,289.56822678456945,932.9746953990127,77.51697645258493,454.51794657048345,93.51843467660818,216.72489067826484,234.19472539939025,303.27750293310277,0,0,2
1956,1538,1070,2653,1650,727,930,144,1012,1791,1093,102,48,441,1010,976,272,652,1401,746,156,473,994,1204,856,29,1103,1089,827,1024,1107,694,102,1132,3477,1113,735,1832,223,1787,2346,1120,273,668,1271,1416,989,280,370,873,1129,530,86,489,704,779,120,639,745,1,998,979,92,573,616,309,463,623,96,971,977,462,575,467,386,2101,1904,678,1042,1204,710,157.02314087190905,216.21682180672062,166.81181622216053,172.01864267616625,244.0560962668214,246.72210024286073,536.3922659289966,189.02829767799426,273.7011332949215,23.790595264625505,336.0848953297644,166.86092303323124,100.47812456340357,0,0,2
1983,1953,69,1608,1586,667,655,576,386,1339,1407,869,138,720,1051,772,63,672,940,790,49,945,1109,866,503,188,307,835,999,956,1042,334,42,2340,3071,332,568,1136,132,982,2093,2188,992,185,1254,667,311,978,1467,572,1161,1153,377,290,230,228,1114,1349,247,741,789,314,167,48,217,739,1082,337,447,868,994,1159,1473,901,87,3678,3439,1245,420,828,260,85.49412667652342,264.2494292353821,94.77555056609123,392.6591743022377,113.48707250167307,255.84879448872266,379.1541657427799,305.2835130202934,166.6763478780723,207.69813556293286,101.85734110224098,247.62387355029955,182.75992207271918,0,0,2
2323,2862,367,838,385,231,1584,2062,701,583,628,414,681,662,46,918,929,25,776,829,48,471,366,310,479,349,60,437,904,1259,1252,560,896,1642,2500,818,1753,74,588,1791,1309,724,598,1029,1014,433,290,1155,871,524,1222,1029,706,664,315,1015,1777,694,789,927,187,193,546,280,971,1437,943,276,186,94,1153,1814,1397,470,1195,440,407,3693,1853,738,598,174.9578564648648,88.27957416025384,113.31930729837403,80.12262624901626,106.14403245119341,239.5881820824906,637.5680593321059,134.72848614158852,291.814767203987,85.38415170077319,313.88822298796333,148.8873301224472,122.23393161624095,0,0,2
112,539,1912,1820,291,697,258,438,1654,2070,859,718,1402,853,313,122,375,514,48,368,728,386,211,377,43,901,1254,609,452,1053,1279,1025,453,508,1308,3142,1889,836,1285,1751,263,207,995,1662,149,2165,1499,32,233,1374,788,1404,2058,548,952,982,195,293,249,283,634,991,309,909,764,95,90,232,525,984,865,360,1315,1278,808,263,1308,360,456,1735,918,120.19993085270028,131.87096186764325,135.55460171016304,70.61727174535973,190.75620075111584,101.64452061928334,480.23475334332636,388.51691253317955,342.7147160630963,156.02196106632067,123.91346723206333,216.20530897786367,196.88715974751767,0,0,2
511,1137,714,191,1450,2131,144,1747,1692,756,934,1005,175,1687,1704,392,469,625,455,492,497,244,492,1054,778,103,747,903,1049,1253,808,346,1363,1529,1116,922,132,1971,285,1238,2333,1395,402,664,686,109,1315,2379,1595,730,183,1198,1619,1568,1049,307,825,1242,943,403,42,375,975,1251,369,41,357,1175,1298,522,631,1033,1062,1167,940,176,738,1074,2285,489,2681,174.11975418110035,168.6535653109542,249.93697758829126,245.7956836832411,97.63680146338265,354.1245053725529,92.34683976310028,233.78663463387102,146.41086306584026,45.178592282244914,50.24820363041332,25.62523884440076,81.76975902712508,0,0,2
2658,2602,737,2468,2078,306,5,497,288,1936,2352,831,767,940,133,2,532,251,623,1136,534,682,1111,606,145,626,686,373,119,459,937,1055,626,218,382,601,1394,1888,471,823,840,2341,1937,138,128,212,993,2256,2097,347,924,1180,810,734,992,261,684,1538,790,289,751,687,567,57,430,786,653,64,1159,1223,648,66,219,352,1038,1393,814,154,763,10,2011,163.11259811335137,157.36005979699624,150.60829787860789,155.8081030501374,152.21778189488901,221.07337902364708,235.18282821716707,521.5516337660246,257.3629674693172,245.16635865934347,186.18586051737822,148.50332431306467,170.9394954608702,0,0,2
3535,107,1524,649,398,2010,2609,218,1920,1411,620,762,1550,878,901,1375,751,400,448,48,699,839,221,1060,886,4,623,809,799,900,699,267,859,936,770,610,489,555,1557,2802,36,1896,2179,29,3170,2137,163,481,445,831,1759,1764,593,447,540,621,1237,1032,140,751,1081,324,489,842,836,293,75,394,646,694,404,135,315,988,1308,948,158,803,979,2121,308,141.86345444922125,223.20306645953883,139.24661220667144,381.7064532730135,171.74513457446184,578.0150424196412,335.8422488037388,236.41310625726425,115.80345947017973,71.56386811075257,188.20795220950276,41.60669155672319,162.12694559048634,0,0,2
860,1781,68,2408,3014,1485,1014,177,851,1163,2971,1954,107,896,143,87,1090,1380,125,1434,1048,443,1092,463,138,329,385,474,978,620,364,764,456,639,1123,908,522,1887,2013,276,822,1895,2643,2882,1565,210,1138,635,986,1573,1350,415,683,1059,1022,899,721,46,1218,1359,624,249,768,637,26,358,312,176,388,199,460,1054,1037,596,46,860,1288,1253,397,474,1536,108.90291197316361,148.90373155887627,84.8175783039278,159.58741106415056,229.97265190669955,325.9368955737514,695.0705618375841,164.27511915237713,307.36743767142343,95.22830180913697,234.9104201597669,170.79547095391763,127.86713538111849,0,0,2
3001,590,971,629,983,1090,1473,1228,796,804,223,338,1404,1843,789,678,1090,786,913,884,182,1020,731,198,354,435,581,715,198,259,434,1048,1346,800,212,1073,1688,1862,1087,82,1402,348,1161,4494,95,1936,439,390,687,2394,1660,241,90,249,363,1823,2136,746,848,1033,713,681,213,166,640,686,363,2,498,1050,702,104,433,997,1362,689,413,1347,1593,1409,813,234.31358194402787,173.578133650711,243.0385389429225,249.30425579673806,277.0144242634307,446.28538694734283,308.695641563821,350.28594382626665,86.26141476367481,76.80995648656005,5.145684215429898,206.44216889344554,301.7676614584304,0,0,2
1110,1811,4056,455,468,94,190,339,2183,2122,554,108,152,276,1717,1653,50,1185,943,7,19,118,161,923,1018,18,918,830,234,42,114,807,1576,1119,434,1184,991,1094,1417,672,897,1904,47,766,4065,340,2579,393,978,1130,3210,1852,1211,1956,1017,529,1280,1417,403,1971,1494,138,280,97,314,952,912,8,1283,1376,906,156,54,309,1786,2413,839,707,977,894,1303,198.37090351201152,259.6461309327219,108.83159247835135,438.4398038388267,160.31937265970075,726.0052102525342,125.42369081339655,542.9390481180362,157.7440904362693,162.71356348259383,251.56234704211886,172.35588137207293,268.9388651124725,0,0,2
1569,1325,2890,2129,4639,1508,3264,2648,397,1524,95,614,1845,3953,1514,1898,1671,102,283,1401,1204,532,1623,728,895,1039,471,76,108,167,1388,1526,157,1424,1103,387,571,428,493,1756,1490,680,797,937,1794,2825,2364,91,160,125,324,1895,2347,1160,227,1154,1065,899,844,299,200,802,908,391,464,999,886,323,392,1107,665,162,274,944,1395,818,300,267,634,625,874,286.04223759482903,99.39529041064048,252.69294230282654,352.66426565680894,401.4531915429245,711.879030237065,870.4121176535602,375.7501472668223,340.6135315683455,193.67164587421917,160.51272198922564,134.7882453119767,248.72884126855644,0,0,2
3312,1387,3879,1566,645,691,2211,1207,1977,2586,650,14,904,615,708,1116,393,336,230,18,253,141,189,624,469,302,976,427,361,822,556,219,622,744,684,332,454,48,1137,1231,614,92,1477,1034,971,2191,1660,1603,327,1157,2118,1604,993,1912,585,287,717,851,149,1067,801,395,35,333,967,747,296,1020,868,261,854,611,764,425,219,312,1075,1041,326,91,44,94.10713695219583,183.16866213608867,289.0212518967138,209.16224424061758,571.623849222546,146.02622307905355,571.0729743584529,268.58131816911083,194.08486338468197,380.5223561617523,31.812255599474657,60.494901881149445,122.00218377030083,0,0,2
834,1593,637,2155,1890,2629,2382,993,1386,1553,874,1375,2635,1598,324,699,928,85,1418,1407,687,131,28,368,750,496,532,1197,755,488,1068,564,232,429,377,230,885,1216,956,12,342,860,1483,3838,651,5215,804,903,2108,2097,485,1803,1725,591,781,1105,850,350,1134,1245,1093,204,418,571,642,402,490,984,663,67,108,532,676,465,74,123,632,1255,1100,659,33,269.24131868730717,166.67510538450503,373.51360684175785,277.88330575550293,435.0630198603416,342.75899050200786,628.6009260407895,144.29680191161012,237.79552527579918,80.4737833483219,205.72105549184468,109.63413783585727,287.91801312934365,0,0,2
756,1805,3060,1036,2628,2261,3,2932,2491,401,2152,551,704,884,2716,1688,804,1078,534,443,688,373,850,1278,570,797,1258,972,83,498,314,641,701,514,188,752,749,1161,1408,827,660,477,2355,2662,328,461,2132,1864,812,1521,1346,8,2054,2183,373,344,526,926,654,2300,1364,474,1440,696,142,38,184,372,823,519,411,965,678,342,520,466,517,1891,1404,82,1227,196.0435858492093,139.3339606242995,235.15874437646232,261.178355934015,306.36642786865536,501.8668700943299,259.9389319253259,760.4409267647752,123.35589211919546,226.01513280290374,209.53214922271965,88.21549825677457,253.82391403858975,0,0,2
14,353,3146,1878,414,1566,1534,961,1596,1500,328,1004,1283,871,977,1561,928,292,900,1306,1193,432,279,830,1017,701,102,657,867,542,700,1285,790,711,1235,1201,1039,1647,606,842,3443,2754,3681,181,88,841,512,1620,2461,1222,35,48,438,117,1419,1715,995,482,1190,612,404,595,226,68,229,164,538,689,597,241,656,433,763,785,278,1648,2013,1478,2917,2018,3503,272.60245550956785,197.86895794322876,373.06906413752023,205.3018813018415,333.06660182311884,217.57926682890002,234.61007246729355,545.2040915624394,92.94229716672788,273.20329239256614,296.12205781076926,393.161479647295,250.52978921586475,0,0,2
735,3061,1126,1242,2695,509,712,742,1541,196,1702,1753,338,926,688,101,147,106,187,503,17,877,909,203,782,212,66,335,620,25,728,981,546,629,998,1056,1082,1454,518,2006,2422,2992,745,2115,423,668,1837,2586,395,1528,887,501,724,1465,1043,690,1620,1159,159,735,702,326,385,577,87,1009,798,150,289,288,529,1118,1110,158,1021,1618,1569,1314,757,642,2666,64.29306107471217,118.79084435288078,71.3200284902104,203.07561942331233,175.7273047224022,250.97632617793363,496.8317538734552,483.1891551744664,348.60840984791315,248.58714656265704,248.4024734352963,255.2401304723364,200.62707041144003,0,0,2
4231,171,504,938,177,1735,1636,21,38,1631,1983,233,1370,1269,651,1072,1284,324,1044,1747,997,598,556,101,105,487,284,711,1547,973,211,34,623,1723,1527,689,485,1171,1862,457,1631,1494,3800,1211,2222,304,2478,1134,1035,1581,416,569,1616,1599,4,1752,1546,678,55,5,131,625,707,214,994,787,102,487,576,1112,1388,106,1156,1550,1250,339,513,1042,1424,950,2877,190.83900794034304,294.193422218035,211.1948606535317,422.71024482979385,191.24553099353722,671.9377368610116,351.8962128348878,315.1153967159342,240.16019539173155,83.78645197062806,115.17239226243842,99.73739084924335,335.4205553870933,0,0,2
1930,3988,2487,532,125,1720,1871,1400,3328,1557,72,758,1324,709,2432,1548,353,1022,89,369,145,479,242,1176,1201,85,1335,1185,258,250,297,851,1736,1008,782,1875,1336,749,713,560,1274,790,599,4765,1898,1573,157,707,149,2311,3321,871,1983,2003,491,275,817,419,731,1651,791,389,702,617,626,171,264,736,551,105,1072,1554,924,216,541,432,1203,1436,548,411,1002,46.735863419007735,355.19333711199204,146.19662325910267,500.6650525944813,59.233863836491366,687.1491358066777,140.7948244738058,803.486341107091,155.41182664408643,228.00104128522918,194.6335730452109,116.99504645492311,117.81423790748241,0,0,2
751,3114,2117,2977,1464,80,776,2085,2161,272,1739,1438,663,1099,1371,30,1376,1449,818,482,586,56,947,1367,492,604,1351,981,184,189,535,915,1594,1324,223,987,689,957,1598,1116,414,2508,41,3794,2946,3878,265,774,639,226,1639,2958,1476,1086,1766,612,453,1350,952,411,1388,890,63,615,727,478,103,494,1161,768,61,518,868,415,170,355,354,1288,1331,773,1373,281.4886860585087,131.6065083737943,276.9897445397559,245.06769910284612,549.1809202120919,391.2426102511647,793.0026609920886,224.037268816641,286.484296467318,209.89679029098804,307.5920245555779,91.8573231045121,122.83336685167522,0,0,2
1093,3655,706,449,408,630,994,2760,1794,179,258,139,559,1684,1475,138,517,363,495,715,407,475,1124,703,362,890,839,172,516,528,548,692,259,449,857,991,876,1240,1001,269,3146,1207,1397,2393,1161,1135,1440,2134,1130,564,410,828,1283,1395,838,422,113,429,823,1308,680,510,879,793,380,436,717,421,217,414,523,804,812,444,286,538,1291,1666,737,0,2593,103.27933888340846,219.96237865128893,77.2236593089299,273.1827134528297,220.07474440516796,347.8311394079037,393.96040299934674,141.00724238297408,151.23292602539945,64.05047009441061,292.71041229271697,83.47640738244598,115.96923842625952,0,0,2
1964,1443,1047,2070,210,1715,2513,952,415,1021,419,1192,1715,666,118,34,207,1019,1484,723,567,1355,641,555,923,249,85,75,437,899,792,193,361,258,534,1006,1063,321,1081,1765,844,1456,864,1131,426,1700,3115,849,602,564,11,1187,2261,1434,148,383,224,1025,1704,970,128,972,1027,95,681,780,571,131,231,13,565,966,812,143,516,1164,1401,951,226,738,121,38.65436528643495,177.20408431718297,139.35228620049833,254.6631422954164,244.60724897271544,164.85936340614919,489.68060710069324,88.39981631546488,161.23981062286236,71.5844290731893,284.4924321330697,74.22139661064607,141.77423967503154,0,0,2
2805,4746,589,3164,1521,608,1183,2263,559,2000,1718,278,324,1383,1348,289,1555,1143,244,162,573,533,380,95,188,545,731,488,465,561,260,663,794,105,866,1770,1576,1006,363,216,2790,1783,132,2812,51,3121,1800,741,522,1269,948,657,1659,1504,477,331,398,435,1303,1092,111,991,808,204,195,114,211,335,191,10,610,1024,633,61,513,848,1411,1543,113,455,2017,152.3245952166972,236.62683966961205,84.63662359605773,352.6401051617321,250.01272467616525,444.7011884303761,231.37278542636506,593.1652534119343,122.52733845465885,155.7215994664232,54.548250766832325,174.7125035906646,370.9047106374915,0,0,2
2564,78,793,939,785,780,1414,1038,595,1,600,1145,1439,1235,803,77,1187,1576,1080,243,174,608,884,734,81,642,676,574,550,424,56,806,1690,1869,699,643,992,1375,1882,1135,2053,751,5447,475,1723,862,1825,748,1658,1511,234,449,1328,1574,278,1499,1887,1143,113,101,226,688,485,258,802,655,228,208,8,883,1346,731,25,1091,1552,1141,407,234,1259,39,1147,132.28952088356172,246.8585985810125,116.65361852652211,325.1415325258463,133.0895962312607,435.50253713308484,378.96990727594596,512.5577074355483,238.67929236488467,234.58326857264865,161.20505908568248,181.16487879550453,288.57604549462764,0,0,2
2558,285,697,1640,1214,600,1418,956,372,1381,1613,1430,1248,268,805,1433,984,133,84,338,474,492,77,463,924,655,355,91,788,1172,1185,218,1207,1628,1341,895,568,55,965,3666,639,3802,1318,1834,1013,1349,1277,273,426,1065,189,1642,1836,680,290,480,588,784,984,93,739,969,605,121,376,565,837,241,637,911,1141,687,408,1173,1207,972,759,1009,520,686,2548,139.20477139865065,263.3713572511096,123.07184776421155,338.19418849044933,181.51655055393712,526.9403115752928,287.53908264991753,346.39238510909234,44.59323606530561,192.4900585998998,67.58495356733084,131.4261859035533,183.15453685651414,0,0,2
1591,287,1305,40,365,2159,2525,89,1627,1072,493,1107,1089,356,1276,778,103,323,140,251,390,228,593,636,12,835,858,295,389,808,908,606,155,451,1181,881,401,299,61,1408,2176,56,840,232,1253,1213,1622,921,541,404,1658,1707,1003,376,213,830,1275,941,530,262,975,768,485,395,408,1208,1265,230,552,667,1023,1286,673,621,1163,1483,1191,431,666,2617,2610,153.67129205958554,182.07285583074207,262.74360596342893,259.9615877967382,205.00573315153898,200.24853076444225,222.29261472032277,74.91767832829146,38.548997744975594,12.961830365353038,102.97197650061342,91.80941011955679,64.32136177842001,0,0,2
2346,167,2951,1392,1387,2033,435,408,2341,2403,721,2619,1256,49,604,659,173,1095,1103,333,684,874,732,248,359,85,1180,1706,657,837,1071,739,1142,1360,512,914,1145,1985,213,118,4072,113,2707,406,356,1806,2333,293,1822,1926,1163,776,848,99,1138,1278,748,88,388,663,697,483,336,1242,952,433,858,425,289,148,257,787,1297,625,149,76,348,1799,247,258,1923,263.824920785599,132.37789589082655,343.3220401196978,257.04395391566914,523.0317969540666,276.6306182233766,698.4946509216597,229.42937704785345,219.25171103804792,26.335283056386587,47.14065403108268,97.4454076138774,155.27610528041942,0,0,2
1022,2151,2169,1232,258,31,571,2367,2671,543,1321,1035,441,627,794,172,939,1304,661,397,889,732,166,134,571,1032,704,278,1237,1025,452,533,802,40,1484,1307,1802,324,1693,1819,807,3634,1449,32,302,342,1026,2403,1787,19,889,742,945,1175,746,206,331,1169,1317,157,744,799,455,49,558,928,1030,711,309,354,1174,1373,721,226,17,381,1340,942,2896,3231,2312,134.58025583056073,165.041764699129,206.49739684153647,137.4569581810611,304.6224917828623,91.12573210369641,529.8161286859322,212.8474796645329,297.9361376987081,184.7027186976659,87.5370489304894,129.46490406371592,225.03258325349472,0,0,2
2711,633,1351,2008,962,1161,2542,1801,516,738,1163,23,1406,1738,1251,20,309,269,493,534,81,824,1436,415,734,977,632,374,548,463,677,1638,1543,733,393,373,1035,1769,578,681,5252,1073,4565,634,466,848,1236,924,2637,1580,385,14,97,15,1137,1718,1164,283,1209,818,237,551,190,406,801,267,388,895,827,166,261,240,732,1580,1554,653,909,2595,381,394,3576,239.5653932482737,308.72379108321525,323.69616152798324,431.277492685263,309.2985380259661,458.7957293889967,278.3021460303168,665.373138460088,126.4152794226306,163.4001474428206,154.29228582878346,215.6769488413579,155.19941158816926,0,0,2
56,2817,1760,971,243,572,602,1097,2421,1366,139,42,38,574,1553,1233,254,1155,946,378,64,400,736,672,149,360,746,1078,1038,834,561,271,1128,1971,1430,1140,1884,478,2757,3443,3616,1554,1634,67,608,979,2457,776,1076,903,118,309,1212,1106,222,1322,1214,150,886,533,389,240,234,178,812,797,230,815,731,743,889,277,835,1720,1590,545,885,745,1367,5707,1106,311.598930755805,236.74801098336744,329.4530909192184,296.4500032600818,531.0939135407222,319.1587184063842,801.1763394606504,241.84804040970462,357.1938838880042,142.29644049957554,113.89349393220971,172.93526788060248,235.87028602070473,0,0,2
1988,931,534,1106,2200,1441,428,1159,838,958,1558,1188,418,1488,1190,14,434,230,231,248,385,308,262,173,142,559,966,937,140,551,973,1218,684,348,1148,1586,1228,1817,173,2858,997,1310,903,60,73,538,1286,1712,1538,468,234,742,1521,1620,799,722,966,359,117,216,274,407,635,374,406,1094,712,75,142,518,1321,1349,39,1375,1582,1287,953,1020,3170,2500,2953,122.07173010348154,126.9186803634205,177.12166536413008,74.35682136801404,61.97679001045472,112.87771365694118,309.68623058369514,79.61089632358012,293.2027467647259,159.4147003001182,66.42309865412942,58.26275904264061,373.6896413006725,0,0,2
348,1696,580,398,1338,567,196,1544,2345,533,1508,1486,623,253,213,252,1108,895,107,500,525,322,79,182,274,997,823,116,1215,1414,795,931,714,655,2002,1664,540,924,1967,1878,5262,2860,2291,518,2053,1106,2165,3079,978,196,111,160,1313,2224,952,237,762,534,418,509,201,445,983,498,509,650,815,924,784,90,1363,2286,1011,394,642,928,2165,77,1398,2072,1421,291.0490340197798,230.89192335351046,282.4325605280879,515.1272814750503,380.5282972395089,754.5984692025036,572.8711242168437,331.8013128330044,246.16604786706358,184.63984199909544,73.32778607912353,152.93612258686647,186.12141999246342,0,0,2
652,1521,1453,294,445,681,689,2246,2093,561,856,824,620,793,690,67,770,649,30,502,307,172,479,172,808,1432,778,584,1039,658,443,336,210,1591,1801,1533,1905,2076,2601,23,2571,932,305,904,114,377,2043,2067,298,1199,1115,778,976,506,90,420,793,271,509,680,450,20,68,445,992,902,120,1205,1198,539,171,823,1264,1365,970,917,1899,1265,1708,958,1742,206.17875117682922,105.2786601758496,211.11690636353984,185.57816853977636,303.4033258304859,261.81231170748924,669.6009911647895,72.31390242372892,227.16403009681005,46.4794495815361,71.0557219193551,91.9343052137735,241.55670560673167,0,0,2
1045,342,1500,1397,1278,1424,1078,197,1310,1357,732,97,165,304,500,334,117,595,475,207,192,552,869,384,384,964,940,18,949,853,929,811,525,311,802,2460,352,2305,2660,1436,2648,2318,621,299,446,928,1380,2974,1435,694,1181,281,98,484,676,258,1188,911,228,1042,851,10,147,519,836,712,84,1065,1536,795,109,168,515,1409,1233,986,2025,1985,1378,323,1648,186.49047822969723,187.0160940924441,190.54554996750335,270.1942370589128,293.38601917951036,335.73635392006616,612.2871164909908,305.8093393932555,201.474888709672,141.52150016519542,116.86104593259911,87.95659022464218,222.39221915929545,0,0,2
1708,452,1549,1070,1196,1814,1733,234,1323,1673,1152,757,446,183,812,1411,1250,169,339,656,867,825,181,916,1455,1044,641,727,115,1519,1861,1312,504,742,517,1161,2600,6399,529,2562,2002,2432,563,3444,1870,127,490,1103,265,1682,1937,634,19,71,61,635,1239,906,644,1298,847,93,219,259,1013,1349,406,698,1062,812,796,722,333,659,1050,2103,796,440,1773,134,2049,198.41762260712164,263.95514018150595,254.50431942960236,346.4073407929003,329.7861371404201,547.3566555587595,765.2718103317526,374.81950032762296,348.81684822156603,162.36504627567766,182.36155332158646,183.719586609854,114.33506426077832,0,0,2
1922,1311,547,195,313,1327,2275,1219,174,303,314,509,935,785,334,1082,846,84,884,1038,275,350,532,548,379,147,484,1071,828,458,185,114,546,1507,2505,156,1278,324,2814,2412,77,106,361,1416,2298,1655,4,771,476,437,1050,1253,288,813,1437,719,183,363,686,698,271,390,1093,637,71,304,471,776,846,996,1052,322,1285,1737,1913,493,1310,1425,1,2449,2897,225.44848421159782,85.94428773623616,215.77509137560233,126.15582921359686,291.621913828505,204.5196529112523,191.82882947530322,358.79308877702744,63.60078122185431,54.75815803034906,245.00275845431995,197.86066981222453,117.72407979488365,0,0,2
535,1211,606,147,1269,2262,1238,524,924,653,691,930,624,398,1467,1292,347,1245,745,68,334,245,489,1197,1172,283,420,631,1134,973,835,112,82,3772,3698,2138,492,1090,1073,2139,2406,681,620,729,860,1059,970,690,39,984,1696,780,469,980,377,399,547,217,508,1040,909,138,19,135,613,1155,1028,292,885,1530,653,2322,1288,2758,1495,1970,1779,144,21,713,1453,135.36629532138033,343.12751331783585,118.28438991362223,303.8889753240641,206.07352134202222,32.64871449404757,491.12997960246645,340.88070997360836,129.95025298226324,148.27123179428872,128.3493747932119,144.9563595017254,0,2,2
1941,1066,247,428,942,721,995,1039,44,1196,1187,145,885,833,491,347,228,799,771,689,399,14,544,1050,1005,967,354,560,2771,941,130,3083,311,3022,1346,743,1014,1362,121,2403,2089,305,168,795,584,1194,1870,1118,398,1100,701,89,89,243,654,832,412,401,827,605,347,260,211,549,1514,1909,862,778,1371,3688,1741,358,220,13,1327,3281,1578,21,115,97,548,37.596481357346846,289.8213540901567,107.4036413567448,419.0021952316962,127.88387310368734,471.23527066838216,217.10987265833515,235.48674494875473,216.28469291398306,97.4555334345336,168.11981807446293,101.96079263856575,234.1456443340255,0,0,2
1861,1576,458,484,477,630,1134,959,141,1187,1145,334,402,535,464,229,241,110,528,1212,1109,932,434,58,768,1498,2729,537,2375,1940,408,3282,1499,33,864,471,497,1545,1592,493,209,315,766,1304,1289,494,712,1189,674,17,439,655,355,273,229,634,532,467,427,17,483,1396,1802,1119,446,1334,1716,528,872,3477,1060,3480,2379,225,349,1234,576,1846,2687,1153,199,251.6103886844934,102.20526131913522,319.6481085544653,95.09076761312517,503.44191819911066,91.29120225539475,708.6297551174698,348.94158660475233,340.7351441480574,166.4356679695195,133.89913858024286,142.9101549612841,148.3188528812501,0,0,2
220,205,684,1626,1229,16,997,1056,160,270,362,423,715,350,33,597,868,820,1041,857,591,1394,1613,1295,1250,3135,2943,3479,343,3264,1374,1207,1951,120,219,1417,2373,797,1616,1925,787,240,487,82,827,1052,54,952,898,28,562,433,476,437,567,375,507,1501,1377,389,477,1275,1676,1381,1432,2001,3455,555,594,1190,323,814,1479,1186,576,693,758,364,1769,1305,457,338.2781275267966,166.93892822838583,334.1375321226619,141.5322753846102,561.6906204709137,171.6792387689914,671.891605367027,434.0491655909544,303.56641300965794,103.74365380570372,253.56169431943806,121.86248969883721,393.12131730825035,0,0,2
417,1052,726,318,349,633,623,199,268,786,676,461,598,34,615,1331,1226,137,202,806,1780,2637,1629,3243,2983,607,3373,1411,964,1526,208,15,1586,1578,273,629,311,477,1278,1036,87,1138,1006,162,1200,865,49,149,304,21,919,1338,459,71,340,827,1435,1265,389,1016,1454,1526,120,2281,3819,3027,3906,646,82,53,177,1007,2173,2054,767,231,426,1089,1297,751,169,348.75199648679285,231.80098514205443,438.8592258750394,332.9861012281581,559.0189291294168,473.9913114018632,669.087392791294,140.46012999862666,252.79245244983318,259.87474864760765,326.7221157604427,127.8710266680086,106.07137070482105,0,0,2
464,377,401,118,36,335,518,597,350,510,1141,1082,824,92,815,1408,1755,1967,2654,3218,2645,355,2432,418,1053,1837,425,196,1308,1487,240,1708,1374,230,39,153,365,951,436,480,958,663,44,312,147,331,581,487,95,969,1448,1076,864,59,1263,2156,1415,1596,1474,3780,108,174,1772,656,1056,1700,740,17,1096,2186,793,1643,2005,791,229,321,112,654,1089,909,326,285.27412901323913,120.60992062711617,312.0036385599989,185.597336699392,517.7327236373997,178.73334810107474,757.2497744357858,26.735735685297467,273.1949300781127,124.48232561394592,109.53172910752019,64.68481162558929,374.4074884498382,0,0,2
1182,601,380,490,158,460,1285,1320,26,999,1412,1760,911,33,553,1533,2771,1078,2523,3864,878,3391,1286,649,654,971,1035,971,2350,1848,198,842,702,906,915,761,407,686,94,508,511,46,38,108,357,829,945,834,50,1339,1306,700,23,931,1706,1373,2143,822,4177,170,830,1679,1392,475,2009,1399,35,588,1583,608,1590,1950,624,600,639,77,141,406,250,720,533,387.57076448685757,184.455999122091,392.94050204644054,177.9889578377564,560.4940331974998,278.9944005556594,823.8974020537304,130.34320189131398,316.74187794930646,138.36923741124352,166.92604733539721,105.13655163615357,351.85069692181787,0,0,2
35,640,398,496,813,649,289,1436,1646,542,336,1013,1546,1778,773,1866,1693,5862,166,1816,1231,1435,308,3039,1898,186,216,552,492,1521,2148,398,1161,858,569,617,154,81,247,508,173,717,850,383,468,739,505,376,126,947,1783,1135,104,847,782,51,1968,2544,2138,1627,46,649,1349,1320,578,1777,1025,878,1589,1094,797,1880,959,57,151,93,722,973,424,493,743,299.6487764902427,166.69025428348425,303.5479119304736,131.35485453766782,583.8044562394159,337.8534430570305,734.4247493657674,408.1382311198793,268.7996389859191,26.480112277883165,132.71610168388045,88.93075994606099,212.88971001558212,0,0,2
652,300,63,68,942,1567,1078,304,1279,1214,1131,1471,1527,572,2032,2604,1507,3291,3817,2898,2115,1501,331,100,2092,2554,85,2026,2015,984,809,774,328,1434,1576,705,130,414,662,661,348,25,687,1115,918,194,522,896,1598,1571,372,695,1066,1186,1910,640,1532,2657,964,1715,1746,1172,105,1154,1061,1351,3212,1862,103,211,342,724,1849,1636,169,991,493,17,153,50,408,301.4769611676542,219.25013702496454,266.68946750980615,442.1948300694594,366.47748651861275,716.5298548807277,672.1980036999539,393.418415397161,343.25424060864174,119.60188581123255,131.87774046952023,126.85163715087003,139.19335107543813,0,0,2
1255,1035,196,1106,1375,938,423,228,644,1659,1881,854,115,1911,359,1536,1950,2263,324,556,945,1425,1449,1495,994,426,1818,1944,688,297,562,428,280,450,692,296,1212,753,557,1087,905,184,149,333,986,1042,32,1141,1509,982,490,204,151,1578,804,1319,4457,2185,2465,2603,610,103,1056,1330,1164,3004,1487,786,1081,53,96,565,485,486,981,491,490,846,625,191,226,295.3724277513001,46.25933626641304,322.16269422555706,178.9344332213251,476.1042959531032,332.1610025483825,561.007491768213,531.2382166592524,354.87226660073367,111.40326188580623,85.68119012522004,193.77556308225505,282.63081048335,0,0,2
