856,964,722,6,634,1159,1373,11,1844,1885,318,1663,2663,1022,1127,1809,5029,378,2213,2417,486,532,507,687,2362,1645,1683,3026,963,1045,1510,669,99,594,879,245,1070,1158,705,1410,517,446,513,642,870,280,1270,1228,51,643,1424,1400,230,1792,2446,823,1344,2723,381,319,2926,988,5860,5274,3446,5672,204,2114,1,935,1726,3106,1129,1863,2205,156,1386,784,145,304,431,251.54242151510493,550.4644056227137,478.3039756187934,365.6188367496778,0,1890.4691018368958,692.0704299571421,1980.0914780434005,1075.3433739635777,0,1487.8972923009433,474.4930577367451,478.7033206195515,421.2646450695379,0,0,0,2
917,1071,541,666,1259,968,165,79,145,1030,1808,1176,581,1688,1985,1724,552,474,844,2454,2050,1725,1465,2230,632,309,1304,1937,711,1004,2129,1771,210,762,865,716,216,340,1125,1084,405,383,804,1018,458,299,157,630,1325,1726,1441,648,144,1086,2654,3114,671,70,1112,73,3212,5467,897,2887,1399,1109,568,2671,3267,821,1659,1993,805,274,229,379,1282,1103,36,820,1008,155.68773778859781,49.25221891937476,345.5447798807476,170.15296832570286,0,633.1413151895871,864.6128632896921,1220.3314080487285,787.0538716388727,0,1382.0721348364993,488.80618241553975,723.4487991660246,454.27680271685233,0,0,0,2
423,162,75,323,1220,1583,1177,908,564,352,1878,2886,1958,933,515,117,1773,4087,2545,944,1890,1180,657,121,1669,2631,688,1612,2072,1253,5,938,873,714,479,115,1095,968,211,659,791,744,957,826,212,900,1520,1900,1560,2,1292,2067,1685,2517,289,4324,3480,721,3107,832,2802,1681,2282,3878,112,2629,1541,576,577,243,65,803,807,510,1285,485,576,789,155,100,179,71.48567322614863,104.60352524936141,101.28536869403412,247.70024792027203,0,408.41065424398516,997.358909665264,609.6192313087607,2004.6205513838927,0,468.1808766223265,1318.1658676703692,515.0557795333223,1151.79608289552,0,0,0,2
77,812,1164,405,20,619,1233,1424,681,971,1401,4022,2578,2981,4315,2365,2419,380,2887,983,2208,2971,58,1441,656,219,238,378,469,1265,907,344,1161,492,161,432,509,1034,668,24,334,705,637,1185,1307,40,1185,2145,1829,2512,142,4398,4913,2014,2893,1642,1022,756,1876,3273,678,1974,2115,492,483,110,138,613,1217,348,1341,1463,503,777,1126,1073,983,720,6,1110,1126,44.067112349649356,231.45196941223455,229.97233819267873,698.4397076153217,0,298.08002281266687,1334.3743506064825,840.0598713249033,1995.0862476913917,0,623.6008296804896,1565.5126569389956,348.2872388602173,1196.0469992918265,0,0,0,2
1306,1625,1174,209,1332,1878,2992,804,625,1253,1655,964,2681,2779,16,1302,1415,249,634,1271,770,177,1371,1590,423,963,1423,404,736,1349,907,167,1077,1385,1305,378,513,696,945,764,651,891,196,1774,2646,1752,2067,816,2861,5180,4008,1866,2803,133,997,795,3338,1530,1777,2408,651,490,133,103,671,643,471,1318,935,166,1486,1407,696,353,781,897,1145,735,68,524,517,149.8878176613898,232.19951090297874,100.85403120290744,301.68437304453283,0,525.4314251165417,705.071961065682,1078.3342772982494,1060.1523052324046,0,895.2790926273901,983.0947683780938,603.5636599154775,1069.7132476018742,0,0,0,2
1113,1556,626,1298,895,3513,3098,1806,1626,1154,61,1257,2486,1673,880,1709,1222,536,1,153,134,656,855,355,693,1237,1027,89,670,1326,1252,1367,983,553,1435,1385,904,900,1187,433,659,2278,612,739,4194,4567,2136,4136,4780,865,632,502,1956,2,2549,2739,842,632,549,313,592,341,770,1271,250,877,1482,1003,557,86,1167,1792,1255,53,563,908,1215,1526,1648,35,279,79.00197758537894,50.4902261632576,221.368569636884,257.993659472832,0,331.64451224164713,1152.4344264316767,1074.1026012086697,1577.2771814642604,0,582.8981995111467,1298.2135079243162,405.767763919271,868.5308540242061,0,0,0,2
2227,4103,1818,106,3058,1370,54,1461,2018,669,2028,2102,983,459,176,309,331,513,190,407,908,546,236,1220,1455,812,175,835,1168,972,175,322,1004,1547,1070,832,158,747,1581,1289,1908,2688,1082,1040,5153,3577,641,1459,541,67,1613,2693,1093,1360,1888,480,493,582,525,906,430,1148,1730,1126,14,734,1345,1254,950,50,1250,1667,1415,975,802,421,1246,1222,2059,2904,2142,216.74064354002445,106.88682650322924,291.5267295615678,170.5665617019846,0,479.61709988281274,534.7202635308215,1158.5584768931496,327.7095581501987,0,1165.7769170045374,422.86132303433806,675.8317754708829,317.10644661868696,0,0,0,2
329,4517,3684,392,174,220,54,1884,2136,1130,29,1055,698,312,121,364,731,863,366,255,994,1554,1558,31,1056,1260,1301,790,68,738,1249,1268,1386,1264,1582,2374,5448,2027,1384,2605,829,2231,873,4109,3580,501,2245,855,546,637,578,830,188,536,399,1246,716,101,957,1003,584,397,986,895,297,710,1394,1247,555,15,496,764,855,1831,375,49,353,2545,1320,2250,1851,320.64260968318206,236.84039165752225,435.1888318003032,232.62201871727436,0,552.285209380081,830.0686790707074,699.790256744985,1553.1362246237013,0,908.4587101725853,1541.5134046282988,787.364631021998,538.6204437536692,0,0,0,2
600,1974,2382,1113,447,323,635,24,257,302,37,461,476,396,828,979,394,507,1200,943,345,557,1457,1167,284,623,1162,898,1260,1097,199,1785,1461,817,38,2184,2212,3322,4942,795,1960,1148,588,78,1554,1224,7,1326,1163,414,1029,694,137,42,186,933,1309,333,935,1486,969,177,1057,1168,1369,1014,243,391,1177,1794,1043,1356,560,1417,321,2456,1882,1448,1262,739,2563,188.52746959178768,201.19052210892335,357.2365717945579,439.2748640380323,0,565.288532521225,704.5177315749951,1102.8703578381858,1025.5882439519983,0,1034.746751473671,539.1280857456958,437.87359696184603,593.9167162835328,0,0,0,2
2875,1027,392,841,799,588,548,383,474,944,1031,822,275,718,1407,1412,662,113,1241,2054,2101,1230,112,642,1198,2208,1899,1800,330,2830,2720,953,1765,864,3940,2768,1581,4014,1673,951,969,375,464,800,1368,161,1168,933,163,302,572,503,804,566,650,2054,1949,550,406,1050,1243,1702,1379,383,196,3078,2203,597,114,125,1906,1050,2581,4014,1919,1287,1147,196,305,648,662,361.56023939743045,208.72551000753003,205.63335229545703,543.0671416110873,0,188.23937553020093,864.0231323534116,291.53025749262207,1573.6841821170774,0,1097.066649216507,933.1339303869881,1311.045338662165,641.8833495547324,0,0,0,2
217,1125,795,58,678,416,364,231,174,588,1355,1201,231,1380,1512,1497,805,74,1030,2214,1611,1235,1974,2994,280,1131,706,3226,3149,236,3301,2589,293,226,777,307,1154,1194,298,1468,925,256,572,516,432,301,190,602,961,872,100,914,1275,1696,1564,234,1352,1975,1428,1055,1623,715,679,2312,1794,1324,110,1679,1895,1311,536,656,160,867,1329,839,178,1039,663,165,581,222.72668526903377,106.7592054556544,139.17042787929097,54.6010070529162,0,446.85973190700463,462.651532179459,598.359150745579,1472.5242569195914,0,698.1822194882843,992.837035069543,362.12517056761436,743.7145239898744,0,0,0,2
433,425,13,164,570,748,635,104,910,1402,1640,995,101,1183,2321,1717,1185,2057,2965,544,1907,893,4896,1768,2805,3370,508,1169,1022,1724,330,2291,1524,660,1522,565,641,992,727,260,317,516,639,371,303,533,1219,1071,853,468,453,1577,2126,1449,246,1691,1160,2304,3952,2232,409,4044,1307,1043,926,2722,2144,1356,2659,1731,350,1086,1104,612,133,252,600,724,81,362,876,51.24911201495857,307.2885717334399,380.6681913407467,237.44113743794065,0,835.542322387083,858.5738064696533,1439.3508490971703,1407.7759390440951,0,1327.2300322909807,1183.1968008797,835.9009788095924,257.6607040276344,0,0,0,2
888,271,326,717,885,1048,1229,1084,273,2029,2177,1812,160,1333,1207,3011,5688,3629,2742,3200,280,831,1680,3733,1312,2269,3149,1288,880,881,283,425,540,81,1116,924,190,1210,936,273,52,268,233,1364,1706,1364,736,615,1792,2415,1585,1533,452,2537,3820,1886,1566,72,1573,15,2380,2822,658,657,674,718,550,660,524,342,1125,837,650,1286,636,344,485,684,1084,1148,635,106.96716827027291,315.07778998023923,177.67831053744052,712.2833870837728,0,196.01882562651986,1105.1891108862117,608.0807230165204,2203.785964521017,0,494.4389067832476,1247.518431061049,400.7692256827414,744.6721595517389,0,0,0,2
59,617,1146,1879,1679,624,835,1961,2893,1243,263,503,495,2119,5095,1492,1767,1126,571,804,1811,3055,1396,840,1558,965,294,221,661,677,180,620,1405,1182,35,816,1170,611,777,1295,718,448,1455,1746,1761,980,441,1795,3423,635,1518,401,1991,951,4565,3105,1848,2270,69,1018,1273,2822,1138,1348,2367,1321,322,963,705,201,408,1142,1047,499,276,536,671,920,1172,445,476,275.2589924978949,174.5606217410523,579.8389840440847,53.058500634933914,0,1059.5479838119652,450.077506529567,1868.7540594769516,553.0086477033825,0,1629.2105108592418,408.17400821938224,1003.438830399667,360.7649928012477,0,0,0,2
983,1681,1807,766,850,2882,1613,2116,4541,1467,4913,6432,211,3054,280,2038,118,3703,2795,49,1370,1231,553,253,347,22,717,551,609,1322,1082,66,305,665,889,1023,781,140,714,1309,1975,1753,416,1351,1627,3718,3398,445,2966,3074,1124,386,2385,2135,177,2278,909,152,442,568,38,575,516,470,1093,597,484,846,1063,652,320,29,680,891,769,252,102,702,1321,1387,868,144.5542959107545,328.29729996194055,294.4162192377675,967.7046021705455,0,410.27345149302556,1661.809810255432,713.4772368384075,2044.108652104709,0,437.81051526030615,1309.52765568029,357.5882590591603,1104.179521669188,0,0,0,2
620,1057,3555,5239,1171,3022,3798,2,770,1456,2271,259,1953,2245,907,2,219,220,212,513,647,444,1543,834,889,1835,1060,78,341,391,1101,1157,116,560,733,1085,1510,1768,569,258,2435,4315,2100,823,1497,705,790,3101,2650,224,2211,888,201,536,1381,1021,472,1325,784,387,1200,1000,387,296,621,1271,1405,592,869,1546,909,568,818,461,527,1509,1862,2131,1093,1418,1329,90.75492162754743,309.58189550869565,39.32676082467842,819.112820523464,0,89.81142744662286,744.6274052305843,113.68551583028335,1916.3010426316414,0,394.5226548987807,1241.7136058330943,216.37685610082605,400.6623549297165,0,0,0,2
5865,4067,930,3985,264,2082,117,3029,3229,13,2030,1426,292,613,306,484,475,770,184,1335,1196,198,714,1086,1133,495,18,690,1534,1217,630,273,609,1195,1679,2064,2070,1011,3029,1658,672,1751,2468,1638,4034,2326,199,252,1309,414,1159,1410,672,562,1116,800,28,896,1294,1185,105,751,1270,975,151,652,1416,1295,269,274,361,319,1066,2035,2023,484,903,895,3064,3814,94,327.24761274545517,218.86802625333704,430.94013753895354,416.88969175526563,0,570.7646844365898,842.8963991079847,983.6542011294034,1623.3018783554394,0,1090.8511163462078,1145.5262317098448,621.3892143532794,359.15946112437814,0,0,0,2
4805,2273,692,4,2319,2068,1583,2867,1061,580,598,128,266,836,427,646,1231,1100,33,1229,1432,982,69,338,1059,1817,1586,682,403,173,862,1574,1904,1794,386,1247,274,3003,3985,3430,1004,1723,181,587,1631,2663,1049,858,1487,1211,524,219,337,983,1190,330,1215,1270,386,428,786,1177,1364,1004,145,1025,828,1186,1484,997,157,1362,2185,3073,291,4158,1992,1416,2627,2140,4512,539.4268600088188,511.27732429902164,853.5064089989949,855.170954259015,0,970.8591620312393,423.18833105790645,1373.4201297552956,331.27128351792163,0,472.98139990999994,973.0974216897448,427.02435197635754,990.0407389478391,0,0,0,2
581,2928,2667,538,1714,118,1628,387,1935,1340,1167,1834,83,1249,795,15,413,770,1129,524,606,1130,940,168,18,27,645,798,660,177,266,2738,2184,215,946,43,1042,2444,2829,641,1545,1865,543,175,72,109,443,534,620,188,711,930,4,599,893,420,241,1076,1274,835,132,649,846,1125,917,23,447,816,1185,2108,185,1220,1281,983,2954,5743,694,3787,3125,152,1155,243.2246316284644,550.3102734380528,583.0702507523462,936.6367990812344,0,927.1674511651065,543.4239668217052,256.5705374484391,1015.135378907299,0,538.0451437453553,1667.2708401442578,879.6256263036053,944.1016579827315,0,0,0,2
1200,1176,1058,2286,1162,662,994,692,445,33,830,1139,349,1089,1904,1199,346,762,1465,1369,962,25,1054,876,538,974,1478,14,234,876,360,1940,4025,1238,1434,1072,722,1580,2499,882,1179,1667,1129,474,436,39,657,739,583,194,765,1304,1201,400,956,1819,1759,1347,577,301,1144,1637,1819,1688,412,150,2670,2139,1095,685,1784,2715,734,2344,3151,2147,531,182,121,369,850,87.57946720178518,64.56720544780084,396.8040539346255,70.53339620595743,0,574.8747515763761,743.472510748947,361.71899566729155,1000.4233740194112,0,480.04048855560626,839.4489319675939,420.55502295890096,397.60200917344105,0,0,0,2
1022,440,395,561,308,227,708,1295,1004,353,1836,1797,1325,535,959,1753,1757,1142,20,847,1172,1502,3174,623,1191,111,2417,1578,1229,1546,91,1735,2813,1557,42,1048,1367,444,25,257,18,304,428,154,650,1118,659,171,900,1205,1313,1115,168,1438,1671,907,187,827,1760,2,406,1772,1163,4448,2383,5308,4058,2297,2976,401,724,1598,23,2550,1527,1746,2377,85,1724,722,776,482.35690602200486,398.4347047679473,734.7198459809259,836.9199867778306,0,1340.5276843467277,1394.3321680553806,1162.677970866155,1160.0619689871116,0,296.0901182438467,314.76306479737536,987.2289858518875,774.6233081959568,0,0,0,2
895,151,245,581,622,392,699,1354,1143,107,1392,1966,1268,1047,2456,1448,318,1381,2280,2027,888,600,2498,3157,937,849,2475,1455,213,603,1475,1272,553,1638,2299,607,1240,1547,47,1136,690,378,809,64,479,535,224,67,719,997,338,1097,1427,794,342,814,1643,1797,1185,519,1693,2711,71,2762,114,3159,1751,4777,4883,505,3222,1107,1121,327,1866,1201,1064,2297,998,1226,1690,288.62581423111254,278.4130653568229,307.19851860985455,428.1882232898279,0,699.4035315895967,783.5485956878857,1709.3038533436568,1001.1173556563836,0,1461.1879322743164,1156.970062760085,213.97329337496723,750.056036039589,0,0,0,2
858,851,140,140,37,595,863,823,252,190,312,1215,2051,1241,539,1464,1917,1922,689,370,1765,3167,1848,123,1710,1166,2165,304,3015,3023,430,461,308,434,1170,1400,479,1004,1194,140,981,907,359,106,297,108,684,1380,1541,927,39,1144,1786,2038,1801,126,1648,3659,418,3932,357,6109,4887,4788,7331,920,3230,1452,1870,634,2458,3248,623,2611,2282,711,1763,261,1025,727,145,247.95878383973914,480.3478162602089,624.7577487556882,610.1248527777049,0,619.2502018570523,1685.130339338023,1031.9553338082367,2929.184098501426,0,1504.6463468378386,1997.0629012686463,867.3560374097051,814.8132756668888,0,0,0,2
402,1098,487,593,1057,1023,948,698,22,1477,2216,1477,105,1371,2576,1473,2899,2771,916,1628,2619,1213,227,724,959,637,1447,2448,1926,344,1294,1433,109,773,635,255,480,84,977,1546,1059,394,74,235,790,1398,1430,1259,35,1734,2486,2507,1212,1776,1251,6883,4892,905,5574,1728,2506,1681,2513,4614,1388,2031,1903,234,329,121,145,593,521,785,1399,750,46,438,595,1470,1465,127.42302726511328,250.40077359075417,230.699537759872,321.2567894327025,0,634.1980704007227,738.0306970258641,1098.9813345628415,1855.2816851018936,0,1086.189033446331,1487.9545884722936,1214.0089549488782,945.458628703877,0,0,0,2
227,1032,1344,469,229,454,482,2038,2491,866,1286,1262,5086,3863,756,4125,198,1708,882,3187,2299,1147,1905,878,417,254,33,580,548,240,1254,1269,131,391,649,670,1110,1090,117,903,1227,848,1059,728,466,1784,2730,1541,2446,879,5783,5659,1825,5663,1095,4486,140,4530,4258,436,1477,710,855,843,2164,920,1334,1724,276,1204,1360,913,11,375,1116,1463,970,63,775,371,824,192.83519857877556,644.3363496111901,122.80057058910418,1404.7545299447593,0,386.0690903193365,2113.0352263260124,994.8455005418908,2483.087074471663,0,966.26405088257,1919.2807076527233,587.3535843065816,997.8596893609947,0,0,0,2
1889,1444,190,1141,1734,2476,1482,2029,1722,1840,3215,2956,663,1057,1083,1169,768,3033,2149,191,1183,661,392,119,208,276,917,458,1312,1474,583,303,621,667,706,487,129,897,954,873,1023,608,96,1735,2358,1659,1015,2627,19,1413,718,4385,2141,2462,3102,433,982,932,2344,603,1873,2314,503,1445,1361,325,545,923,1060,1028,361,1073,1654,1041,97,787,874,1054,1488,1270,745,142.2017029943877,101.88741777402323,269.3209235871798,374.17252247038255,0,481.6468519569084,580.2109795713503,1454.6910415544057,1478.9262295697401,0,1391.7520947735943,1027.4249401477139,629.1247776332473,354.5952243574996,0,0,0,2
235,988,2898,1217,310,1210,532,1771,5630,2878,1550,1592,361,726,1895,2814,1371,812,1915,874,528,822,412,132,255,452,1263,1156,247,1066,911,522,250,226,818,1065,1097,1172,863,184,2175,2121,1874,896,3945,2950,1520,1055,412,2169,56,2910,3394,538,1137,505,535,292,610,587,642,1053,208,997,1342,622,638,897,920,639,17,1102,1592,948,313,436,208,983,1944,1629,1467,20.675461050617372,131.08504857747891,268.19524492214634,627.402363232299,0,546.2111793985913,825.073529680247,1363.4653785743803,882.341456313631,0,1194.966702585242,1121.0620521565531,690.5449163416782,988.0417937281036,0,0,0,2
2251,2964,72,1774,1200,687,551,2310,2199,1281,379,383,45,280,580,501,142,815,640,231,894,934,778,9,848,1223,617,298,1253,1445,793,326,78,301,1174,2150,846,2038,3008,1016,5740,5890,1229,4065,1171,885,932,3420,1159,1723,2341,760,1057,1026,174,40,403,459,754,1657,1526,265,1213,1306,1154,1167,261,1773,2340,1645,962,700,796,2250,2810,274,522,205,3034,1029,3412,239.2374612801783,210.44551454004392,420.2545773141426,631.9541973077966,0,996.0427563613923,500.87433579316917,1929.8578645240514,654.1132473076777,0,1676.833891856911,731.0445909285297,729.8918662266008,802.9384770024703,0,0,0,2
3909,1044,1169,7,205,436,893,897,70,735,576,126,695,664,722,487,451,1553,1377,345,751,1669,1486,754,521,1636,1405,1117,827,723,1723,1380,2526,1711,3416,4771,2114,5251,1900,1027,35,2055,291,2294,2353,545,1098,930,150,15,42,219,724,948,821,265,1189,1573,1534,781,856,2391,2649,1697,577,94,916,2124,984,1938,3529,902,2672,4138,400,1277,2466,3924,1330,2883,2985,267.1144624520306,402.3249301237921,253.97050225367582,1141.8886953566873,0,364.18294852999367,1836.227590372584,446.13178189431585,2340.269578950396,0,312.6427029948575,1666.675775961501,457.56479975721004,788.8724737588454,0,0,0,2
243,48,336,589,410,10,622,856,661,218,1078,1450,1017,229,1168,1578,1581,779,189,1152,1375,1285,634,1651,1977,1531,4781,4173,1624,2972,261,817,745,3096,1423,2110,2918,882,1439,1454,299,150,212,437,1003,542,434,1067,723,48,913,1178,1515,889,681,1625,1780,661,347,707,965,403,1654,1370,666,1494,1438,13,1261,2008,728,1923,2860,849,509,920,883,560,109,473,801,123.67868018017926,164.12677058474986,227.01518407427457,231.97435384086594,0,594.8747620297906,439.23250981866215,1412.398002987127,1092.142462854893,0,1217.474186533859,1017.2489233955283,766.4712982622879,246.98356430408955,0,0,0,2
636,61,381,265,408,449,460,701,1516,1425,714,514,1169,1776,1809,843,472,1527,1510,4164,4799,1239,6548,2861,4360,1803,4176,4318,960,4581,2108,707,525,648,71,1818,2118,342,1528,1490,62,148,68,491,1576,1746,778,366,751,778,2082,2651,1190,656,1633,1867,2476,866,1879,2333,995,1559,2575,899,131,1183,1944,1056,2366,3156,1509,289,1526,909,284,377,147,277,622,328,38,372.14131336571063,278.35390399610156,441.3924919434639,739.8276407452468,0,797.2391501299971,1496.0210692471162,1422.5134611833853,2350.6924724395426,0,904.3343060118455,1852.4902723161224,549.4894507266353,901.9380128198466,0,0,0,2
423,377,909,1427,1073,269,1377,2256,1958,1088,17,1021,2413,2325,2238,1446,3252,1926,2459,209,3551,4353,730,2245,2515,442,104,996,1109,597,1865,910,959,1110,134,894,570,377,540,328,657,1419,1557,678,454,752,1398,1617,597,1110,2106,1844,2517,3,1527,105,339,471,3075,3035,144,2175,1891,150,546,704,220,688,643,55,643,228,302,632,301,305,35,281,798,917,664,127.5122047229552,218.7725672701283,269.81691249700793,361.83488718262174,0,336.5514856600696,794.2323759762626,337.5555414943811,1772.9495636899546,0,776.0301310902588,1261.8967078791186,633.2248847272581,856.8191389832539,0,0,0,2
330,955,1470,1039,90,1042,1495,1773,405,674,1400,5617,3575,1845,4453,183,2523,330,3003,2759,1483,3317,1205,1112,1302,217,89,690,378,763,1213,306,903,1516,916,466,249,319,899,1905,1799,593,295,1159,2296,2657,977,612,988,4295,3899,621,3313,779,2092,336,2892,2969,86,1500,1099,414,316,789,554,793,1316,609,946,1333,801,354,270,223,858,1506,1697,1195,509,471,1416,124.4064636689153,451.22206084950506,145.66642302821938,686.3498192096805,0,183.4754479487651,1307.3149449669804,736.1824843501349,2323.076347608392,0,855.1129399358921,1444.9746735547997,821.67797089331,988.9287181007536,0,0,0,2
2272,2576,1449,524,2016,1146,3991,5706,18,2291,2933,1380,196,492,1786,2082,617,3119,2223,203,880,201,212,330,8,988,775,465,1161,994,249,396,49,918,1364,687,404,745,1221,1544,896,969,2462,1817,2869,479,3432,3197,1157,2391,113,2061,318,2155,2788,306,706,608,574,314,65,552,482,127,855,1403,619,30,666,626,616,791,491,54,895,870,898,298,697,1237,2274,128.98874221163078,360.8890748443215,261.02840235137603,816.8183475464211,0,373.74700333246824,773.1583530695873,832.4014135363832,1352.5412954293688,0,859.7294032472414,1011.2114177512746,185.97772433151115,1468.235113619385,0,0,0,2
1084,1979,2069,2913,6824,3772,4017,4131,594,1688,1240,3622,1305,1902,2346,859,648,566,90,530,565,582,1649,1095,229,1328,1121,1118,1048,176,925,1560,949,641,945,244,1375,2548,1083,2199,2464,1113,2992,4075,519,1256,177,335,402,2628,2047,413,825,1611,1087,157,790,573,84,706,1331,1043,404,818,1368,1099,293,1015,1118,539,55,169,343,949,1419,1591,389,248,2148,4221,2004,290.8413552473604,181.3713699969328,168.17439326108075,516.0766693297504,0,124.05326476961419,1245.3268304277492,1175.848891858087,1590.077564634541,0,1585.8947480799661,1707.0331819026096,1324.7734042880304,1547.3784037221017,0,0,0,2
1504,3650,466,946,1579,2603,481,2949,3148,599,912,676,153,227,394,251,679,1393,693,761,1826,1548,776,127,577,1443,1651,858,408,261,1416,1717,1648,1305,1557,383,1655,457,289,681,3531,1781,2531,3718,1787,258,354,949,249,1012,1717,1111,264,1113,1033,321,589,1404,1262,1145,596,703,1734,1623,713,81,578,949,1358,1958,1628,2175,1203,5779,3296,1961,3263,2136,3884,354,4527,368.0009884771505,569.4290747647558,743.9414976568105,1163.491013562905,0,1003.6898375494295,1227.2029567770205,1078.4044292113315,911.57293182783,0,901.9621458213984,1188.1934523813677,1181.3713852177361,1252.638085937798,0,0,0,2
3116,1413,2105,56,952,212,1538,769,905,1216,313,1369,947,328,256,622,1306,1453,392,1391,1966,601,153,296,763,1539,1745,948,1116,2030,3440,289,652,258,2453,253,3576,3638,549,2373,1543,106,6,357,578,109,442,155,351,757,610,502,259,957,1482,1157,134,994,1559,1031,290,455,1342,1603,1586,713,354,872,548,251,987,2121,1423,2192,3221,1696,710,652,661,850,2161,199.82589177352418,562.8730248622558,507.57971052015085,365.19688371989673,0,784.6502166570784,327.3244706687193,487.97223179869616,1599.7239037323816,0,346.89567704028565,1336.7822446531109,394.88349359976496,585.7983931348933,0,0,0,2
1517,155,560,377,175,195,49,385,1050,829,374,515,1472,1808,1095,88,1139,2215,2097,1007,44,634,956,1371,1545,2155,170,1810,179,201,202,2223,3442,1173,1235,2135,966,612,870,501,20,937,1230,227,535,725,550,682,434,552,1858,1538,196,956,1837,1884,1292,470,475,1383,1839,1942,1652,452,34,2698,94,5318,6230,571,4492,1808,880,757,3356,1419,1962,2613,613,1489,1184,192.71979695575595,229.84996205330117,328.51197554456155,631.9368765781592,0,703.2780389006898,1232.2007927756213,828.0435599636869,2030.5916404376565,0,876.7096644506801,1393.4223075181242,177.53763255200062,544.7439490587634,0,0,0,2
251,487,110,40,1112,1173,19,1545,1375,515,122,591,1561,2392,1216,686,1648,1284,1488,1523,275,183,1926,2386,994,411,368,1738,190,2810,3468,1560,1613,1484,318,258,518,79,14,616,205,640,1132,689,101,711,818,948,634,958,1970,1713,86,1234,1149,990,1122,1336,837,594,2878,1626,6280,3254,5230,5116,509,1952,1139,2596,922,3430,1759,1401,2681,956,1194,1311,478,46,337,174.09876365744836,492.0794284819068,396.1226840434933,1014.6294871170678,0,855.2143707866468,1236.0275890743721,1934.8369982769616,1319.6756818672284,0,1804.620736710989,743.5764535333008,1313.2135340376253,433.3147017256551,0,0,0,2
74,830,1658,1009,210,902,1564,1867,1480,100,1368,1876,1981,1857,946,1547,923,349,1513,1997,3580,366,2059,816,197,934,2873,2154,114,1978,2349,516,1075,1092,389,148,454,265,700,1411,1002,95,599,968,1470,1827,978,518,1866,2526,1948,1316,1419,910,3416,1459,5216,7715,97,5640,2711,1464,969,2500,2523,634,2722,1501,1256,1835,426,511,606,438,636,596,253,1285,645,216,55,233.8160346123386,373.1914625453001,463.9836813316035,703.1381743051506,0,968.0131778545167,1202.7420473009283,1665.4138629196634,1501.876898632989,0,2415.4528012833866,797.8885092356886,1379.455843089403,711.3262077005174,0,0,0,2
615,1345,1847,724,1358,2078,1670,1410,468,2200,1224,915,2051,270,1189,3641,2010,139,213,1038,1399,1185,2530,1396,503,1765,1146,307,1192,1106,308,8,502,803,989,351,374,676,977,587,43,864,1345,1348,1111,133,539,3965,3670,2492,3606,364,2615,2327,5183,925,3197,2518,604,629,1159,1680,467,1454,1409,766,1895,1012,694,1187,569,264,218,252,805,836,39,642,583,537,1186,262.7044870736078,404.5451482647852,398.40800308042225,923.0000399527755,0,588.9520969484701,1200.7830532081468,1385.5212270538373,1517.550266518163,0,1736.1207466360033,597.4615528605016,791.1719889569113,484.81230280935637,0,0,0,2
1505,1316,66,1586,3107,924,362,875,227,1013,4162,2373,1195,1452,87,801,1035,2002,1267,192,1811,1417,290,1201,950,82,177,513,1070,1291,54,1162,1008,554,146,27,185,833,1183,1452,1328,621,2111,1404,1839,118,3419,2898,4062,5459,550,2495,726,2333,798,2167,3082,1045,1530,1518,302,460,709,921,1146,509,923,1985,1260,3,823,1169,1364,1449,858,131,67,513,1575,3321,824,229.81685445133968,352.5641493724522,190.37268639428717,988.9686602987626,0,522.517679126745,1330.3049666186655,977.8855996509025,1969.6509701859593,0,1341.2335381923094,1137.1888596544077,866.8140138164795,397.73772390243187,0,0,0,2
1532,145,565,1035,5350,3172,1978,2848,471,603,1599,2274,822,687,1560,936,35,601,932,597,224,514,1256,1219,95,810,1203,1123,473,212,922,1201,1009,1413,1451,376,1691,1820,2610,3178,335,2283,3117,557,498,2042,2483,246,2555,1866,123,75,483,373,554,1100,228,1005,1163,430,473,1237,1054,403,475,1333,1745,1143,229,96,362,859,1720,1887,690,1189,379,3763,3723,667,1448,151.5467622979966,53.788216528860566,193.30605183916532,711.7806631154099,0,379.83641544749236,1331.2556046902655,774.0860872637929,1453.876615439939,0,913.6743998758999,954.4850128506647,628.9736086324367,386.2905565404018,0,0,0,2
1234,739,2736,4057,1300,1947,1426,105,414,149,516,58,671,194,473,1017,666,155,1099,823,101,972,750,395,126,975,1025,691,490,2,430,1487,171,850,4337,1192,5180,6402,1200,4918,1131,2124,502,2621,1809,1252,2472,581,2082,1759,275,1221,754,140,620,690,530,1999,1402,70,1154,1872,1729,1317,131,1382,1559,1371,1774,1951,1379,1622,1235,499,1711,4838,1372,2725,2358,698,334,246.69736936629647,493.5036297990166,242.64218117508395,1268.5307222408492,0,229.97236790536383,2020.4512052920059,705.118970548429,2292.3662946089357,0,1348.8803757959013,709.4146322203155,1502.6696921441956,521.811675339155,0,0,0,2
1996,1293,978,1571,844,294,907,521,65,536,575,948,897,291,923,1469,1079,111,1612,2045,1288,64,962,1186,1684,1629,1216,2225,2607,2596,2777,3290,6166,465,5685,2863,1093,769,1712,1113,1533,2708,1011,1794,2143,207,1231,1171,195,262,782,447,1035,1696,1314,186,604,1218,2260,2554,1238,250,1365,2211,2354,608,1431,1693,1068,2798,3032,449,350,2270,2822,247,3612,3148,606,1057,1518,465.19257125552014,241.83521870679024,507.5313492749343,979.1155889351053,0,428.5733338648124,1799.7700431467272,834.4046897531098,2827.1102446928558,0,646.1204962774012,1457.7192850953918,194.5623233487365,545.7094022250201,0,0,0,2
256,121,405,919,676,119,981,626,366,459,278,1483,2279,1468,108,1001,1517,2069,2135,418,767,2409,1077,2445,364,3880,4365,1605,4750,2151,591,369,1521,608,1809,2828,1264,1311,1819,430,530,776,492,291,161,143,575,1379,1663,594,677,1442,2194,2130,1044,315,1709,2217,1801,515,1868,722,3156,3071,2148,422,209,2096,589,2210,3369,1096,1187,1735,1640,519,647,792,469,88,251,276.90838556327765,275.06202696001367,248.7686436947785,440.40393189897407,0,427.22716439851996,1101.0225734320948,835.3671188780153,1933.691651709717,0,597.4524267950458,1743.4647498009822,121.83147227164369,626.3585265860235,0,0,0,2
570,233,113,284,814,1074,661,145,1065,1605,1569,976,257,1686,2095,1776,644,165,3078,6205,1623,4622,2592,4599,3626,2703,5285,1513,2347,1562,82,73,1045,805,925,1912,789,932,1506,626,58,299,555,1211,1131,539,735,1552,1621,1581,766,1064,1944,1776,1476,1670,951,3610,2666,53,767,3125,2460,1515,3582,2023,264,327,445,533,1131,1163,305,763,1146,350,740,582,123,166,230,213.93326247063692,503.2880129459031,133.05733360107703,1206.5493477998887,0,299.74082137740265,1829.862094850993,984.4063897779696,2330.0210410718814,0,1127.8116289619825,1579.995658326029,740.8680792068843,867.3915462538179,0,0,0,2
218,1127,1334,644,410,923,1500,1983,1150,381,1792,2288,3890,1384,4462,4016,1138,3337,2373,5138,1034,3085,2808,94,587,674,1110,140,1540,1289,426,1508,799,689,1041,624,21,222,565,1024,1270,492,191,254,1164,2176,1623,166,1384,2105,2636,533,1338,674,202,1054,4045,2092,1290,1583,84,737,1509,2443,675,1262,2069,929,481,967,598,212,523,842,800,267,851,1171,1002,690,360,183.93859480770496,463.70033176011543,335.5546451889318,1027.817016527883,0,414.41877973856344,1299.9487678148637,778.4769351695816,2171.984742971298,0,925.015456276852,1663.4649505160469,380.948875744967,427.76512681007165,0,0,0,2
382,377,1700,1611,1010,55,1402,2700,1876,2407,3252,461,4788,4620,869,2649,268,2021,92,3466,2671,877,2623,1880,206,334,235,581,560,243,1102,839,189,1181,1072,738,418,360,272,1273,1668,1120,497,119,1716,2944,1908,1682,793,3644,2882,2152,496,382,766,410,2136,2456,453,822,1028,1079,487,46,539,1004,370,433,1200,1051,61,1162,1326,1227,595,298,87,660,1184,1225,1364,242.85162300744057,319.55347578498476,249.50923966797305,525.9590245709256,0,346.36810621071913,837.0907342128584,867.5652411115866,1700.9910524722554,0,793.7783946596056,1098.9240608306422,362.4692169550809,1174.8589126840152,0,0,0,2
831,726,2214,2555,2714,841,3568,1046,1573,1107,3025,3399,466,3298,2537,204,441,905,1232,561,2218,1499,661,1487,515,747,1378,1240,243,715,1369,1204,775,171,491,924,1108,1079,710,439,1265,1910,3036,369,2551,695,240,155,2753,1881,1672,2977,1398,851,277,454,202,524,1159,485,632,934,182,1004,1193,633,383,981,1290,1119,749,75,1020,1027,619,418,256,374,1784,1918,2675,241.34671834709457,297.9599124422109,166.78745665545657,366.4268666241014,0,308.532433465268,844.5884186956528,325.68441015795753,2009.3593467521816,0,744.012619902748,1867.5639673207934,366.48670964131236,247.08937724750058,0,0,0,2
14,5138,4264,508,3313,1106,3308,81,3871,3612,681,2193,613,1038,666,1547,1781,527,1857,947,716,1482,1124,388,380,575,1579,1795,1044,163,821,892,1266,1677,1267,157,138,3624,3693,110,906,483,2212,189,3443,3435,887,1743,735,221,413,1119,1218,90,1094,787,124,717,560,268,438,1010,1326,694,479,1396,1555,560,271,543,657,1071,1405,334,528,1255,576,1953,4805,3164,1920,215.35505047216498,220.40192152187393,79.99912592296963,428.06731238696796,0,320.02428032885257,940.4432388789867,1075.1348178291003,2269.393540816682,0,1753.803813479678,1408.0379133397764,1209.877553418501,542.4405431923952,0,0,0,2
5128,1618,1342,570,1071,795,1987,2449,639,942,1180,379,312,141,321,726,349,784,1608,1487,140,694,1155,1437,1158,97,1335,1583,956,571,483,129,1139,854,2602,3863,1597,1943,3492,459,284,2070,1828,632,2887,1619,100,159,100,212,546,506,196,954,893,18,515,824,1046,1043,289,1139,1996,1030,127,586,1083,1500,1385,856,229,429,2074,3394,1381,843,569,2026,474,3085,4220,62.286721984312685,146.61389524747884,166.1838562112305,726.1312841886738,0,38.97178466531909,1283.5269289983312,402.894636313344,1677.050119199589,0,468.7941257492748,1246.6695190178666,106.83209536522175,443.25126650108615,0,0,0,2
1488,1678,1233,96,437,1411,1511,382,1033,1340,706,51,662,1207,1393,1174,38,1234,2116,1491,318,324,1255,2239,1926,969,364,495,761,1097,72,1006,3178,3520,1837,3316,1262,430,1467,2510,354,2005,2052,692,319,348,193,240,396,241,823,1268,1062,292,838,1531,1100,445,428,1565,1735,1094,310,297,798,1612,1807,1153,1331,1712,1661,2317,2057,6375,1521,4208,3584,224,515,1563,1914,435.16098512105947,383.72265628574473,955.2462920482378,208.6238100710788,0,1315.3530980310952,173.94906202346237,1343.0341512694358,993.4141988741982,0,1445.1823209480222,1235.9883205580081,865.9913070380728,612.7405910020242,0,0,0,2
613,2558,1681,797,1798,735,331,566,586,1039,1221,248,1765,2021,926,297,1169,1556,1860,1625,287,992,1169,1602,2015,107,58,897,744,2188,4752,2170,1497,1548,660,838,2265,1408,517,1456,1277,110,773,939,421,83,318,1075,1333,694,707,1520,1174,240,938,1775,1796,559,656,1077,1172,1241,1866,1392,3039,2153,3552,2912,7656,901,5995,3450,1362,1128,1743,1386,1223,2297,827,1873,2070,440.5796797286501,499.2461027729771,425.55630913687787,1152.275887397679,0,749.8558344775348,2065.269274257683,1499.472491147445,2373.568757122884,0,682.7779400216,1010.1712703694553,578.6135115890798,780.2392819688931,0,0,0,2
154,1372,995,260,395,607,146,1495,1425,526,553,1324,1535,1561,511,1380,1997,1742,1336,1108,2214,3493,908,819,717,2789,1824,2369,3812,1680,807,353,115,283,600,655,155,1008,708,339,1081,593,234,362,457,676,1367,1077,9,1403,1815,1592,1063,188,1468,2347,2221,1456,1463,1855,1415,1203,2581,5582,984,3474,2407,409,350,2364,2384,485,2719,1736,753,1775,962,99,493,282,430,130.72689190965863,171.21747940438047,217.69043206006145,838.4337167766349,0,218.02157003379276,1342.4682619900095,720.3205434816318,2256.0252911296925,0,364.84083703509236,1464.5322813456644,232.7635953275591,672.3482578621703,0,0,0,2
899,907,150,822,1257,1185,1170,697,1107,2467,2595,1819,788,443,2352,1091,2147,4038,1628,1976,4912,1075,1259,995,2927,1701,2345,2908,846,765,1594,762,146,327,401,537,613,124,574,1090,495,186,53,850,1489,1397,173,1678,1945,1601,713,387,1785,1781,4188,4867,2655,8080,3203,4384,2310,3519,3847,1235,4677,1998,1460,2045,676,319,287,213,850,712,323,1034,702,43,391,126,198,279.57085982297366,446.90119308455763,540.7850349436926,1020.1150566722877,0,733.503728688546,1572.287108093686,1097.6807825814665,2789.4487747058047,0,847.4290295461938,2242.0246864096193,622.7051895492168,1466.1756856326556,0,0,0,2
594,503,767,1723,1286,655,271,458,2196,2895,1237,298,1771,1844,72,715,2213,2504,1492,2664,1031,152,652,1861,599,1464,2253,1564,582,1688,1249,167,559,582,562,317,86,658,1035,865,455,95,528,1316,2039,1681,316,1402,1873,2027,1133,2054,1448,3534,5505,2307,3283,1769,2381,2140,1718,4252,1898,1252,1813,477,30,789,812,606,1849,1251,731,1384,625,25,175,145,929,1853,1411,273.2343920268724,307.95032040733986,343.04969896915395,477.22986075894573,0,207.0440774328017,1112.9404495305616,788.7361649360919,2249.231781862781,0,617.0568173364142,1444.696643599307,377.0648561556545,563.2732882691517,0,0,0,2
432,335,386,1922,2477,1871,200,460,538,3722,4005,1072,3144,914,1842,443,2676,3321,273,1582,1453,734,1,167,430,767,525,336,1065,408,377,588,411,600,535,8,614,1190,1160,931,418,1132,1855,1724,108,349,1188,5216,4120,1189,4860,1077,1972,207,2822,2423,1316,2781,1305,536,1082,471,212,509,349,757,1239,236,679,1108,642,78,486,774,1173,1365,1018,524,539,1752,2161,221.95014230793223,323.9886356504311,322.12526379269246,721.4713317124078,0,172.60482322345456,1583.462816265107,138.41505435489236,2176.159707970458,0,398.70137823948676,1254.0554758837425,562.9523598549248,1202.80332439979,0,0,0,2
2070,111,259,943,2237,4755,2869,2643,2650,449,632,1754,2896,777,1482,1918,914,239,436,418,522,482,148,1198,916,222,1331,1248,331,546,809,804,1024,725,333,257,1265,1571,1727,357,1108,3330,3095,1338,2490,999,2660,2161,4488,1136,2258,2041,454,792,1004,1635,351,1519,1889,411,1088,1408,420,513,1074,1042,959,274,994,1719,1378,650,550,463,458,1338,1896,1905,1125,560,766,491.5600544613253,143.96822630874541,744.5562755784586,280.29021179408363,0,1104.3433852294313,392.72305156511084,1690.9070753593417,1040.3298224939167,0,1700.8093981782492,929.4149411312816,1177.6850148352044,700.474821627839,0,0,0,2
2761,5186,2543,1519,3704,665,766,1580,2858,1152,1948,1770,462,285,454,475,600,1337,631,418,1035,826,271,544,1189,1629,1127,409,27,762,1317,1523,1263,464,322,1319,2023,2589,136,1704,1989,3684,1140,7346,3476,3047,3775,290,1182,1304,2581,638,1922,2237,640,607,641,418,414,374,1581,1459,396,773,1121,1188,1081,708,301,1336,1420,1003,571,221,600,2986,1534,1319,76,2045,291,334.29574293236516,455.06307576665677,174.999671042514,939.307752490023,0,219.87442438810388,2179.2866887558266,766.4298732524766,2346.896316279224,0,674.341785516235,1706.6604844261783,723.1950903000422,754.2919323680285,0,0,0,2
4845,3620,1418,3100,626,962,583,1633,923,635,1586,1129,327,1281,987,296,1176,1280,756,16,956,1529,1532,431,946,1096,663,268,266,185,880,1891,2170,95,37,2229,707,6072,4516,3235,4716,574,1259,828,3057,1411,1979,3041,1477,915,1211,255,48,278,43,952,1573,1005,837,1589,1171,915,725,136,1202,1643,1283,672,150,629,1543,1598,2195,630,71,672,589,1812,3912,1873,1623,645.0494989187625,42.986636203262,872.370286466501,395.535308161242,0,1062.472543174646,942.1987787400799,1442.230749063381,1792.2576348445696,0,820.1025887369392,1466.5868883121216,87.76245681826549,1203.4938517645485,0,0,0,2
2257,1083,89,999,1194,43,971,1086,636,254,998,1149,85,1097,1536,954,29,929,1513,1386,395,810,1063,1074,1075,1257,1541,993,81,839,287,1962,5861,2152,7290,7792,729,4260,36,2887,243,3432,2615,941,2562,1109,612,690,237,182,1210,897,659,1460,1251,573,24,830,1608,1704,673,588,1194,1344,1532,1580,926,225,424,2260,4439,1805,1202,3027,577,399,1840,2588,764,1987,1886,343.8516712739873,494.3627064636705,524.903187572009,911.3450779802743,0,438.45169916422947,1947.6652645915547,1150.8959252791706,2513.791934100852,0,1017.1039098972608,1873.7835135610349,715.4449979587137,829.8090010511656,0,0,0,2
398,464,23,58,289,80,462,1232,994,300,783,1609,1446,510,451,954,1510,1250,278,658,1461,1069,1150,1360,1956,999,4637,2816,1297,2421,1870,3299,328,4087,4168,367,2440,711,1473,944,1080,1094,755,1683,471,1189,1595,1015,238,180,1079,1338,879,479,1898,1825,950,297,297,834,1208,1686,2206,249,1119,131,621,2942,4132,129,2509,1723,309,592,2080,747,878,1524,1114,125,656,76.36289869414482,317.7321352799805,225.39229023349856,488.73860715080536,0,487.0937692067104,829.6516254292278,1276.6779772448638,1942.1223609879698,0,1230.703238948847,1391.8604354242725,964.8513323651094,418.97045521238033,0,0,0,2
809,746,267,198,394,1084,1406,384,897,1619,1499,607,357,1347,1711,1510,1396,581,534,2135,536,1855,1266,5029,2138,5516,5301,226,2385,51,1673,921,2950,1632,1435,2840,1002,1246,1201,189,123,798,804,427,1963,1202,130,389,1159,1935,2047,639,1290,1777,1155,1300,1090,229,502,1630,4392,1868,1732,2898,860,1493,1960,3822,1670,2809,2776,0,1610,1321,50,231,58,218,665,1251,617,315.0035176717768,292.11865845712873,465.48761338282,937.1481366368649,0,571.1091182952695,1411.9215790483636,1334.7640750714145,2581.0002684040555,0,965.4564489340128,1719.7802169175932,341.84091765493395,583.0110400748245,0,0,0,2
164,781,861,760,668,604,1963,2182,753,435,875,1466,1772,1903,513,261,3552,302,7339,5668,2985,4727,112,1668,1900,4310,499,3734,3069,559,2820,1411,686,566,125,342,1131,1010,189,1237,1072,695,411,534,1611,2297,1423,61,666,1526,2191,1888,2,201,169,2685,3497,1259,1587,161,1801,373,3507,3451,243,1374,1076,767,789,479,408,973,630,32,208,104,632,706,367,361,1152,294.66730673905744,534.5408985027332,495.31609536898907,1237.7233744816947,0,703.8876135435258,2138.559544246363,1387.144551827172,2258.409822400553,0,867.5332627915936,1611.4320980473508,233.86466582623382,456.23750177076556,0,0,0,2
1474,1224,486,565,1768,2294,1947,860,943,1424,2513,170,2526,217,3023,3163,2504,4937,2088,236,713,719,9,2057,2426,220,2033,1646,209,1030,664,676,509,926,1741,997,607,762,476,732,1001,976,490,2007,2244,994,476,674,2191,1010,1958,816,2699,1922,4010,4163,137,1827,271,996,708,1924,734,1091,1695,553,1032,1176,516,17,19,277,622,1106,1007,256,760,1592,2080,2092,1243,178.22101527891516,545.9391964043438,223.79578755581872,753.4546937160435,0,431.0716790743739,1632.2442607164066,214.20109703010172,1954.067044191274,0,183.95037670036436,1786.3854393551007,748.0221910568044,624.6959315867523,0,0,0,2
135,1599,2897,2613,1311,1042,2372,2748,5606,6008,1533,1467,1860,679,399,883,2156,1477,1147,2974,1126,1537,1661,123,962,526,305,423,6,483,506,229,723,857,328,175,304,1122,1560,1104,289,1540,1547,1366,153,204,886,2803,2034,423,2126,2,172,1188,1863,1113,1064,1501,1362,207,1213,1485,755,86,706,926,703,318,685,689,366,315,87,681,1085,1407,1310,874,330,1669,2023,384.2608546662759,652.8736047606584,512.4980152855427,643.310321926203,0,408.46985506889,427.77553489546267,1157.4850069440158,1101.1588139110506,0,1535.0637164720054,1028.8075922848107,1075.5720196276222,368.41044598660295,0,0,0,2
3321,584,4517,4121,89,2789,1438,3726,1007,2537,2849,135,821,164,685,487,798,1002,334,1319,611,817,1630,1025,755,870,419,221,231,359,1187,1123,642,490,288,712,1920,1945,1530,1547,2431,734,1216,1755,1590,2360,3322,1428,157,163,1232,304,1300,1693,641,739,1373,1255,376,625,1340,1176,3,673,938,1051,974,81,958,999,839,864,1328,1292,483,1573,2155,1710,2530,401,5250,300.0673855490229,349.5891731467791,432.02366560761595,559.1254898334189,0,675.8138445607638,742.5044542502219,1287.6010609066388,1566.3787181337564,0,1391.689656203499,1058.48303941924,523.4263870027402,179.52423463751242,0,0,0,2
5027,295,3726,641,3861,1063,3069,3714,416,1524,639,648,272,1184,1113,677,1581,300,1292,1240,237,695,1048,1010,573,51,931,1185,791,557,700,126,1153,1467,1476,1220,838,740,330,2496,3309,1677,3245,3167,18,786,698,1845,288,2029,1676,283,1098,1042,822,434,773,1256,906,407,1565,1440,476,373,901,945,748,564,30,598,632,1042,1283,825,734,1745,3808,4356,171,3435,2212,832.6269593657097,563.4254571495788,1022.6184393184575,494.06679927138106,0,1290.8691180751055,500.5335156857272,2049.638024048754,406.67186842717547,0,1316.8788082218853,646.0630238541914,300.2756122354065,804.6374583322975,0,0,0,2
1455,480,3124,2043,1130,2413,766,375,371,1645,1346,912,2217,814,897,1053,541,153,531,1094,1473,983,188,703,972,1059,1118,1082,443,866,1975,2277,2106,988,1335,1889,5491,3636,572,2689,297,1179,1476,3150,2563,688,1829,368,265,160,720,150,665,515,668,1614,1009,272,1211,964,537,408,36,765,931,417,33,203,679,1357,1943,1456,60,1889,1312,1631,4193,2457,2711,6437,2375,547.2185976095827,535.4322451833068,721.5672926684867,388.80444810868914,0,1198.2725117851949,606.008458264507,2002.6829075305277,637.4775508787807,0,1373.9654384063317,498.4630845564411,317.98293362970344,269.38455177820236,0,0,0,2
1890,880,1640,1376,2116,3569,1605,1199,1735,306,499,53,135,1009,1247,73,1463,1632,727,34,696,705,832,1030,349,499,1116,1486,1828,1707,682,110,3558,5143,2312,791,3561,837,142,1638,2426,1478,1021,1137,652,149,105,340,132,398,802,28,1246,1453,736,330,738,872,658,417,87,894,1348,1207,714,439,78,920,2173,2903,994,795,771,5872,4346,785,4549,1396,1819,351,2453,388.22926435918953,411.00101063938365,764.971705818959,462.86975966398586,0,1038.5220375610718,303.676276970932,583.3943923267863,957.0294456251482,0,1127.8912031755156,1077.8407604446045,1405.278392404175,858.9979881554468,0,0,0,2
3070,57,2154,1292,272,588,174,565,1218,387,1179,1665,770,474,1068,809,672,87,980,1504,1274,136,161,373,296,1919,2202,737,342,2779,4869,1282,1482,1552,1387,184,2961,2669,356,1720,489,748,288,521,795,154,914,427,762,1387,728,190,1073,802,164,281,791,928,590,114,358,533,893,1366,1320,63,1103,2054,2175,1506,913,4135,3068,497,1386,1976,1982,1386,3427,1505,1289,129.12573851944043,187.4146750332203,574.9830723985604,314.40647728000704,0,1100.1196298584987,1063.2234665859967,1239.7137099578101,1266.3529174077548,0,1208.6890944746744,1001.8406973266683,744.3066360234948,858.7345902758798,0,0,0,2
1190,130,447,651,1409,618,1131,1802,791,685,1348,955,288,55,800,1388,1528,745,90,127,317,1418,2143,1932,1205,192,2167,2144,1049,1161,536,2236,151,3129,2605,191,494,832,1010,681,2197,2127,940,666,1404,809,251,517,643,505,103,1124,1406,1154,19,218,92,1037,1405,1154,526,251,1556,2560,1842,614,2332,1957,2795,1747,5208,7457,2318,8599,2591,2644,1799,1733,1337,1582,3024,276.6855749915874,562.9687492893448,938.1476722772273,848.0801615508556,0,1636.4329882399707,1495.902295352888,1747.1771347504848,864.5067495621394,0,2232.6436526954544,1086.6459615524134,1992.056569472738,776.9871652499804,0,0,0,2
