923,323,1274,2420,1666,157,315,21,193,306,1414,1166,826,724,486,130,744,1629,2330,1119,1516,1510,1680,4804,1141,2955,554,2205,2450,168,846,324,1007,3811,2985,447,1226,393,748,1054,1968,333,571,817,1484,189,63,1294,1320,153,2125,2597,1313,1204,1627,200,1327,40,516,114,1139,1866,462,2075,389,2746,2366,1829,1598,2581,1406,707,77,1703,1059,282,855,56,1140,478,778,84.6224067709988,589.2524518868971,238.97327671946857,995.0680300174869,0,1100.9389685627445,1903.9065354871946,301.0416077921648,835.659204404958,0,728.2079914729636,364.98064760641955,973.047945851715,596.7694282568318,0,0,0,3
690,1462,2728,1967,1536,2975,2212,518,905,1615,1254,8,134,1597,1029,174,626,1437,1017,650,2688,152,4417,471,3252,2251,214,2085,1812,450,1172,76,441,1071,2502,1976,682,53,570,1180,592,692,1348,1412,853,1235,1717,1299,954,1339,1142,32,503,1217,278,1119,1443,1288,1939,164,4766,8631,2712,4875,1751,2257,350,1080,351,1658,1438,270,126,62,671,779,700,1178,2400,2914,2520,1037.2026853226105,795.9000632896949,1101.7245750071143,521.26731256551,0,1248.78156816955,473.7351641918867,1907.4491669341853,818.640224121675,0,1864.7469722667706,1151.08145530181,775.4865577822884,559.3594950287522,0,0,0,3
755,722,1259,230,1285,1531,826,689,1094,530,264,1243,1397,185,145,160,386,2565,306,6292,2207,2441,1603,649,1419,379,94,1326,3267,3392,1916,195,736,922,316,941,380,176,114,914,1037,188,842,295,703,800,124,708,357,987,265,579,1091,1122,1001,5285,1118,3954,968,2035,90,1743,1533,1357,2184,486,828,176,2359,2718,1711,565,951,2429,2695,153,995,859,959,575,1091,447.98430142065195,476.22297957252823,987.7706318714214,760.9057493797137,0,805.0545944220181,312.9684655736395,2270.8659048950076,555.2678543448394,0,1845.6751394295982,594.3399800820582,536.7058773745088,400.0465518491319,0,0,0,3
574,836,1870,1148,633,1230,2087,1626,701,768,439,2722,1524,7761,892,4025,1102,1806,1930,206,154,1941,3638,2765,1059,261,821,1148,295,507,755,325,1812,898,397,1930,3833,2723,1385,439,207,952,409,519,571,134,500,1810,1630,1658,1979,4081,2100,6934,5267,9491,934,4216,1576,1310,186,2253,2195,225,1861,1675,388,92,1613,2508,1785,1178,489,726,485,560,1430,1070,316,571,1111,1250.5009887857204,539.6250344650167,1472.19619750532,623.1798333271327,0,2082.8962240111723,669.6696294886715,2833.0492395076944,971.5791671395923,0,2525.108297191152,847.2288056673508,1264.620127883125,276.3015884621565,0,0,0,3
763,307,677,677,605,516,219,247,1801,4164,7720,4370,7647,85,4070,1974,932,880,1693,3042,1505,714,1154,653,1631,82,1993,2009,502,634,361,1453,137,2150,2261,440,519,385,266,641,580,1192,1461,759,693,1399,1263,321,3485,251,5685,1882,4336,794,2159,503,1138,78,3051,3831,1670,506,1482,2656,1340,430,276,733,609,422,1079,371,1824,1662,873,1213,1628,2333,2355,1148,1028,1398.3153129235657,361.4357889067064,1502.3514983177652,532.4493112994995,0,1767.9569296224386,331.3750650028993,2615.4453271431576,972.5642955394533,0,2571.826506089358,1072.45954305173,1219.991581956799,739.436946745654,0,0,0,3
1626,756,551,1470,680,2218,7362,1239,2874,623,3185,2455,369,906,616,2880,1768,678,1188,505,1617,852,668,487,1937,3622,1992,1027,1516,2493,1514,218,1244,884,88,691,1520,1785,1670,1740,1643,1015,1204,2244,47,6477,832,2952,603,553,331,2045,2837,2191,1552,1695,854,211,168,342,135,148,378,466,1475,1550,1557,2012,1345,1385,2326,2348,1214,332,592,391,674,878,3639,1429,3799,826.2890144528852,127.85457114242695,0,1196.6521743618814,124.32948069200147,1049.4382696634427,227.90717132784368,0,2039.8750041135245,1388.8545283144797,1450.7874211964015,426.1762995919068,540.7376452766596,0,400.56392981410187,0,2,3
659,4350,2996,1621,929,1206,1533,160,1241,733,310,743,210,189,595,978,929,108,728,2863,2277,536,219,603,111,208,718,1977,2015,1008,1060,2523,2775,945,764,2528,599,5870,135,3175,181,40,1433,2232,1174,193,1158,2668,1737,887,1363,2514,1809,290,445,918,684,687,341,783,404,2256,1379,579,782,28,40,583,479,543,852,706,2980,4165,3594,3020,2866,4266,1493,1044,409,631.1549990920212,1122.8459060452985,1025.2894754060683,528.0727661000956,0,1443.3687410014118,487.8820862971794,1223.8180389250067,990.7402688738462,0,1104.4148471772535,151.54856429291823,1420.9744331697616,627.3505749307112,0,0,0,3
2432,2880,112,2310,1294,1070,615,1889,2866,1193,666,112,1456,740,742,1022,327,831,916,392,721,547,577,315,959,1254,658,427,3571,407,4789,282,1837,438,823,492,193,807,1535,1878,1363,1437,1481,1845,1726,1298,929,947,710,84,919,503,566,1291,1492,1919,2126,2567,2390,1454,633,122,82,43,189,236,3239,1639,4048,282,3339,3205,2250,355,869,2157,1624,335,1244,747,270,284.9038116596292,850.6543872415338,422.90173778874544,759.591356958213,0,573.1932309439811,1427.7263841007089,719.2306198744604,1246.772053128855,0,739.5343331882506,1216.2597860812543,777.5606134933794,775.2260975982479,0,0,0,3
821,748,486,1270,2264,2436,1682,2127,1611,860,776,670,14,100,167,350,651,774,1141,1368,1399,35,3078,3333,3163,1766,632,690,1074,613,540,1266,1508,900,286,664,462,125,1304,1981,1323,97,361,248,298,613,489,271,18,592,1169,167,1920,449,4017,884,3399,766,466,366,1092,1816,81,1520,149,1181,567,1213,2313,1845,818,1103,2542,2565,529,45,357,83,316,240,60,596.7535745292492,325.03131902137886,670.213145159305,370.291223466537,433.98924870519863,749.3426897717966,647.3383428757516,0,1364.5158882995697,304.8023496460045,928.5272667948202,407.67436469516036,498.76649217636015,396.9301632772579,322.1707046537752,9,0,3
836,129,385,208,89,1416,1303,493,11,1255,557,4223,614,2606,1208,713,233,62,399,161,1084,2000,1371,72,104,521,1234,206,591,177,428,654,567,109,1365,1658,792,1200,1665,882,100,235,1099,1881,1041,1438,1119,2948,4054,891,60,2953,1167,621,191,1164,1232,142,962,650,393,787,893,347,789,1236,1210,1641,1640,1704,1064,100,1140,1129,953,1809,1725,1031,949,1511,1178,159.67024111050247,347.7828515730824,0,736.5100382205013,224.3062346622294,835.7334335389766,435.7082629354764,0,641.0097617424082,819.6508239790829,962.7184605435793,396.5713131312116,498.3415892671054,0,409.41084062389626,2,0,3
816,1606,1254,128,157,2437,36,5609,1390,1468,1622,2981,2292,897,181,1378,1990,576,542,372,544,608,12,249,583,1323,1492,694,835,1743,2431,1691,547,175,688,858,609,1725,1632,1862,1552,1622,2311,3492,1318,3785,3057,3135,506,412,484,727,781,1088,1312,920,374,752,766,288,288,526,643,782,1155,1504,96,1099,1022,776,1336,2211,2041,1210,350,483,789,711,608,158,57,559.6873605655799,752.1122495985308,424.22694137695083,961.1106137461182,0,509.17307715549924,1119.2871390453302,414.1725232704543,1670.1914399119983,0,419.5610556831475,781.8943082198875,292.26425560005134,298.7712602553743,0,0,0,3
51,133,1553,1410,3408,5255,6062,65,913,961,1400,233,1284,589,408,782,759,217,467,1643,2228,1828,1653,1307,2163,2082,911,184,433,526,999,169,1121,303,427,164,2825,1131,4839,1114,3224,964,1069,975,376,153,1044,2205,1827,883,840,1893,1810,777,808,1547,932,185,926,1328,439,784,699,458,1457,2006,1297,129,224,504,718,133,528,845,1103,1343,2026,7341,779,5597,102,769.2485080939804,467.19740845657697,538.4962773062966,1214.4216537890063,0,1348.0492565874367,1316.6231645092182,1851.114219759762,1872.2329233592486,1232.371784818687,313.0399683267809,0,508.7809402938962,456.6950882461053,99.0058599123403,4,0,3
4014,2137,1425,1508,1531,2531,59,2558,2722,614,37,1836,2926,1184,680,788,182,481,347,1058,256,1157,1404,696,349,752,524,1210,2323,1496,587,873,2604,5965,1158,4690,2056,556,488,2000,2078,665,290,1419,2350,1928,678,712,1193,1167,527,190,48,372,451,88,225,1691,2254,1678,1614,2132,1379,155,740,734,798,417,1289,1948,4476,1591,4602,759,4220,719,309,1486,2744,1166,1402,409.1478741235888,706.932021780271,603.990821485933,1158.5215874783066,0,789.7819477552016,1501.2868976315397,1955.367015530599,1532.449178179024,0,1422.2432777382553,897.7247493730989,16.02242137755915,998.5808575691738,0,0,0,3
1215,340,195,1869,2017,302,969,638,255,1057,2237,2633,1088,71,65,255,713,1945,1516,642,493,1434,1560,1591,1869,819,1388,1245,2969,3000,2713,1159,2372,1241,431,302,1650,800,1171,2180,1397,146,127,688,1184,477,173,430,2,193,986,1819,1543,164,704,10,165,219,61,138,61,342,1214,671,1180,5849,587,3372,822,2514,722,1555,919,1516,1588,130,1445,1331,273,376,1332,689.5063280823026,0,546.9382149615219,900.4916622714126,708.185560109686,973.9950972424468,0,982.2992732318255,1409.6248611875276,1501.6073036939913,558.1996421105255,0,601.7806900305796,347.80913710581336,482.92300871714565,0,1,3
1028,654,1914,2309,1867,2125,2253,1975,155,1155,533,299,363,264,413,1379,1496,1389,652,800,1074,2180,6782,129,3245,755,85,698,2238,2201,1158,637,783,1583,1144,218,647,39,17,182,246,626,581,1629,1622,1254,1868,1988,1395,1606,2006,1558,658,540,237,538,378,1454,1442,5235,3364,6210,863,7121,3734,851,1090,1322,1984,513,1229,1267,116,1151,573,359,456,76,1564,3073,1756,765.5913517687233,897.4484590816254,764.2744756187772,1541.203822903358,0,1134.8735006598754,1037.1690166536566,746.6662472276524,2359.17415352318,0,951.0449412423304,1544.3602437704085,727.1075172233168,731.4652303746188,0,0,0,3
720,1364,2199,804,775,1181,1125,805,994,1279,2090,1369,118,672,575,278,656,3419,4148,4364,2466,2273,307,1765,1948,273,1246,262,917,1514,1214,646,218,396,270,426,699,1341,1772,1747,744,599,813,567,663,1112,950,386,64,769,438,969,882,1219,4896,909,6774,1649,6529,1284,1076,511,592,579,486,657,151,537,1101,1477,1727,1619,1962,2064,1738,547,634,926,356,966,1243,1388.8253469453066,0,280.55021198231447,1786.0662866480882,221.61445195219997,1698.8086211087625,0,397.4479872842533,1683.2612489643082,713.5112561046429,986.7563949557582,0,909.128658335186,1086.3167145301788,403.92398103077215,1,0,3
228,1063,1620,1654,2064,2193,2233,2287,1405,716,424,466,2984,501,5903,542,3144,1469,578,284,1682,1949,352,1377,1400,284,11,509,890,699,418,1503,1238,217,884,2042,1956,681,343,134,333,318,302,177,38,368,523,175,599,1382,159,2153,2493,1573,1291,28,967,458,1269,2046,149,2074,1243,734,125,1973,2181,1172,124,127,1390,2177,563,484,202,101,1252,1666,1424,2052,2286,304.74950029411633,682.7061133046799,211.95931900022936,939.5056264949926,0,662.6327187816793,1062.5556667448552,272.3093282231527,1806.5727605905122,0,330.2572026524283,807.5882528182498,534.64431881704,295.4687932937529,0,0,0,3
1662,1488,1541,1053,197,2709,1859,4953,3975,856,1487,425,2255,1668,195,178,1789,1783,904,483,726,986,867,31,478,782,1199,950,166,1505,438,620,169,791,29,163,1922,698,1718,3264,1901,2507,841,1966,1956,1503,3369,729,2120,1529,644,199,2387,2901,1168,8,549,1208,1546,84,1833,1371,101,652,1734,1655,1652,1488,878,540,1345,1148,985,1789,2746,4619,5084,265,2661,149,2865,146.3204828282331,506.23767505140927,973.1759846781001,409.2729616081759,0,1865.3694009675714,245.754617774293,1936.9040626400906,658.2548486591279,1208.04083356064,226.97660989405983,1233.4113865272739,674.8033245516629,0,958.3121490806,8,0,3
1417,1136,289,2070,2006,517,1677,115,1614,1509,273,130,985,2303,1985,1783,1576,1784,1892,1316,266,390,213,669,722,2,128,432,772,2098,1069,5299,1595,2556,1368,907,179,325,337,1144,118,466,100,1030,1723,1763,1972,2127,2254,1784,929,7,151,455,27,910,501,928,2038,1772,1334,1581,1315,720,996,1079,727,356,2733,2587,4328,2865,171,1458,2193,2239,887,475,1968,2566,806,610.9342196960424,827.2350160588196,614.0733376158821,1119.1579086506813,0,61.85032336212964,1408.4128706734055,488.76010505416366,1504.6766835333294,0,477.319007803097,445.2664471172255,470.42666855358897,517.8670301479568,0,0,0,3
1066,488,1193,1194,78,172,615,1501,1880,723,746,2328,3380,1804,586,1057,1428,497,1006,1418,1184,1260,1224,1773,850,3691,4208,18,189,41,291,1021,1575,442,1186,1240,291,825,2026,1937,1389,43,1357,1267,766,1489,2454,1864,1279,975,876,796,1013,1046,26,2397,1618,4340,2671,853,856,1277,2554,992,897,30,1791,1097,907,1313,161,1069,1101,23,121,1452,2704,1729,1546,1705,1950,196.61736984287688,654.0458954246501,46.941937765399096,0,653.9646931582196,637.0627822541248,1073.0496117178513,822.7444867596112,837.0625488566681,1052.6626257632574,0,1011.5401381882144,545.4141223580838,268.075300539138,681.3172980568849,7,0,3
1864,1238,236,195,1101,43,1121,1004,813,2049,2947,955,3543,4421,1635,1018,296,42,1673,383,827,748,1053,581,775,1880,1854,364,632,1166,4,918,929,1079,666,22,320,1086,2395,2180,1484,1706,1604,1325,1083,555,552,288,1013,1216,203,4221,130,3076,1853,243,401,1307,961,1026,1960,867,533,177,790,295,1014,1649,938,472,1386,2781,1963,403,59,219,672,699,61,703,273,796.4362055407342,0,242.53518760199952,782.7164993040843,212.75581083258885,534.0126532081425,0,918.2395199595538,1116.9348179624856,634.7238754263327,622.0506172188298,0,295.6160616427373,632.8349802104982,164.1510248443306,1,0,3
999,80,1040,785,441,1111,1453,455,5033,240,2134,600,70,1113,1491,55,1373,207,362,140,867,660,291,506,858,1911,1468,413,344,278,297,996,2491,2476,1968,1477,1443,2291,2448,1089,311,454,1,3444,1694,4717,275,4833,4032,1194,407,944,2477,2150,9,535,957,1798,829,337,384,307,1337,1341,823,2043,2871,2686,1542,862,596,394,468,82,306,413,372,404,91,154,804,208.89551053311098,848.3804033775627,664.3433116292417,642.0151512989386,0,989.9311516464163,161.5949398263401,1752.163306849484,849.6307117740449,0,1009.8989801764185,819.115799892067,942.6967473198055,470.5561678670683,0,0,0,3
859,1119,2358,2479,320,1777,42,1107,742,452,907,675,830,1408,1943,2272,1748,1801,1700,1129,845,1012,113,472,185,168,127,523,424,305,699,1798,1351,231,655,1034,7,77,1971,785,3251,2835,3381,1478,1052,1220,2699,1717,372,900,591,1766,1394,103,166,321,405,171,1099,319,1978,1817,377,999,2737,2170,760,71,894,769,715,1202,2126,1615,840,2040,367,2032,4408,960,1375,460.1643910125402,537.8810950216251,259.53635405585834,1143.0567427664237,0,252.51681627170893,930.86926582161,949.32338328988,1367.1708635965865,0,279.76746079351386,163.3861847285557,369.40486049276535,88.14385605327936,0,0,0,3
784,1442,621,1380,1219,427,678,1502,2019,1566,1117,1305,1101,109,652,727,11,868,325,902,689,2563,1983,969,1001,661,908,1494,1028,467,222,1387,2477,2840,4093,1708,4175,3620,683,21,1773,2835,1550,797,1009,978,1777,163,1267,650,410,158,935,1750,824,681,101,438,1072,708,377,191,265,1351,1863,1499,1388,2898,868,1597,3774,618,1576,728,822,300,1384,1385,539,484,1188,1251.6413433618056,362.9354431285048,0,895.6716946405747,546.5476946931778,787.4212076945881,1137.1164488728048,0,1636.0424573125638,895.0173462018643,536.2859395174041,440.2760809127184,458.3099061981186,0,623.4240514311211,0,2,3
2050,2209,1385,1351,1667,1488,543,407,937,31,603,72,235,790,2007,2597,2047,1344,1471,1364,896,543,122,177,517,2356,2103,4815,4263,287,227,1749,3092,1480,120,819,2688,1798,727,1579,131,1139,371,187,3,868,2006,965,61,1311,2853,1866,66,271,286,330,955,1994,2055,1707,1212,1807,43,4033,8188,1768,5897,557,2799,689,2315,1717,816,1448,763,2165,1441,28,733,631,641,268.71314591974726,811.5120603767828,233.77226968107075,1367.7657602214,0,627.6048139554063,2003.491585157663,829.2807714998376,1851.3660341450247,0,1564.9898517427162,1440.952238396591,657.6698736761093,565.8002356659825,0,0,0,3
1191,2382,2802,516,681,533,1287,1958,881,208,597,329,660,466,219,30,151,1733,2120,4410,2521,3546,1017,899,735,1030,1140,1280,1367,1303,1891,2713,1583,194,441,247,282,339,7,435,1294,2077,1258,1190,1679,1396,750,971,959,490,958,419,675,1131,2079,141,1691,6320,1244,1471,1489,2407,928,1620,2154,160,934,10,1499,1565,335,448,81,602,227,1029,2025,1296,235,59,704,260.31636067981975,1106.7426954845762,67.57818867077505,999.4375706731461,0,632.3232124475584,793.2412293418613,471.36200714660976,1479.0054204700934,0,364.5880662750818,1317.8964188523337,314.13300283218905,462.4033448099215,0,0,0,3
201,1118,2045,2093,1730,1675,1724,2357,2160,382,130,1085,1275,4829,1103,4137,1429,159,887,2130,1549,132,209,1583,1699,406,544,178,751,380,578,358,972,2214,1742,1342,1653,2823,2728,1379,278,100,267,60,302,634,625,72,1080,1331,4286,1381,5704,681,5977,1793,742,218,2207,993,2382,3123,636,771,139,741,84,1630,2011,949,211,810,2219,1552,275,1124,961,1019,1200,1551,2403,609.2971711234468,607.2692603466752,756.5801374150642,989.2066387666782,0,884.0329320788904,1447.6125475453111,1386.8156649464645,2167.8472554579726,0,603.7727125832829,630.7567538772315,459.42844561967024,702.4341868049062,0,0,0,3
1814,1041,996,1249,1671,428,1985,651,4983,2551,480,569,17,924,563,411,237,466,1066,283,1373,1616,84,641,143,599,48,1529,2300,1674,437,1199,2185,830,482,161,242,739,257,779,405,128,212,345,3194,2092,4454,611,3020,1734,438,542,468,983,80,446,610,434,889,1814,1757,1490,2402,2641,2374,964,68,195,319,208,838,375,724,469,408,431,808,328,744,472,1034,413.72584329683355,965.3964737537244,364.1334812168567,1023.9932705032902,0,303.74084759873836,496.28057137042055,143.04693221457907,1636.4099084682,0,544.9558111804357,936.0901277405749,358.32992104812337,725.68364213201,0,0,0,3
1724,3230,3508,3514,1016,2061,919,286,331,2541,3377,1770,735,1131,2142,1393,153,79,400,746,708,547,959,254,196,445,972,1270,682,604,640,363,148,66,380,1624,846,3540,493,6390,1269,5064,211,1551,57,2517,1625,922,1304,2,470,455,1824,1960,779,338,676,584,892,2146,2631,1672,246,376,729,632,608,1254,922,296,407,976,697,347,1909,2310,4122,3431,2507,1399,425,436.39214474659997,1432.8328306261928,211.50747789359644,1611.3369479505518,0,265.9605421862424,1748.732167706468,330.6763643385941,1718.1950140246263,0,1065.4270932153759,609.9540006913421,856.0475527287776,109.96192588767923,0,0,0,3
957,1005,312,445,675,2046,2164,1643,1360,1966,1463,385,169,496,180,338,66,447,427,182,335,172,835,1305,1249,85,633,86,110,112,547,465,2445,3323,3089,1255,2924,1123,745,368,662,854,267,852,759,673,715,1351,1499,1275,1638,2096,1556,1740,94,731,319,504,146,166,119,33,675,91,2979,3190,4721,2740,2335,738,1429,1123,179,863,230,32,307,1364,1870,853,80,916.3305498018125,0,290.7065956107911,1230.5597184829417,656.0919814688226,662.2357743084365,1055.6313028003353,324.95649893717524,0,1380.0891231331577,287.96819152959824,776.1122059400144,278.96923021606324,508.41799781937834,522.6443948696141,0,6,3
100,330,145,502,1517,2000,1552,1139,1865,1671,529,698,1447,1136,173,184,637,415,1005,1866,1445,6551,4815,7230,3375,5792,4695,90,1786,369,1787,592,1647,1556,366,2202,1768,542,580,2036,3000,3025,657,4,1240,1187,720,1322,639,298,1325,1330,969,1113,2270,2643,1370,1165,643,1122,1858,2369,673,777,2002,791,800,1541,1852,1572,893,560,652,827,220,636,974,402,185,437,961,560.1201466363822,921.2353880086944,957.4913380131911,1424.187246517206,0,980.4196040471652,1155.695701529166,1118.5162456635965,1814.9973487937996,0,2076.606196981447,588.6110994149774,961.2557132640783,788.6378723260837,0,0,0,3
27,55,353,369,171,384,598,1097,248,1515,1488,3435,1444,4058,4127,411,2500,112,1129,893,612,1893,937,368,295,2245,3107,1679,650,1127,2225,1869,675,274,182,400,510,355,677,158,486,221,549,1264,1090,649,2073,438,2345,1069,686,1196,1528,676,604,374,2249,2095,201,491,1338,2695,812,570,750,1823,945,377,1378,1081,714,728,1033,553,536,731,604,24,58,383,252,236.52281530670703,550.6128558718125,238.42163594399005,418.2236145371767,0,566.774639958423,759.3217596207619,497.6260078219411,1749.1746937036119,0,933.8585148713469,1183.4683846477203,803.7999577247286,559.2974841975602,0,0,0,3
262,514,357,663,15,909,1782,4137,3040,2436,2784,1967,518,2283,352,2174,311,1699,321,1190,689,502,1433,1988,2137,879,128,413,1637,762,1044,1491,1062,1130,1359,1754,2460,2260,1440,1089,692,599,245,2563,2860,4834,5660,180,1943,852,3667,2300,158,29,1888,2485,1230,245,467,847,1506,167,647,121,932,1500,1557,987,1680,2710,2099,472,261,239,1551,1991,662,777,1867,2048,1238,328.33771349637345,1119.1668189680224,608.0129009179169,1095.2367031190115,0,897.4696276197874,709.9088740391696,2330.057323346767,380.40111984569165,0,1552.2573792847043,823.5767031436974,921.778601865515,520.1629697754246,0,0,0,3
2304,1351,1715,6063,2595,2459,689,981,960,796,2231,1562,757,935,1317,1203,978,564,213,720,713,836,842,175,52,331,1658,2029,958,928,1698,1218,1405,1500,765,98,494,821,1768,696,3286,2663,3717,746,1587,1670,654,642,1780,2893,791,1417,1137,767,1110,538,1944,1496,352,576,2148,2221,1592,507,284,969,1113,58,937,452,622,1032,460,25,553,1162,3090,1550,6936,2714,3442,625.3355393333891,1612.0811122315408,924.8912694913045,1484.715610777448,0,700.0727051528291,1315.9327326021858,787.3705468822569,1379.8332288189845,0,1067.8349448937695,679.9224335856419,851.0368554030882,322.79916849112686,0,0,0,3
901,1835,798,690,1230,138,1585,701,437,168,2027,2658,1922,1311,2024,1940,1032,1189,1714,273,69,279,869,1411,1231,1363,922,742,473,166,885,999,1717,2608,4496,2612,1088,3171,2406,1006,285,1781,3207,2530,908,714,513,228,140,195,411,574,781,1133,1283,2004,1608,1673,2092,2028,912,372,526,182,580,704,1074,1817,2407,1729,2052,1733,1689,10223,1242,6398,2257,2007,1332,1949,2374,588.6880241545464,1061.8013193494219,640.4114230088034,1471.0375730540861,0,667.164644222099,2353.1317745974316,1180.9455529546947,1880.294367213185,0,446.21996604883634,1307.4403174139482,505.31115994714867,912.1753879899676,0,0,0,3
467,1997,87,1630,992,451,1531,1595,1047,1037,1935,2506,300,1092,898,1447,1716,414,76,900,49,590,558,97,420,146,2080,2433,6122,3545,5518,192,1069,468,2122,1516,130,715,2354,2698,2262,813,275,194,41,201,571,408,881,1888,2472,1844,1989,1712,1166,1130,1344,719,637,433,18,225,506,1481,914,3837,2816,5059,1363,4469,2471,1229,1846,494,2029,500,1569,1094,784,1968,1249,819.5473835603311,1013.7880181445231,618.2218290675019,1378.5525962402698,0,377.703752959909,1899.0863067965956,630.2146180433665,1686.2392522863129,0,179.5650274016605,2040.7740245833438,646.4496115010702,504.2800912830278,0,0,0,3
404,854,1818,1765,1646,820,582,283,71,738,1161,1225,1872,2291,1978,1174,2031,2836,106,1389,1669,3154,1657,386,603,272,2433,2162,83,153,2145,3226,1851,87,44,1373,1446,177,823,582,575,685,686,959,2033,2841,2637,1333,932,1144,70,1060,429,485,573,1820,702,3345,652,5521,2443,6909,1456,1069,843,2897,1526,1804,1982,579,194,972,1990,1398,251,52,447,342,494,1351,867,538.6941423992544,1006.8354548232687,727.9944300522249,722.0752829303223,0,887.6412014434662,935.0329041049871,1433.0530131618516,1847.54719259194,0,350.1380324149145,1057.0792398165265,473.834024488965,637.9996539475376,0,0,0,3
224,398,388,836,796,1013,1013,254,805,1633,1754,1167,37,3243,3178,3899,3569,289,59,445,1012,1793,1696,729,1161,2021,2248,1177,700,615,992,592,260,35,117,118,587,1751,1985,1933,1651,1503,1257,543,393,849,266,169,974,1293,3217,1520,2894,7384,4668,2566,823,2436,2771,425,2242,384,1212,175,1969,2454,749,288,429,712,149,1605,2542,1163,721,154,1438,92,2387,2487,1003,893.5075291092837,0,333.0244904628061,1462.432159766182,764.9773997771704,1281.4057866162987,0,1327.4349367021794,1986.7535046743617,1283.2505775428235,713.4340829482653,0,165.06505604081931,632.8710020437511,246.85868850807174,1,0,3
669,1422,1623,2118,2162,1094,882,1341,2597,2318,4842,3542,1579,4442,2824,305,761,2201,3222,828,1081,535,693,699,361,966,211,1276,870,797,915,1797,2630,2939,1608,502,954,1395,893,417,691,1167,1192,367,989,1677,1767,2705,1076,9945,286,7022,596,4825,2160,2897,2381,1639,2856,51,1348,433,2880,2899,1458,1248,2249,1505,153,1356,968,264,398,153,1142,2351,2419,1790,1069,1667,1766,857.7755435055968,1389.5014244854353,835.9364236231561,1931.3732650038678,0,663.9606953728512,2918.5272854394484,1333.1163499672602,2824.569900664701,0,430.4400269372792,836.6661326381833,598.024330221945,497.96188461745874,0,0,0,3
1472,2081,1219,3010,441,6133,768,2741,1003,1742,782,1052,847,766,571,869,2072,2227,852,197,525,1065,412,731,1134,345,1295,413,896,164,1620,2197,1471,220,600,848,28,1132,1406,1063,2488,1192,850,6647,4265,31,86,214,885,242,652,366,618,349,586,1213,1324,1211,617,66,516,590,540,702,1135,1185,115,1562,2015,1521,1094,1841,2312,2056,1322,739,653,210,2672,331,5846,1055.345323116777,0,544.1921526191777,1072.8395858830213,778.3569274202094,565.2010844205575,0,857.2146639339701,935.6856733566306,1519.787079114151,783.0304014322303,0,1207.0282476129576,197.01353862169944,678.1861623386445,0,1,3
245,2068,532,1033,1157,872,1632,2527,2618,2200,1452,629,410,222,612,327,384,337,628,945,1427,1855,2720,1837,484,894,2033,1507,153,499,315,522,675,1503,1242,4847,4028,3538,1142,2154,1911,1687,466,443,352,196,624,1389,2348,1672,622,612,1214,1992,1518,147,401,509,88,1206,827,9,546,1412,1905,1398,1044,2098,2307,878,379,67,332,1354,3900,1769,9866,3774,4144,538,2936,999.581752032284,1148.5716591461846,1121.483079257963,962.6818014097486,0,1189.4871552480088,1026.0836631606653,1158.579859264122,968.9887908898926,0,1568.9903455541507,1542.668137595878,1009.645026399672,835.2728985597349,0,0,0,3
2610,664,1007,2069,3887,2231,336,61,811,844,489,1384,495,808,1245,621,897,1563,2354,1601,116,327,1057,1241,1462,2084,829,551,846,1535,371,5835,7142,5141,4886,3837,4474,500,3469,1216,1599,569,2371,2770,1212,151,503,1544,802,816,1529,1164,271,152,342,63,1131,1382,1465,1859,2194,2132,1304,1818,2124,616,636,3272,3741,4281,2700,2176,2021,458,255,1067,2019,981,186,373,100,1130.2094659441934,579.0236648191474,1557.6357125827462,1024.8677825269442,0,1555.4034950777243,1028.2518998041267,1880.3096096254749,1867.4021867127592,0,2323.1530569639513,1223.9258974041295,857.4791356422737,902.602668319968,0,0,0,3
85,163,602,293,241,346,730,1118,1872,2182,2395,2017,1858,1684,864,83,728,444,16,169,1215,1597,633,4147,5934,3952,3304,4262,4764,649,1549,241,2257,1380,1622,3274,2089,96,243,2063,1916,44,1179,1002,373,720,289,703,368,946,1037,738,252,466,336,837,1539,1400,646,1614,3109,5535,3808,4775,625,1568,971,3284,2135,366,670,1655,2870,1584,246,276,1473,1288,427,355,464,394.5758637346066,1228.2299340914803,753.3946927574219,1161.8412734093583,0,1388.4444821453972,1300.0007046948592,2286.225564216919,975.061556173383,0,2433.6973926563855,330.07278695376147,657.5465893316012,386.4758572004232,0,0,0,3
644,58,1747,1206,1109,1790,786,673,1077,1284,369,674,1315,959,289,3098,1961,3385,1473,3367,473,1268,135,2303,1852,1307,1745,380,1145,496,2178,2151,1289,606,787,1522,317,2032,1785,87,98,398,60,163,836,2246,1752,889,1342,2017,1500,1335,2225,950,1800,6642,1249,4111,751,174,1076,2679,1598,1379,1385,319,498,817,1693,853,235,168,536,814,152,1502,1140,551,1002,1967,2047,355.91102090689503,916.0967054797834,348.6028330368934,1092.7029413629914,0,184.4908669826233,2005.6454164065392,431.3690694681911,1666.3548027436946,0,954.8930024407096,339.0261312876373,311.3864413969573,305.87750193032383,0,0,0,3
1462,220,387,946,1049,283,922,177,1,862,2418,2558,10294,2015,9560,1647,3377,1691,922,77,2452,2550,117,1625,362,1831,1883,804,972,2236,2754,2164,489,603,1381,337,1251,1219,244,501,312,951,512,952,1117,79,947,923,2779,5020,2913,2969,972,598,468,1154,623,927,1899,1417,1089,1720,2140,1668,1171,291,46,280,581,404,755,599,78,434,497,111,198,613,735,346,56,483.126743732232,1600.0871265627504,629.6252732441621,1622.3531273297494,0,983.9515143034234,1625.0752832711096,2208.953181639547,1555.216297437322,0,1846.2043016385044,1195.884553229547,1111.8818033925854,374.7441934015255,0,0,0,3
19,67,509,363,892,1997,682,7028,860,3270,37,2496,1879,814,1739,69,1736,714,1659,2202,1057,406,904,1373,1444,314,1076,618,217,1214,1496,566,332,955,1866,1867,1472,1457,2193,2362,1613,1423,788,2307,175,4707,700,2934,876,1723,579,159,270,2298,3377,1935,53,368,1603,963,493,694,93,740,917,404,179,2091,3226,1560,825,779,66,300,230,402,593,262,145,564,759,502.8211834732304,585.588866894818,346.57685550078077,1156.2627498001002,0,258.0154694974703,1490.4036996465625,120.20522342296806,2339.3760518366803,0,465.3849382964131,826.7517258891309,380.3709229695546,496.6931060498516,0,0,0,3
2138,3076,4323,2745,1858,1667,615,1531,864,2283,735,1633,1956,796,609,2049,2487,1863,958,1214,1548,1765,3,1464,499,555,314,124,243,112,1264,2266,1587,1056,2180,3095,1143,1657,1340,4094,2108,1573,2121,1492,284,4,1480,2734,2249,1263,987,1419,1363,479,70,820,640,502,882,496,944,1430,1084,1410,2128,1577,454,119,671,1205,472,184,562,2767,3619,5853,6701,7251,1953,3691,185,928.7652518728155,1217.0112421728536,1126.7258664596272,589.7467258428393,0,965.4821645167766,530.9043726566675,1159.5260443318793,2437.075648220194,0,1749.3849214454103,1304.837416152327,1201.696092482518,1074.2551193180059,0,0,0,3
2345,813,1346,419,1780,1356,963,2677,1498,166,246,700,1066,1189,3466,1582,794,168,1975,1086,840,1627,832,585,592,1843,1918,1315,554,652,553,3557,3818,5800,3232,2924,1288,1378,1312,1726,3565,2150,508,1567,2409,1695,620,556,1233,1661,991,249,1031,123,4,189,697,1902,1852,1632,1514,878,729,413,135,610,1259,396,2838,4150,968,317,580,581,1154,1449,972,880,299,1276,1726,213.5146700409604,730.4017919637467,772.5485644667542,1050.8372550388228,0,983.0909838361861,1165.498445588516,906.9556261596914,2014.6715062079013,0,1431.299764168875,217.6670090150388,655.1050447698668,69.3486698650766,0,0,0,3
6,1266,1145,844,964,1059,914,885,86,1329,1321,1070,859,241,447,257,358,1268,1157,1248,1455,1400,1738,1732,4706,2340,4335,198,3868,1482,797,1470,750,213,1254,2286,2065,589,647,79,835,59,747,453,85,245,163,136,423,1700,2075,1500,1585,2625,2017,497,870,1523,524,321,1165,537,5753,5165,6541,3297,4672,3810,1642,247,892,2112,1691,454,45,264,404,679,68,535,36,243.92661037131813,1435.1557251476088,486.11375610424386,1557.611295038878,0,528.8598160193304,1464.0996205988547,624.9161831065294,1827.2134138543636,0,1265.557034543756,1403.374933935268,760.5740973420014,908.4247242915883,0,0,0,3
1342,2138,1352,1478,2826,3535,1636,184,831,518,112,22,324,949,241,571,182,153,1904,254,5383,48,4114,1553,1073,1466,334,1538,240,345,1462,3466,3551,1564,710,1723,2274,904,833,682,866,790,620,959,1113,2535,2156,948,561,1209,1543,1126,155,174,1077,94,660,1922,697,127,6813,2306,2449,20,3534,4739,408,2661,433,2494,1585,1162,1468,223,1148,317,1021,425,1552,2441,1212,537.2251996555958,201.7462743309461,910.0231505156643,312.3185773872938,0,1188.2280273583854,583.8413254827706,2606.4635559247295,857.5559093528182,0,2018.226211183534,848.0644231844985,591.543692592386,153.45765056184413,0,0,0,3
853,1935,2041,609,641,787,911,1185,1534,1650,1733,2056,824,3751,3872,4198,2518,3567,2495,968,1689,19,1184,335,2394,2337,166,1781,309,1137,410,2614,2373,915,612,371,574,123,2055,2971,1586,584,1067,1560,762,947,1469,575,116,215,286,579,832,1362,4828,1736,1500,942,179,1954,1426,440,129,200,109,350,185,913,56,1366,1029,549,763,1125,1622,2494,1619,552,716,1016,78,738.1458791471049,602.9340898665956,718.7711998920618,572.1625495131909,0,625.4724474347372,562.9870623559764,1365.685336889109,1951.3857856120976,0,572.8983327574199,805.8118206862752,382.04610967920223,645.8959376525592,0,0,0,3
1239,1528,1985,2150,1572,1704,1946,1584,930,899,5180,233,4642,1193,2026,954,1823,2965,831,810,656,2870,2429,328,1396,506,1735,120,1989,1462,763,1943,1977,901,1224,2794,2991,1212,516,1377,652,381,350,587,601,1043,404,3907,349,6702,2167,8628,3166,963,189,2472,2008,617,2073,951,370,432,500,932,165,1756,2041,1376,843,1581,1364,712,371,225,722,206,249,1397,1618,2003,2566,1051.6377255177083,1094.1211001713405,1053.4481252346973,848.429243772641,0,1058.2067331103124,1066.7323948888502,2086.649149797034,2530.936122550379,0,1140.763073763918,1249.1112608072826,586.0650969290177,930.7650352601748,0,0,0,3
1724,1204,192,4149,7366,1444,6429,2539,810,1034,217,1270,35,1315,852,264,639,315,1668,1875,925,947,1414,1429,38,939,1337,174,215,258,478,330,273,87,397,319,437,200,6249,6882,7073,7502,2395,4822,1267,1193,160,2404,2636,188,1365,1081,331,873,89,161,320,390,1150,980,889,914,927,1560,306,3051,3289,3245,1989,542,156,293,1557,1214,445,1416,2888,2811,1940,636,345,682.0202880825387,835.6290744732726,1159.8884156665324,1202.7502588988873,898.7368599686617,1229.885413918012,953.665603417063,2407.3419925688404,1429.8696992418324,2038.5840072665144,1606.4308435752848,651.4618137898744,1448.6941481448087,0,423.95014888170084,4,10,3
1085,1165,10,559,396,1142,328,125,147,1189,2530,2822,1522,1469,2399,1654,301,50,360,962,2423,2382,3416,6761,6302,211,234,2133,2358,216,1216,646,2210,1620,290,331,140,349,138,517,1640,1922,2193,2103,2264,1724,1327,162,1022,607,458,202,910,306,353,92,278,669,386,3548,2590,5530,2513,3882,2115,1759,2659,260,2593,809,988,47,2344,2721,722,346,693,1660,784,205,828,391.30037966690765,1315.085309072955,584.9750541635808,1595.7722585675372,0,215.49947795760437,2431.5363671917353,321.34030767376214,2037.9915861733052,0,207.5443154756088,1655.4681869842539,80.21953241873305,629.8388043870193,0,0,0,3
888,1089,1083,1909,2089,1134,1340,2745,2036,94,219,1241,115,783,2912,1937,7026,5152,10264,745,3204,490,1699,1586,974,1259,1166,2446,1498,760,1073,226,733,232,927,269,2826,2683,992,978,2680,1824,60,719,933,430,675,777,1263,959,11,142,456,872,2667,147,7097,428,4314,329,2169,1059,2212,2307,1598,3764,1982,386,1499,3169,2503,632,491,308,1104,597,1327,1484,144,1012,1213,1092.7904568207123,141.00450987304842,1543.1213061325063,868.8985044833186,0,1855.3588399552257,712.878895887075,3590.9334814295817,769.067714047466,0,2173.006560967228,484.54251495052097,1037.7439458162596,456.1258420652248,0,0,0,3
926,295,128,646,435,33,570,789,358,158,2849,2583,5603,3092,2768,1094,1825,2116,210,1598,614,1856,967,448,1195,972,677,40,129,660,1140,1378,1191,535,268,357,356,1665,2085,1547,1393,1622,2237,721,3242,4232,2548,2425,400,264,1332,278,1203,603,261,194,936,1557,215,1284,1324,859,1068,1303,1188,13,666,474,269,1163,1784,423,337,373,135,105,649,392,520,310,705,606.8251696427133,762.1038151449276,265.7464088980017,1095.2037073742345,0,495.9720591391333,757.1460149391183,1277.9777215463394,817.5033445500503,1339.9713251663818,452.18240346421857,0,1118.3210173974546,271.7300622996462,418.3202581426329,4,0,3
1214,2880,2430,5902,2464,3742,1490,2500,2725,738,2105,1015,2997,1546,1158,2148,585,142,1564,3025,1832,383,171,1445,2106,1198,543,843,640,1346,24,1350,949,961,716,42,887,1144,2847,575,5725,1151,3895,308,1195,1,995,471,912,630,883,1425,765,366,922,1893,1997,1356,965,242,283,329,1462,2021,794,572,355,362,757,942,126,183,234,627,52,270,407,4358,2232,7046,1721,342.8407160349925,1200.1101340140242,791.1868383064088,1775.0488196848721,0,1055.0537107180849,2098.299666382093,1881.1099179840703,2407.1715350891945,0,1075.6714344972943,686.2945608196032,440.37413512947535,608.8372926736673,0,0,0,3
4250,1452,668,480,3098,2633,232,1167,166,528,855,2035,1490,317,437,1438,1317,11,1247,960,129,130,511,112,776,1032,891,332,612,1099,1258,3302,810,1789,2699,2954,533,670,1170,166,191,1538,2657,2007,992,1105,2002,1952,1033,836,921,642,42,331,83,299,240,246,470,2112,2839,2071,1192,1529,1764,904,140,79,214,922,901,1717,1371,193,7850,3393,3541,1999,2374,4180,968,818.6272547465779,435.1227682204458,1139.5811629524405,938.0061681983206,0,1557.6250543696324,1868.268480313493,1647.811058490329,1135.4890310409817,0,684.5340943014858,707.969646278245,846.5667203295405,453.5433385440007,0,0,0,3
1543,318,2494,1165,1189,1888,910,53,17,962,894,815,1924,1385,1060,892,17,347,93,416,1318,1334,1247,1298,1263,1846,671,3632,5023,1936,2343,1469,1347,630,2190,1408,338,415,2706,3122,1338,115,1255,2085,852,217,186,326,245,50,128,442,1257,1304,596,1404,2562,1983,556,618,927,210,44,657,154,3695,3659,3712,431,3776,1573,472,344,1088,1426,357,106,348,40,718,713,308.0460116949162,984.3379924853566,557.6805610595849,1237.4250422678174,0,842.4609723898193,1059.3558633061564,845.4261194486216,1388.4944048612963,0,648.581390927563,1250.5287922588077,132.52222919962438,511.579730913108,0,0,0,3
595,660,1188,985,338,928,640,958,2003,1979,1326,237,1223,1356,449,303,2095,2405,1266,1152,1139,1380,393,1720,3458,98,62,720,848,1784,1356,1219,1655,1159,19,439,11,429,56,698,769,226,342,15,40,1046,2183,1978,1349,1180,1637,2004,1890,965,41,208,883,319,907,1685,1872,814,8483,4258,2595,739,2924,3249,437,2738,149,2551,1374,1194,1411,79,903,292,591,451,1017,299.45235978367316,931.0841754978816,428.80065272995375,1000.7061684979943,0,1033.4860473175243,1358.9456980144823,1553.0948179461377,1549.8711183206935,0,1141.6154385659204,891.0544187133434,234.30347036346734,426.8374245837699,0,0,0,3
2463,2014,1365,1710,2528,1268,646,1130,786,290,767,706,302,179,763,79,1651,233,3573,1058,112,479,937,32,478,648,628,1252,2366,2826,1501,1092,1812,2185,1362,94,459,38,596,152,658,274,1907,2492,1851,1487,1471,1303,1016,733,464,22,844,625,2829,3700,4236,1573,4224,2614,136,237,2747,2986,89,1306,497,285,114,1067,1931,1061,17,363,949,1109,630,209,950,382,313,368.6493176273403,808.8634738826116,692.6503198993896,1035.3916731331362,0,467.7794619262372,1029.4259261393097,1140.036465645453,1289.4985349960584,0,211.56802671903677,861.8401378052317,236.95837043289723,547.8709466786424,0,0,0,3
258,27,156,96,389,614,1342,1005,811,646,2459,1041,3443,2801,1294,1669,360,596,768,1239,2482,1653,722,1402,2181,2348,1136,573,1399,1867,517,595,951,407,263,892,751,1175,2677,3011,1517,718,780,77,177,384,489,117,2884,2780,3077,570,3588,1645,796,1505,2596,2070,582,273,890,217,686,898,102,995,808,1040,2176,1866,1802,1587,1368,1104,1227,72,433,858,749,565,1196,214.65573089582142,700.7726925799052,312.08702447103497,1025.0210978799837,0,660.859992736737,1391.7365442485209,602.4995461149564,584.1678623501881,0,647.2023493438612,326.3764243477726,386.3352203893676,216.68807630577035,0,0,0,3
618,955,1395,49,393,1692,277,4375,26,2643,972,871,1430,548,1031,541,2458,2254,916,17,727,1990,2034,1034,513,568,1025,288,1605,1909,1608,1375,1083,912,1422,1356,1013,459,197,428,1690,2794,3190,5824,4623,1999,1723,1948,2487,1224,73,865,2480,1754,81,914,148,258,74,670,1180,1276,2108,1979,2045,2009,1819,712,43,50,315,473,657,1269,1047,695,1133,1761,1246,3903,1591,902.8439853163466,504.222121778916,1034.2444362217732,498.06196098539425,0,1173.8821512400639,753.5325396860925,1588.375812771203,1307.0094076701687,0,937.2848895510992,1599.1772245532159,295.7672393381609,642.3903894810524,0,0,0,3
4513,852,5091,1753,1908,2193,180,509,1489,2482,1220,1050,1102,507,774,721,1163,645,276,90,752,679,485,1639,1404,1439,2342,2567,1701,761,1018,1310,801,157,539,596,887,1290,2430,7676,572,3678,1794,2988,1080,799,31,2134,1836,331,316,539,321,676,187,451,1825,2307,2610,1905,1874,1340,427,438,706,541,317,750,395,23,756,518,176,600,32,1463,1410,4364,702,1397,296,608.7483484605544,855.4655949912409,675.6512258350346,848.6664884493405,0,881.3289794395735,904.9122272067412,1649.6552193309392,1944.735684603632,0,1173.9680097062248,1394.9997839421278,755.486106639377,746.193098421742,0,0,0,3
35,753,1342,794,898,1530,2360,2330,1936,1432,1377,1141,309,130,151,255,163,634,1125,650,1087,1803,1998,1991,2288,1738,956,1031,781,73,273,1276,494,3584,4101,3050,195,4518,2229,209,345,1833,2081,327,634,72,346,206,528,528,139,262,180,645,1269,1553,1574,1869,1258,109,699,1361,1550,1336,1151,2058,2325,1322,1473,449,1974,2110,950,436,423,779,835,370,1373,1157,1887,300.78846804326605,701.7782911788877,551.7484794848596,806.2549733587539,0,683.1309848777173,907.1120694941536,841.2740120192586,526.792338621846,0,734.0820181722531,642.2758601226881,511.0403376217819,212.25103960390197,0,0,0,3
2495,2346,1550,794,838,1221,707,253,555,230,729,22,69,1036,2604,2327,1401,1278,1433,1296,1078,909,176,140,602,622,1113,1492,1276,725,7526,2511,1577,1097,2279,1998,513,2103,150,1346,581,566,691,335,1012,840,1,207,1877,3113,1751,614,967,1381,513,620,1537,1619,999,1043,972,1276,1061,217,149,554,4057,7170,3018,8479,1762,4081,2739,1091,1378,1433,2450,322,1148,189,2539,385.17482932597886,831.864136597673,547.2849526942017,1325.0404651510873,0,1008.0902538959496,1501.427524686879,1788.6521913918282,2275.260882461306,0,2068.21319468697,877.1712254839586,1212.336062516836,564.6407282582163,0,0,0,3
2664,819,88,1181,1073,862,1965,733,316,1044,929,330,47,248,80,1257,1103,4,470,3,151,285,968,3502,5547,2988,1504,2352,820,192,469,852,921,812,799,1110,1366,118,404,1916,2499,2192,1151,1059,1901,2262,439,759,154,810,0,598,408,94,1371,2083,1135,850,1387,1474,533,1532,969,3952,1218,2906,941,2939,1909,171,560,2577,3138,933,33,1092,2104,1454,412,38,224,719.3583879696243,747.8131060035887,296.8326767009331,1164.2054460619324,0,767.7369552783036,1339.9972651742169,149.91571965756222,1486.6855700496294,0,1151.9756687575202,836.1134998137506,512.3867213440083,456.8864853505256,0,0,0,3
948,1289,369,789,151,888,1557,938,228,595,332,1344,480,319,617,1403,834,1406,2113,1596,5628,915,3555,146,1661,644,1660,1303,935,872,1213,1960,1427,1186,2386,2925,2122,800,342,443,1181,440,1012,799,680,619,74,29,134,276,1121,1026,124,68,1197,772,580,4531,699,5505,2957,813,1127,1811,2876,877,557,429,2478,2291,13,780,421,1277,411,785,1041,296,776,520,412,158.36232754393907,893.8096611872688,518.1892113110797,765.8459488838696,0,1274.0030945802291,905.041758416343,2084.03625012352,647.2597104522138,0,1243.2948645830443,1079.3529438322632,565.1048010746675,380.42602646136083,0,0,0,3
1216,2072,1970,976,8,102,487,1614,1473,702,1343,2451,1261,751,717,4532,9273,2652,7414,162,3302,882,2394,1513,1297,108,2733,3100,1474,33,418,1025,162,1423,1494,242,456,303,620,880,2286,1972,1354,1177,1591,2031,1375,780,567,895,1522,1936,2224,1291,505,2011,3408,1641,1707,189,1757,803,1513,2378,41,1804,401,1298,454,1395,1698,546,336,1188,2614,1051,1510,1394,7,270,1212,325.3492636940054,627.7189849494165,1002.3987803090337,746.9482833005186,0,1397.9641778314635,1163.7168429243477,3195.529661567576,733.1636177335205,0,1695.4532993959522,831.0268667775789,1001.3774623206173,387.0979997055258,0,0,0,3
1163,2,835,1290,1424,1205,1617,1666,3120,1018,1638,1240,283,404,2002,112,1858,1368,65,357,1469,2594,1671,781,1121,2271,2457,1759,677,775,205,841,1407,798,774,1104,733,644,745,569,141,1180,1903,625,769,2046,3133,2669,2527,2504,4394,2625,9,170,2886,2981,326,1298,388,766,342,402,319,787,1796,1901,785,995,2012,2590,1677,744,192,179,710,80,633,86,261,241,241,478.99477281706027,6.626840507245553,381.1867074330953,241.53649937043716,0,709.7511007388435,806.4733456410981,766.8380693425834,1297.1378702352326,0,1507.9752801926975,570.2775087206987,1031.4298846137162,302.4092515830379,0,0,0,3
1325,867,738,1653,2814,1861,2312,5327,2497,1673,1272,582,82,1703,2566,2053,1236,1134,1395,1335,649,152,633,607,451,927,526,309,864,1058,901,1339,2502,1889,273,42,889,460,362,98,766,1523,3476,286,2420,1667,394,420,796,419,2371,1983,1189,953,1138,649,835,1239,529,93,286,889,896,117,1156,1353,730,628,1200,1359,894,484,907,254,275,1424,2121,1740,2150,1833,1648,680.4569239963456,373.44981174514135,639.9644276898157,608.4396967519231,0,1028.0761547667566,621.6909932556464,1445.055536068192,925.8603955566956,0,421.1327077677935,975.8469497316054,203.16478026639265,483.2021661231822,0,0,0,3
149,1972,4340,939,710,320,1985,1360,525,478,1311,2560,1334,577,106,2140,1913,544,1553,43,1149,420,621,576,1085,2247,1845,1048,1930,2977,2653,989,228,180,402,296,523,2134,1036,2071,336,2539,2694,1678,471,1331,2101,1018,9,51,391,481,258,1051,206,908,766,485,1302,2389,2293,2317,1008,136,83,374,155,1195,1139,1318,1521,1025,1047,1560,2264,1390,2546,396,3324,547,751,677.8196311780162,383.33553746813783,577.6370694593104,484.80058455514404,0,905.7170639885285,452.8314269398768,746.2022203098344,1307.9878056086964,0,950.4403313106018,480.77813096792335,623.8791300144596,215.73931893316467,0,0,0,3
