414,783,2205,2369,317,490,358,1542,2617,1597,261,3,988,1457,672,3975,232,274,1176,378,1050,2900,1265,435,1533,1544,395,1884,782,27,533,699,5,5,1090,1715,1163,618,1508,1767,2252,2537,608,1194,1382,1200,34,450,182,123,385,1059,2610,1063,1800,193,1311,3673,1120,207,196,1356,675,303,456,223,682,1855,694,1220,1746,1529,1604,2283,2424,2105,1102,742,630,595,75,145.20765881836522,761.4998422882235,580.9948043243827,795.6226786393572,0,821.6622131387084,601.9820828721198,402.9922767432863,424.53340679197373,0,213.9702959433375,229.26783425243175,274.1386069144259,29.13750914666925,0,0,0,3
451,172,837,1260,1051,1545,1977,2449,2417,1590,1091,849,1296,52,519,2142,4340,1925,2097,1077,1728,308,1851,512,775,398,1503,92,20,185,295,184,414,238,575,1665,1964,2085,2046,2109,1901,960,63,1069,1085,718,1491,1649,1598,393,1917,665,1614,2489,867,161,1674,958,7,1322,662,447,94,137,931,1921,2316,2151,2131,1825,1647,635,14,264,747,216,2,633,1333,1708,1788,596.7923528092749,114.53778772614292,699.1893149792963,0,331.61007401644036,935.6359794106435,302.06076574903466,790.5230415903025,719.1910522039426,0,806.3164709233729,448.153472795085,143.46080126007453,374.19607308483427,145.3652000917187,3,0,3
1250,1075,2159,2229,367,193,343,426,971,1651,3753,2740,2821,635,777,31,196,1831,2962,2426,1046,164,269,415,16,671,569,29,472,915,813,971,1981,3157,2329,1522,1753,1580,638,491,945,1581,1706,516,837,529,11,1456,1749,3206,4504,1400,4076,1717,1108,1904,815,2028,986,570,453,1498,2452,2440,1982,1501,1531,894,9,751,421,528,1025,241,190,1719,2669,1914,1372,1595,1137,1044.0266710467315,599.7351905205115,955.752336531346,789.4163578645905,0,1146.564058393599,661.921898493254,1273.4473779467446,1033.539075275306,0,895.5087567302089,508.55091874684354,477.63157659386957,332.3461717169059,0,0,0,3
792,1010,391,230,700,3211,1859,4666,2006,918,487,1179,601,1155,1562,164,174,1220,1353,265,1158,823,309,1119,2047,1560,556,14,224,8,587,1203,1497,1020,934,1247,238,1502,1775,2082,3390,1977,1297,1647,2360,1889,1744,6896,2750,3785,1555,513,53,2146,2962,1374,183,426,1762,1555,186,518,455,54,60,329,439,445,1400,1751,1353,1713,2446,3105,1795,220,382,469,232,30,15,980.2888986438071,574.4740231303937,1054.035221554449,519.8792757639733,0,1585.6103209805367,346.99812622491976,1915.9438612615977,690.3751650789013,0,1020.3634931271225,327.53058093392997,719.5405271442996,315.3012942315434,0,0,0,3
273,892,2934,2126,7104,4592,890,867,2857,2304,551,530,158,1086,534,853,421,677,1109,1643,2091,1734,1149,553,297,602,811,1343,2007,1631,611,112,515,459,645,1372,1362,915,386,312,2478,698,5721,2084,3776,710,1141,273,724,974,3056,2768,1804,1606,554,165,605,389,414,535,102,59,780,1845,2358,1306,773,1458,705,473,867,591,1,304,925,191,3424,4858,3871,3224,3701,1051.7906464204361,148.08079654580837,1006.4846963061207,0,521.6649203123825,771.4261674359122,1312.8789755322114,753.0170410590232,1923.2339342932003,0,809.056847535671,1459.311000469407,424.43861212944927,995.2032196838248,488.9364271409761,0,3,3
4192,652,545,1171,2783,2176,282,37,473,538,71,986,1183,172,992,1513,1752,2259,2427,2930,1924,333,294,186,37,1590,1084,34,964,1093,815,1072,1967,1122,3732,24,8018,1058,5022,1045,2592,1016,1619,1157,933,36,2238,2899,2150,1676,1831,1538,1162,526,162,69,817,887,581,521,1432,2288,3016,2146,1035,1658,1402,83,273,186,602,662,1752,2218,5205,4412,6286,888,396,675,1334,1055.9423039927167,1205.331788337483,845.2096902550328,1326.6347026260182,0,843.2357395770177,1525.9307737132845,1003.1692559893307,1536.954310913276,0,1225.3718320479702,1365.849678603693,532.5804858872418,1107.4635232034932,0,0,0,3
1148,800,113,378,1182,1091,307,460,616,284,1500,1693,1625,2164,2719,2831,1349,258,236,475,560,255,789,781,1339,2212,1798,1761,1676,2332,1451,489,7534,1128,3083,120,1524,286,2173,2623,1532,232,177,136,1157,2306,2419,2305,1736,1196,871,784,159,30,119,742,1097,1373,1698,1876,2370,2419,1763,944,888,1366,314,188,1288,1597,512,7535,1879,1946,646,423,792,1404,1898,12,835,704.5080991263144,820.366212223531,1047.9723201101572,913.1471558046668,0,1122.236260775778,1233.7077058887724,1097.6084766431502,1198.7790088762454,0,278.29259037059745,1184.2309014093419,541.0149008485431,543.7975073626889,0,0,0,3
414,312,631,337,309,482,194,36,897,2098,2467,2604,2151,2046,1529,486,557,989,222,742,297,344,1141,2482,1861,3157,939,2704,1875,1847,96,596,198,11,1104,1591,1146,2247,2689,1593,269,242,489,110,454,766,669,118,589,109,457,1864,2530,1757,1300,796,718,1527,1567,794,340,285,547,419,984,1990,6095,781,187,1461,1423,2339,1301,902,989,364,466,748,567,985,1081,556.411253425995,491.2647167415914,560.1985601131349,460.3274350791421,0,390.6009760612485,629.7242402550513,143.9503151722931,557.7848042903674,0,811.8278197240088,847.455662871998,371.6180709395932,623.6805952457661,0,0,0,3
510,285,378,179,56,262,1559,1797,1330,1072,1093,592,187,730,1944,2201,1622,1588,2021,2159,480,2360,431,2068,1622,569,1054,652,311,508,2565,2260,798,737,1195,1236,183,847,740,408,457,548,33,810,1464,620,311,1083,1150,205,1508,1512,1233,219,395,1268,430,1084,1713,1,2880,2516,2477,2762,5533,2909,436,473,3486,2329,699,1880,805,737,783,636,1122,1580,1858,2025,1997,384.51459883087455,788.8312735451232,508.915738884142,815.6475600990648,0,403.1825176021401,1126.4702443259746,639.8540348013861,972.7941464551747,0,701.2669685221026,588.0826562433508,634.2262399048386,171.2098641289168,0,0,0,3
746,428,349,471,1011,543,445,629,371,852,1678,2272,2832,1804,1522,1457,2037,1669,657,5473,915,3925,904,1981,34,2242,995,1731,1852,447,694,534,1899,1217,214,151,869,1021,269,1086,1159,194,314,38,79,1368,2468,2095,691,629,495,569,698,1408,1424,4914,3321,4317,433,4189,2653,1291,1201,2102,1922,660,1003,793,33,844,1399,617,6,36,785,1776,1962,2018,1395,1362,1149,422.7067002742526,1033.4007788536,237.63283985430468,1462.3768098158564,0,327.2538196874102,1676.0931650038483,797.4188952151329,1418.1627394052293,0,975.540904981377,300.52366355560065,743.2310922982888,288.40846803820745,0,0,0,3
899,157,500,298,954,1127,985,1245,1558,1794,302,704,2271,676,5224,457,1026,123,689,463,980,692,226,863,1892,1994,1794,1370,1124,1611,1254,481,372,629,532,985,894,746,1505,2832,2360,1568,2436,2073,468,278,445,407,841,3017,2164,3635,516,2887,1678,1072,643,2556,2456,640,3,971,1284,27,685,141,389,40,88,828,1774,2293,2537,3201,2069,1319,941,109,366,25,469,283.68406348779763,685.5814622158055,685.1354114493269,424.5271210340106,0,986.4322024346125,558.7564702737756,816.5271914520545,664.5505715603115,0,878.8613585815438,230.24501214752942,646.2462184531796,47.9436988512674,0,0,0,3
1073,1135,1889,654,1653,1401,352,309,2786,496,3650,4075,3591,2026,2168,864,68,2253,3604,2812,1780,1144,1347,883,258,651,109,645,703,338,1488,967,252,402,1043,1279,321,831,1189,349,395,1347,321,539,1295,1641,1475,5683,3986,136,1888,3903,3492,10,1608,184,2060,1064,1102,351,1055,960,248,45,910,1871,2463,2039,2082,2024,2149,1475,483,318,898,711,817,943,1062,875,520,1034.9161468712214,0,647.2559128856288,939.7219144673351,1044.8753533702018,1036.2540338140836,0,1894.0738930501607,346.7434823181875,1002.8510459353863,535.3629377727297,0,446.7166567821789,215.5206963455466,138.05626115459162,1,0,3
41,649,577,643,4863,7201,5099,5074,2872,2216,1131,1704,1010,2203,1240,1145,1855,2378,2582,2159,1779,486,406,67,829,248,27,1090,2002,1765,1601,1610,2171,2469,1437,417,125,69,380,71,91,27,3053,447,7935,1342,5871,3062,72,704,2274,2209,553,1150,859,69,30,443,892,591,613,1350,922,1130,2701,2808,2208,1547,1267,716,4,816,1859,831,220,143,517,884,1227,1138,3650,651.1526782972758,1457.3061298063512,965.0139293315187,1971.1306197519125,0,871.6681851484544,1957.4045111772216,464.5938774897314,2409.0097690826556,0,156.19916621987264,1356.6474690639077,83.44830325107841,969.1536630256442,0,0,0,3
6814,4771,5284,2382,2668,1153,3088,759,656,762,2411,2450,1669,812,491,265,112,636,1696,1973,652,583,489,351,684,1755,965,638,1456,873,1066,867,620,741,314,325,3569,101,6483,2005,4389,1962,2704,2264,2932,1671,157,40,319,1021,1406,176,744,329,245,626,1280,48,1346,1989,1367,1656,2335,2750,1668,77,417,598,19,511,161,423,702,2213,931,2888,3836,141,2353,1753,140,421.65366595544305,1189.582022439054,211.35912049973518,1749.3698185391038,0,767.8840081679004,1937.0050739860415,564.8178710491038,1397.716327923068,0,1647.5401347034165,485.92463030790327,809.0740082319758,231.7095048463606,0,0,0,3
192,750,1446,817,731,576,711,736,376,506,1343,1213,816,686,1177,976,173,662,1214,2017,2179,1847,2090,1978,1302,453,106,137,3116,1025,6170,1615,3730,991,130,1031,3265,2273,481,154,1140,1220,12,253,148,254,657,381,1406,1385,1377,1735,2374,1431,570,27,93,8,968,1397,935,655,1421,1016,1558,1651,1742,589,2968,209,3786,5605,7176,75,2331,26,1631,1303,3368,2272,745,1089.1873106887097,290.25807993670225,1477.9451306777191,417.9062561026178,0,1923.2603580898767,177.5424228639827,1783.8408141169193,774.874663294197,0,1472.4754772132048,190.5324419913077,865.2355660968574,366.49371645598495,0,0,0,3
344,451,316,643,563,194,387,871,800,979,2214,2636,2118,1357,1607,1712,337,2018,1001,4141,1745,867,2793,2374,990,239,2209,3587,2477,585,514,1487,1137,153,488,509,15,450,749,1241,1708,698,449,878,548,486,1662,1851,1585,55,489,85,1259,2222,1772,600,1470,1055,4016,5420,1779,542,3874,1102,409,751,684,890,398,614,46,1075,1682,1980,2628,2306,2217,1791,964,265,359,813.3123491697638,168.49143391122004,811.4037684463136,394.18663270353085,0,962.4853778110087,485.9110051218613,1520.5545289105476,87.0311577465408,0,1093.2380205284235,43.13328055683698,90.86121141620454,282.7967545662369,0,0,0,3
114,476,429,263,668,1244,1922,1836,2402,2943,1591,1058,1380,1227,32,2123,113,5686,1519,2083,410,1338,1284,775,1839,920,365,78,35,302,702,278,266,939,1018,867,1489,2569,2281,572,1,737,1811,1332,1377,1994,2595,426,4372,4698,5228,956,5299,2100,19,69,873,749,104,783,1930,501,1750,2523,2237,1763,2377,2792,1503,719,644,615,312,1481,1209,580,2112,2016,626,1032,1441,1098.5487965702368,0,380.4695929244787,1192.5332424799128,469.3471095681016,1004.9355797119971,485.78209694341507,1324.0291066316445,0,1280.7975313468803,1218.0626086603684,744.3193679594734,339.8362133147358,757.0120825275575,73.64865285380414,6,0,3
736,125,397,153,25,191,2118,1525,6079,1442,2232,2646,2544,1139,532,2673,3867,2727,628,151,651,800,16,684,85,1044,1409,1502,812,1550,2548,2450,1098,490,506,335,1096,1239,77,350,433,1630,1134,1076,64,3899,5281,2596,1232,2085,870,159,88,276,229,331,540,1165,1507,1903,1518,235,213,153,990,2453,2020,1290,846,485,253,551,1254,1608,299,105,215,282,104,161,392,627.0371727370949,878.5490324279041,558.8735718128127,1444.4523520208902,0,419.41241338329513,1359.3451066129112,671.2918901884327,1137.7920555237151,0,715.1659819880938,619.8065236261318,191.36447732522666,594.0124447419695,0,0,0,3
335,251,533,2235,1804,6367,2837,4462,742,490,2027,4149,2410,375,1087,2574,1846,498,993,205,651,506,925,1564,1385,1968,2147,1628,807,141,480,1073,986,1264,705,44,167,869,1857,2990,1970,1359,1384,3029,950,2137,3465,2379,1833,962,512,1445,526,1560,652,2049,1867,770,899,2385,2811,1881,830,1226,1260,533,615,1021,40,1201,1027,631,2112,3452,2325,1147,1377,1011,148,283,88,1043.066605250684,250.1583364063655,1206.1559495683593,386.2388305268415,0,1595.2000070524073,309.28380850405665,2082.044957831208,775.8731016488205,0,764.4157895520623,415.76448819099124,179.26414975815115,430.4173086860119,0,0,0,3
343,2034,4727,422,461,1084,2113,2743,1804,1454,1953,2388,1258,403,1097,700,9,410,571,612,1151,2231,2333,2136,1746,2107,1707,896,165,164,207,48,792,1081,1250,1605,2517,1394,1140,8403,1085,3498,946,1985,478,2792,1425,1189,1110,87,182,1676,2363,1592,656,1015,1989,1986,1316,481,583,745,350,1053,1057,109,608,1322,921,1353,1887,1293,616,411,235,1717,1828,2335,6404,4671,470,979.4598393482098,1159.4421422095345,1022.4674467394129,1448.8198759552934,0,1062.4871599224152,1455.8270697444282,959.0639332101615,1600.3250720702076,0,399.5977987883166,471.4921135568465,191.41082246468463,607.0490904969296,0,0,0,3
299,2149,2750,1234,686,1256,2166,2078,520,320,97,284,160,694,1294,1192,1929,2228,1863,679,43,322,279,837,315,28,413,121,100,150,483,489,747,1525,1820,4391,3611,1397,3033,1066,378,1025,25,314,1798,2042,1896,1394,731,365,334,985,1244,1463,1945,1416,1083,1353,1087,92,56,62,26,1072,2048,2166,2245,2565,2364,694,391,713,1286,1075,4953,1866,1319,1103,2074,1508,229,388.5132909028995,889.2928867513067,635.747241185771,1056.531707313555,0,406.4337645914768,1178.1715857870743,145.3891592919915,1161.2405539718877,0,411.28822887875936,946.6409989247658,344.465883893128,178.16466043472448,0,0,0,3
828,578,879,448,1793,463,992,371,365,168,1436,1986,1733,531,204,290,475,1471,1403,1124,1342,336,466,756,1204,2121,2921,1373,1513,1168,1627,1305,322,8734,2776,3661,91,1808,524,3436,3658,575,40,403,889,52,1211,1648,1638,1427,1098,540,625,435,36,136,738,481,33,513,910,1623,2263,2078,1295,878,1286,257,153,2481,4693,688,276,2658,2989,2637,254,1146,2023,897,84,388.36538368221386,980.5305532813402,519.02817613099,1467.9070299983193,0,808.066731464673,1149.1928375360385,1256.4325779208118,1262.3344794011373,0,1253.4273378013077,725.8293623173136,525.0541893023395,131.37348819435837,0,0,0,3
279,26,78,94,326,861,1190,1378,1749,1867,1700,749,170,143,171,1137,2260,1897,679,985,1430,1184,1803,2641,2985,500,1969,1311,2837,1462,2644,895,827,174,339,518,970,302,535,30,974,1587,1979,2142,1943,1469,1395,725,248,91,375,148,61,241,850,1749,2444,1947,1000,1442,1859,705,2,599,1603,926,4494,586,373,2469,3244,3067,977,1242,2095,1824,542,483,337,36,50,460.79358260146967,663.7670393901449,315.2707554663648,819.0072345229468,0,245.07080609489168,932.0858890918103,626.1160848641408,466.48793192452825,0,249.0861020162086,730.2484134823272,196.0876411828374,476.30301955216794,0,0,0,3
21,848,1472,1590,2002,1648,1623,2054,2533,1351,434,204,687,1158,965,69,208,900,2105,1421,1903,261,1770,5142,101,694,160,12,1074,266,562,1037,1847,1477,1236,1361,2130,2450,1423,264,62,150,365,390,516,326,413,1163,797,1149,2455,2172,999,587,654,225,273,1134,228,576,1034,371,3999,758,2068,733,536,525,299,23,451,1586,1921,1033,525,44,353,734,972,1125,634,206.57962558794281,265.5228492136053,574.9998791124187,477.20501651692666,0,517.0070139756326,674.7940284129706,243.02331922250679,524.6153828994137,0,807.6916916582152,675.6139899029399,430.32375049117985,745.2424800937639,0,0,0,3
634,829,658,675,1352,1891,2356,1801,588,407,236,993,1262,1530,1531,2073,785,1393,530,1296,6468,319,2883,608,1104,224,2014,451,1890,2250,1482,1339,2237,2832,2219,1580,907,585,85,134,140,194,152,122,702,1489,1857,1511,1813,1297,89,218,376,410,343,1457,1999,3211,4377,3338,488,2,1816,2990,1464,442,1231,2528,2680,950,116,376,126,319,18,828,1321,1926,2024,2287,2144,216.46028480868642,921.4294285403547,265.04740536021717,949.1898527683212,0,815.6152432366625,1363.6941080650863,1003.8208824209789,905.6592025935896,0,1170.5167343658788,545.9531309164819,385.1662598430461,331.7545515688123,0,0,0,3
130,300,689,104,925,619,1134,876,1059,1755,279,6474,264,3279,1167,2675,1450,1469,2139,708,269,1125,2487,2523,1465,1327,1193,648,235,142,644,341,267,484,508,457,1241,1690,2559,2677,2237,1598,1408,1579,503,276,1737,1039,3732,2061,2306,520,487,589,1870,425,1350,648,362,410,1873,1314,187,102,383,33,524,930,491,849,1027,1403,2429,3060,2361,1760,962,179,121,141,369,435.00670381858026,755.2679654707807,470.479197467775,959.1394267209189,0,806.4640801052457,1348.054885988074,988.6268037243101,1038.720273027245,0,1021.0149483769327,334.1145287975618,618.2663201146006,341.5498648511794,0,0,0,3
300,248,587,343,722,2041,1102,4557,424,914,1367,1203,458,1282,691,417,729,2154,2230,1223,1000,1406,897,299,1402,1607,699,289,1270,1583,313,730,523,385,451,441,1129,557,1335,1215,32,308,722,288,2193,3244,3933,3611,957,1351,1730,3045,2160,684,1647,1772,713,131,184,227,300,397,629,826,1032,1420,2228,2264,2042,2350,2438,971,357,353,996,793,171,118,116,231,1468,772.1886521152917,0,223.3743666877598,769.7452561032306,204.884448942858,1135.1658740121768,0,396.39932896106694,999.5589433141357,728.9117082133089,896.5475987540166,0,142.78031567119075,530.6535304074995,90.89703628196585,0,1,3
2579,1172,6694,220,4403,43,1820,997,1883,1771,343,902,387,2510,2713,1610,1498,1667,1506,376,685,1015,491,415,910,995,231,1665,2041,1216,665,1400,1278,571,424,9,331,69,3188,1426,5380,637,2356,1361,1284,642,2216,3183,2439,1504,1993,1888,579,207,448,96,249,217,922,1304,1628,1608,2390,2400,1688,865,241,93,313,326,645,479,54,586,1827,1505,1869,1080,1462,8968,1431,283.7457020131784,610.2829588976106,303.4424356097421,970.1681982951234,0,737.7850991311766,1547.5528490068962,1012.9837934210884,2009.5083112455618,0,1486.6980330604888,1273.1170118149375,939.2711061401053,698.5890811585458,0,0,0,3
4022,95,2791,1928,1918,2501,50,1207,197,2166,1751,639,353,105,76,213,810,1603,1363,1491,897,528,1597,1606,1718,2209,1701,1532,1598,842,832,733,1500,2429,846,7083,729,4580,1873,521,1040,3021,2450,411,440,64,127,1495,1406,584,67,259,99,478,896,845,245,42,775,1246,919,1484,2567,1780,336,86,565,499,1015,1746,1975,3165,225,1837,7071,1339,2742,2587,2593,1,2481,1175.105174092727,768.6190018396667,1067.1547367241453,969.61558931695,0,1469.9971981265817,1238.7426021362614,2123.514847821897,1067.191246192461,0,1298.1612098287142,257.8541456093243,632.5880426668868,587.1123114329391,0,0,0,3
539,1862,1199,38,111,1672,2649,1846,1287,1598,1947,580,949,1099,582,1044,1764,1398,75,1661,1284,375,219,1034,3,1556,1203,897,952,1611,3898,957,606,834,933,469,2540,1424,680,2064,2180,799,675,559,244,409,1694,1367,17,816,734,4,257,615,29,1489,2431,2138,1572,1468,1335,1021,465,360,820,80,1066,516,1679,2536,114,2769,2710,21,0,426,1247,41,1692,1051,99,231.22645889424481,175.56980331143325,411.8906737073995,117.68973692190661,0,560.6078687460603,726.8806726703051,1355.0871299532807,500.66116284186165,0,22.367247578536404,616.6360681126797,151.93120937343724,504.24405443475763,0,0,0,3
605,120,134,1067,1915,1880,822,614,1495,2243,1318,473,278,278,407,1454,1775,1827,1866,1733,1400,1340,2289,965,2455,1531,5999,1483,2671,266,1253,2229,598,1065,2954,2639,1182,527,163,193,169,543,347,181,89,657,1339,1561,1259,2228,2431,1193,78,1025,1683,1047,914,691,87,403,864,1716,279,2156,2121,3225,1959,3863,440,773,349,2709,1252,1082,1536,1238,843,1405,1754,1787,1027,621.0957023941334,730.6007613496491,700.7409928633132,858.7904580142166,0,397.89729830698775,1351.7756033298624,929.8749759959798,566.015695145847,0,1007.3940071505339,1024.1922199297826,564.2137408575802,429.9917897737538,0,0,0,3
556,1000,967,845,947,1608,1084,91,358,554,439,489,1076,2090,1450,265,101,357,2400,1264,3936,985,679,965,482,44,2046,2048,1400,1865,2828,2683,1110,472,1226,1476,349,126,284,382,682,641,1432,2149,2124,768,204,910,452,796,1182,616,304,77,1189,1034,1691,1511,4031,2698,3513,2030,4680,805,464,1115,2439,1629,530,757,210,67,656,548,855,1945,2151,2199,2680,2319,1757,638.2420326027906,476.33789925298106,744.2080727977858,283.44981752880284,0,1364.13643929044,242.4767717784951,1365.0814499182936,242.8343186302052,0,940.4554421267108,519.2131339519038,356.2842004789893,286.56214393318436,0,0,0,3
909,260,15,95,147,446,651,1574,1627,1946,2132,1809,1548,2756,1649,1771,290,2456,1012,943,882,1188,1719,878,532,923,698,511,2286,2204,1176,897,1115,1221,444,201,506,55,527,836,632,505,954,1776,2119,1451,1576,1801,1053,22,1083,1390,2333,1652,2204,327,1101,7171,1548,2819,783,2805,1928,1293,1468,769,1395,791,119,295,1037,1918,2625,2254,1975,1404,1190,438,249,741,427,484.881676260701,420.27867800936076,599.0064389199014,655.5035362741146,0,1043.8584734052793,536.26523639902,1132.9128436746964,372.8456717656561,0,1362.4467055758225,531.8589777876326,591.6001283493075,193.76580384691218,0,0,0,3
84,34,326,1132,2322,2579,2089,2056,1255,998,535,1886,498,2475,3164,2529,774,1123,725,349,473,860,155,1396,2514,2114,1829,2058,1753,616,206,70,70,195,643,1324,1618,1904,1580,1464,2247,2692,1850,598,511,394,744,696,1241,1457,2512,2731,5827,5536,6603,604,2038,339,1651,326,1673,786,284,1544,1825,1267,1244,1787,2226,1907,1183,51,166,248,772,1816,856,12,46,829,1746,942.4098797547942,815.7975199393971,1028.0772451219598,1061.6120711452263,0,1284.8039111086175,1022.4164399716182,957.8373729016225,1604.3598423334781,0,1257.8484463083437,1059.7027280902907,536.3819496785089,562.3819593616506,0,0,0,3
2319,2117,2525,2975,1703,1359,343,1290,2081,3937,3967,2645,2023,1313,721,562,1570,2283,1562,365,732,962,1377,1979,1896,1319,795,131,234,605,1070,995,1124,1874,1943,2246,2005,1171,1576,1439,50,566,20,719,113,690,205,3096,2529,3841,548,2998,1350,1814,2015,3068,1287,1077,848,253,46,793,273,1403,2227,1969,1361,1822,2488,2769,1567,268,179,684,77,813,480,225,1343,2324,2007,651.4975602091299,464.53065305010597,920.3588871882448,468.79818636442155,0,1221.6924254901476,715.9804465361966,1377.1950799587,283.446602994282,0,419.5926807987725,704.5267916393085,369.52816104307067,473.74437462463493,0,0,0,3
1856,991,3640,4305,534,252,301,1077,545,988,658,443,1595,2032,691,453,928,1974,683,814,514,81,40,587,843,477,1410,1273,972,1452,2195,1923,522,144,722,520,321,38,78,982,2249,616,5385,2095,5901,1229,348,1644,3218,1998,483,913,180,617,602,910,287,946,1022,1568,2406,2460,2493,1641,1400,1687,1589,289,289,143,83,101,269,505,478,85,1207,966,759,3349,3765,489.2325290023077,487.55200897693294,840.0621025496035,700.7088209219108,0,906.9450755144989,1569.4516288704203,276.40502987294144,1082.5151531128806,0,362.53140223890296,792.9334744043555,596.5094337476872,739.3185851521762,0,0,0,3
5289,4347,814,1646,674,90,1938,3755,3484,1397,825,1589,1915,1522,952,253,591,181,170,305,234,16,665,1125,499,433,662,845,1895,1819,1707,1280,261,735,1300,534,2293,383,1683,3247,2342,1486,2951,2049,2003,998,435,770,231,19,107,33,553,589,463,1490,1823,2264,2959,2268,1916,1434,918,342,165,305,821,289,823,574,948,1164,917,200,3570,1176,5311,613,3211,605,502,304.9383487166289,894.7626648039968,385.33012767993114,892.9772225688744,0,1011.9506410887836,1106.816317074632,1011.1687443695619,1384.3532838853844,0,1125.5244519265987,883.362389829605,283.73224715460105,273.709383798531,0,0,0,3
23,361,1152,2400,2937,1939,1165,1235,258,930,1356,985,953,1321,1108,624,524,1581,1240,578,490,940,1929,2750,2286,1196,1469,1464,29,103,182,225,112,1625,846,1752,2819,576,717,2897,1512,733,364,1123,1482,314,166,133,127,66,1016,1393,429,1069,1347,1004,1429,2616,2833,1846,520,24,81,513,971,1709,1530,425,131,164,602,808,1444,2011,1749,5798,2188,3111,1558,581,735,828.7145607435646,579.3309583022943,584.5462866124833,778.0101410859311,0,824.3139708266505,974.4035150648017,504.93040844147674,719.4929264912139,0,1115.2991612558453,215.62120017184816,468.01123990945274,301.33225554086795,0,0,0,3
1418,1709,179,2040,2398,1183,1377,2212,1843,522,159,52,101,390,168,19,219,616,693,835,1894,2775,2222,231,277,371,138,565,1012,166,4407,4282,3671,1273,6321,2452,485,329,2380,1625,125,676,763,220,600,394,624,847,1210,2190,3013,2198,1675,1701,1657,419,436,1104,870,728,1080,876,1186,2158,2557,1884,1879,184,3219,4311,2672,1279,469,346,358,1414,456,132,1249,1991,1039,438.8914753990961,975.0377978557922,602.9928006913144,1368.422587296468,0,459.70326570517204,1576.4565715221943,447.8143027493606,1111.7039655630363,0,1079.7330012394923,406.0770077976825,777.6080361674533,390.15035991252535,0,0,0,3
714,917,939,1660,2144,1552,705,10,16,799,453,295,975,1770,1930,2288,1858,1289,1714,1537,656,322,425,549,611,161,4439,5971,4717,4938,1844,2479,496,2002,171,1388,239,1587,1659,409,1589,1536,1127,626,740,1047,572,390,403,824,1378,1440,1138,833,53,784,558,1665,2879,2036,1791,2220,2408,825,1201,864,3327,2711,5185,2818,592,888,1347,1888,402,550,2407,1886,100,721,88,751.9579603690655,458.1695702118541,1064.4980188652823,397.923849100756,0,1669.6854531617626,669.3995879697078,1820.5261166129274,902.6533176240184,0,1558.646903286482,441.32828072791455,739.9162660806536,97.0795387029954,0,0,0,3
600,1084,693,115,656,1253,915,367,421,451,438,1855,2433,1732,174,44,852,472,918,1744,672,1064,718,4595,5867,3129,1309,4175,2918,1341,237,936,1633,390,1348,655,539,1252,1560,1876,2110,2336,1884,1495,1034,792,335,377,642,240,89,89,637,1238,2106,2803,2371,1995,1726,2929,297,1139,2827,68,2042,1682,991,306,1990,3438,3173,1310,518,1573,1853,611,166,395,580,244,24,72.95161088229538,792.1297128630767,401.79822751791016,604.0929259554745,0,1029.8070353226376,717.4203770971892,1687.257550652168,944.7173682655148,0,851.8588124191489,474.418427168438,414.8802830941002,385.51048284145986,0,0,0,3
294,640,1658,2060,1458,1496,1881,1303,45,814,303,47,67,134,444,33,140,1163,2779,2131,7252,2024,4775,1832,1552,1970,1158,1843,591,1613,708,1642,2468,1659,1274,1727,1707,609,152,779,689,590,1301,1920,582,787,653,662,860,1516,1961,2008,2059,670,408,761,2261,4598,1956,2659,509,747,284,1366,587,1719,3092,2231,752,1275,2009,1376,737,554,559,721,716,171,81,374,570,370.7082692833986,993.905119335836,481.1544068709019,1272.8269386249738,0,600.164185869167,1470.0058533358836,1499.4305939657188,1787.521016288397,0,1068.437428894979,641.5836850018494,835.219281717671,71.90866529494333,0,0,0,3
1011,1937,2099,1886,2394,2094,1059,449,85,890,1848,1268,1629,442,3444,6636,1297,2790,2626,3552,1209,338,777,1812,998,382,913,760,645,559,183,348,765,1606,2594,1975,1492,1354,451,1071,1118,944,1877,1991,1742,1653,1375,1375,733,4887,5579,3353,3638,2144,2225,143,2195,2426,792,937,2543,2352,120,1395,955,701,1029,1246,992,636,64,106,144,445,333,34,134,518,1122,1392,1923,887.1331136303199,181.07712840801952,1084.4131235350321,867.1639693816624,0,1079.0104007839777,1396.5309473344807,872.7270108767076,1915.4062756836172,0,427.6796329083743,1261.4615815849086,425.81867260522733,754.7474448192758,0,0,0,3
1503,1054,1205,111,495,1091,1362,2784,3112,4788,9767,7478,3866,1501,2654,2133,424,1544,166,744,910,792,843,970,1130,2121,2685,1428,203,21,397,587,1679,1524,943,399,964,825,1599,1650,2081,2550,1420,1600,254,3805,7232,1733,2756,1966,1718,340,1424,80,1098,1023,1444,2209,2184,1796,1817,1842,397,1289,1775,1088,796,1324,1813,592,15,575,1183,1432,1407,1669,1863,2214,2111,901,654,824.5354055742932,1400.1162210712414,1273.245458175149,1580.2329514272699,0,2075.74881548804,1286.0378717477863,1556.119395196663,604.0023283824373,0,2366.8264896869464,558.4374549479002,1044.0910856604985,412.0320906132718,0,0,0,3
566,685,235,1739,1204,4815,2391,1706,1333,157,1431,3228,1699,356,1595,1546,25,461,49,73,272,406,122,962,1669,1761,2096,2807,2441,1890,1595,1128,19,292,187,1188,1395,16,80,2039,814,4218,3069,3515,983,1207,262,1237,302,1219,1867,1198,523,1195,1710,1639,1069,29,777,735,1074,2168,2213,1709,573,220,689,444,363,986,89,1046,696,515,726,552,202,582,1182,918,1943,600.8965708531914,441.14519577792385,919.7811635430495,348.89755822031714,0,1448.9991114559043,266.9908749848659,999.6491160433047,1037.469892059988,0,871.3782313805361,503.91771467721355,296.6409761178819,420.10365578638175,0,0,0,3
4865,1784,2024,143,2465,3624,1642,1128,2540,3016,2146,602,300,24,272,310,87,89,867,2175,2102,1738,1757,2207,1806,1406,998,351,728,608,237,589,568,266,1896,3471,6187,4066,3062,2104,1095,168,258,564,1174,422,1335,2385,1231,622,1423,1614,884,636,346,523,910,997,654,1175,1171,297,1059,1933,1759,1961,2007,2374,2366,1188,1144,43,118,3634,33,9018,291,6231,637,1398,656,922.3357552113638,1713.0083737896728,1144.679599642453,1651.9105238457662,0,1531.693588809459,1721.2370610885498,1084.677203642965,935.6215387606098,0,667.4048403975466,1165.6271094396006,452.78184134150865,1225.1933185634284,0,0,0,3
3372,3074,574,660,210,739,307,792,987,702,20,1194,1363,507,1113,1958,1451,19,409,407,216,128,830,843,416,113,816,585,3639,1136,3454,2676,4790,1890,1158,1786,2923,2024,101,1327,753,36,318,394,12,1117,2176,2173,2005,1826,1838,2026,2230,444,574,173,82,180,70,257,488,1926,2833,2082,2288,2385,2993,1857,1734,5139,785,2335,574,522,757,2408,2646,1399,859,785,702,678.071288636738,857.6106776850822,734.0466427589623,1127.2172929688516,0,991.5739508478428,1063.3398573327754,704.6213890137182,885.7370085478392,0,652.1009197877453,1145.3239860405774,519.771760894279,548.8477386473079,0,0,0,3
220,40,195,511,200,199,844,1411,1977,1506,1211,1666,880,345,646,149,210,190,459,284,436,880,2283,6373,1676,3421,1131,2403,786,1114,215,2428,2468,373,1176,519,230,681,1042,765,456,92,945,1477,1506,1295,1749,1649,1082,442,431,280,137,516,1446,1804,1605,2233,454,9,685,3879,7320,3486,5289,1213,2339,60,2067,14,2920,3117,1733,707,1255,1983,1998,1775,817,20,3,693.1060981524857,693.258644249138,994.5394385380018,875.6097581340784,0,1596.057669697433,1340.7069008451715,1437.0396366156583,1636.8674196398554,0,1285.266187136397,1555.7463746118697,722.103484276478,495.941494127402,0,0,0,3
618,558,545,474,1043,1735,2273,2108,1576,1808,1701,972,186,825,394,1593,3084,4135,3458,1198,1296,1135,1706,460,758,2079,2024,494,929,347,218,80,46,653,439,874,1507,1792,2391,3469,2786,1672,498,23,636,316,257,572,13,682,621,1192,1129,1698,2019,528,8753,388,5755,610,3094,1809,2299,3442,1241,91,1156,3135,2578,307,595,48,327,236,302,1237,554,715,915,626,1157,886.0299687458967,0,739.1413674691514,922.7067985286221,1268.92674597215,1464.693195900985,0,1143.4957853215556,1586.5487945006576,1599.1884544383802,1208.5020690360109,0,978.6494095989175,637.9458193805905,388.04293448803577,1,0,3
1506,1542,1840,1470,799,679,869,636,833,664,408,1851,388,4296,386,2224,203,383,460,1666,1449,386,218,482,1161,59,1196,805,132,364,769,1009,549,955,1613,1491,1699,2210,2076,1651,705,863,1089,801,1397,2315,1793,132,1690,735,666,4285,799,2460,1830,3230,1293,2160,1905,607,1516,689,39,1563,3188,2848,2065,1476,1273,431,317,463,283,365,232,670,1244,1384,1210,1520,1388,204.86482182718652,839.185067609024,118.27437762067046,828.6274201938955,0,221.1548326399403,1344.7278223108829,77.70117272550664,1691.9001808879632,0,305.13294306481237,555.2281615711497,496.54707350133543,228.40482109121783,0,0,0,3
1370,1205,26,381,84,21,1205,2472,3549,3433,1463,2426,1973,1650,1212,3029,3751,2097,59,496,553,481,343,281,486,979,965,1324,1613,2280,2322,2225,1592,944,783,202,850,1464,617,101,543,1807,1999,2481,2505,4603,661,6556,3361,7186,898,1222,316,2168,296,2502,2840,635,1119,468,1229,640,1913,1839,1588,1879,1993,1828,300,564,148,121,401,731,142,1046,1593,1206,847,754,174,766.7000239708138,968.6306198574196,753.0963636969911,1171.2995939008097,0,874.7230147309491,1868.8652857273541,1281.8752428648977,1871.9112097723669,0,391.37336074225186,1101.8916200686397,280.1377979020499,551.6453770717479,0,0,0,3
1212,2016,1997,3486,133,2470,907,988,1102,3049,3511,1555,1014,2310,1804,213,456,248,286,530,203,280,1086,1917,2065,2548,1738,1245,1955,2193,1086,9,37,466,544,483,1284,1014,620,3421,226,7521,205,2901,747,294,684,1597,38,1941,1042,270,1368,2246,1769,1090,1270,2005,2513,1456,334,379,727,55,156,261,180,763,1803,1756,1668,2892,3032,1697,1151,68,470,1124,3403,3796,5152,515.3667363151284,988.3726738501712,401.3500852462537,1425.3987852715775,0,255.20333559732327,1849.2482670151176,278.2117478158137,1391.977155161684,0,401.28287760038904,1003.9280513647615,199.74045447138826,786.4374827509897,0,0,0,3
3452,195,992,1840,2609,1319,362,873,1530,799,378,394,456,380,376,327,823,836,985,738,64,1428,1356,909,1515,1862,2026,2028,1186,528,742,499,1617,1117,619,1113,2787,6258,2184,2752,2231,2003,831,2891,1038,1833,2080,541,286,1691,2659,2318,1671,1314,1289,940,362,629,810,304,83,395,200,738,1423,2363,2748,2483,2056,2160,2604,450,2331,127,6002,478,2268,252,616,1127,255,769.3294634170619,597.3895025852868,1074.057716633405,882.0343642146778,0,1372.2257440013288,1025.7731055746597,1480.0839766028857,792.2712575016931,0,1051.678686322998,603.7927300490823,754.2387945069535,476.0288412786776,0,0,0,3
10,679,1179,514,578,1213,1003,741,776,935,1102,456,843,1231,405,721,332,143,947,1843,2390,2113,1413,292,248,297,1233,1620,2429,1667,1726,10011,894,4038,2239,4872,2533,1242,922,1795,2036,144,1597,478,1188,1573,1530,2002,2475,2185,1782,505,119,585,360,1307,1144,203,701,1116,1038,1508,2228,2557,2799,1396,2571,915,2243,4852,2457,942,185,655,359,540,841,239,1310,2387,2255,264.1688277604763,1087.2215101987128,719.7234574627387,1427.2668980939636,0,877.6277699002009,1639.4440164256603,1573.6675857077662,1708.44691551894,0,759.6623550150249,400.8434879803663,1069.3431424851935,32.5701046160057,0,0,0,3
2101,1887,1795,1803,1083,88,97,486,250,373,262,611,1501,1747,1017,287,782,46,721,1005,1013,150,216,990,780,4232,2357,5319,904,6815,2657,720,623,3895,3441,275,1016,90,1020,690,672,784,449,1992,1979,1712,2347,3551,2604,1137,149,20,21,223,163,882,179,610,220,317,14,38,1542,3814,6121,5622,6303,1161,2386,340,1507,975,240,877,2425,3466,2628,1302,840,798,651,464.46591405500635,1498.4380420361038,225.77461525478012,1566.528085624548,0,912.3787385181661,2075.029704389695,1364.2799699119403,1651.7896431081642,0,1755.3799933545383,606.1337142066393,1224.167028103453,496.64026407087925,0,0,0,3
23,588,222,707,846,661,184,977,1539,1191,1310,1930,859,69,1970,620,1066,5883,2625,959,2424,4067,3125,734,1364,1718,2323,505,1090,49,1489,1043,60,541,620,2341,3267,2007,1674,2239,2224,1031,510,292,443,895,1062,1123,1732,2473,1681,619,5978,1950,581,1746,1798,905,458,744,45,510,134,1266,90,1758,1830,863,1370,2780,2804,2103,540,293,461,178,1003,1168,146,9,297,912.5918867096951,162.32844840413844,1218.0800780201505,546.0458943968637,0,892.71100726943,1533.85432744804,935.7341403461144,1534.4811601213826,0,388.90359683375567,258.5554664733283,379.93461180035695,186.27553190378663,0,0,0,3
244,7,519,319,700,209,700,4040,2195,6993,383,3359,11,539,1570,3082,2434,1055,1967,2634,1464,84,48,1094,807,262,183,651,1129,1848,1921,1762,1988,2257,888,426,1213,427,509,762,562,333,259,2433,976,794,6789,3997,179,1517,1680,1336,36,275,738,1139,210,912,443,1332,846,287,998,2416,2802,2263,1711,2049,1178,333,395,770,61,787,884,491,1825,2719,1934,1902,1373,557.6329076874573,937.1869178385501,903.384265016512,752.7775220345576,0,1450.3415201255186,657.492913263526,1723.101409078988,516.7579488616947,0,724.3561226106849,161.21650034886386,718.0247583705172,291.97576913943396,0,0,0,3
1090,2646,563,7300,677,4224,105,1245,211,3205,3384,1433,540,1601,2492,1125,569,909,448,356,414,210,163,682,1108,1817,1436,366,448,18,267,744,345,169,495,268,2633,36,8093,3365,372,968,2145,2939,1099,626,1432,1374,270,190,69,165,492,1017,1556,1712,1533,1864,1873,1129,355,632,789,928,1681,1739,558,220,838,1256,1257,1503,1653,1718,349,782,969,4094,1432,1176,216,689.5063674145974,951.4015864763699,0,326.0666972322665,1319.3101498356334,130.73574520300886,1459.25395167066,0,1057.8088219214967,994.2702005528914,1515.8917070744296,268.5183226467557,1020.9427940381472,0,124.90313958427446,2,0,3
883,653,1669,561,173,1471,1988,2027,1940,2029,1957,1644,1100,163,30,183,254,161,628,675,1121,1817,2271,2350,2471,1705,754,1020,1443,253,93,2313,285,3444,2183,4194,1475,1210,2058,3253,2260,427,263,524,618,1152,1456,91,1037,593,686,1631,1947,2233,1791,1757,1927,2369,1160,115,134,31,493,1111,1272,1691,2798,1701,1902,1474,5423,3809,7535,2135,6049,1717,2264,1824,691,827,1751,561.5023131751485,994.4392088409916,998.406380192975,1417.7281781804486,0,1298.9046346826237,1755.0895104655465,692.8108758978859,1634.4813363591848,0,674.5616926536882,1249.4883690621944,751.9661589889669,634.6768628966988,0,0,0,3
2612,1350,452,398,213,45,613,952,1258,1746,746,133,237,1135,2235,1725,1157,1074,261,152,144,475,571,356,828,1754,1101,5425,523,786,1067,241,1045,1068,1677,2536,2539,2232,1644,1091,188,536,429,182,744,880,1132,1792,2970,2478,1794,885,403,352,22,147,585,354,795,480,785,926,1848,1455,7561,5810,7848,2385,7836,4593,538,2035,388,2255,382,2025,1516,1062,2187,1861,1503,932.0997113192194,1053.7057839467323,735.4989348589719,1556.102775715218,0,1160.7292029151329,1904.9340693428703,1226.6089179281314,1713.6327543517255,0,1542.1220107339523,1681.7109944667693,863.359227551987,780.966092534509,0,0,0,3
1263,1869,2518,2103,472,261,730,640,614,830,232,1359,2023,1751,2113,2307,2214,2557,1150,775,2362,539,6974,831,5948,1841,727,520,2672,1804,446,1526,1028,387,838,1116,1358,874,86,247,501,771,589,389,658,1097,1790,2258,2176,1809,1071,271,291,105,566,1254,2016,1489,3463,584,5139,3956,7164,1708,882,551,2325,959,1078,1880,1119,444,1112,1206,1280,2010,2887,2645,2015,1463,1349,565.3878587921083,1265.217135231968,290.6620208069235,1603.8746218295043,0,293.7201559307771,1843.8262299678872,161.6408330826487,2082.4930477801377,0,354.81275768762754,1941.8916395908263,420.98519194194216,602.8575754137916,0,0,0,3
914,126,230,506,404,589,263,563,54,1601,2130,3376,4259,2071,1138,282,873,1141,1933,2665,2785,2404,1908,1712,733,261,287,388,71,588,548,286,449,826,197,1222,1815,1251,2105,2714,1878,720,234,117,1240,582,3753,2325,4311,505,3730,816,82,609,1602,857,927,1117,497,96,47,269,1210,1874,2027,1547,1123,1207,1488,445,807,1250,965,614,136,751,512,1529,2208,1451,988,803.1216370278852,374.03030582328114,0,832.8327006258683,407.9433270071107,1108.322715396022,847.7371418572612,0,1008.0534169033303,587.6669276800851,475.3475690502096,625.3886852428641,562.8009757148752,0,561.4667768209873,2,0,3
745,1671,1944,2012,5742,3211,1587,556,601,585,963,3069,2747,1040,1355,2754,2150,258,478,461,156,55,524,1209,786,378,608,1276,1481,1386,1446,1727,761,117,14,410,669,292,115,104,2537,1535,8466,2083,6629,373,886,1697,3466,1505,1409,783,1596,1878,295,1256,409,335,571,220,91,760,2239,2405,2231,2513,2767,1464,258,414,875,1,132,282,214,157,2059,404,3069,1845,2270,708.7273565098249,1236.4226618824569,941.9107135274268,1281.172959792737,0,1328.4776268345659,1781.4476109907264,1185.9322657914945,2032.3798195483957,0,213.3176131759659,964.0604185573652,11.011821799149658,739.8267963698318,0,0,0,3
285,306,204,1224,425,1315,1892,809,383,2066,2818,1748,711,697,532,447,867,1108,1003,739,299,494,254,1601,1321,838,481,550,525,1186,1438,167,558,739,1566,3447,3537,7503,2779,4352,1199,2521,3048,580,1376,2435,4267,2010,479,284,1219,889,20,217,1138,1282,1405,1408,1650,2013,1773,101,1332,1213,1266,1290,1002,481,146,880,2094,186,2963,5906,1579,1978,63,783,1132,1264,758,719.7707851346674,1004.8868997734103,822.7961640990502,1027.5893564159774,0,1728.8646867236316,1007.352209855414,2357.740731461308,942.1942606755333,0,835.4949025450311,512.299335436613,218.81882876341052,505.8520751778442,0,0,0,3
1559,216,711,238,1558,1193,413,831,1787,1171,373,1127,988,756,1753,1993,1506,606,453,554,179,440,1716,1199,235,513,467,798,32,3940,1561,6648,1126,5324,112,1895,426,1709,461,1708,1076,1205,2847,2056,1173,1360,942,61,185,179,137,153,84,460,1208,1844,1669,1574,2114,2295,1594,19,130,448,692,969,1717,1438,1193,7877,1793,206,1600,742,1201,911,1046,491,939,167,117,598.463432519159,1106.2721262305786,710.155326219059,1377.5949571054368,0,418.35002091550086,2105.8637590711396,629.5095516456487,1352.41355549571,0,743.9934818371576,770.8201742873118,317.06150587036495,362.5382675282322,0,0,0,3
833,1405,1539,1712,1979,1585,1523,1698,745,421,216,20,628,1219,942,268,1841,1923,1618,1758,2329,2760,1176,1306,920,1275,4094,2190,1532,404,289,293,1213,157,224,431,561,457,1605,1548,1456,1617,1437,880,164,281,25,795,667,787,1794,2542,2388,2086,1190,644,1255,1289,80,84,213,378,1491,27,2646,696,786,765,1583,1655,232,169,1899,1808,133,1209,826,675,1312,2091,1720,304.7414407724337,494.9560972192694,223.31105592268588,699.8078113697884,0,474.69326938561073,1022.109000277874,656.5665171443435,780.3187604133382,0,276.23061439996167,509.5560019863942,109.6609542952112,286.51911479035533,0,0,0,3
815,621,280,162,1071,1431,496,314,523,463,1507,1350,2043,2979,1677,1622,357,2971,4678,800,52,308,2187,1729,1179,624,764,1681,1957,1394,1077,1520,1678,564,307,214,117,525,490,75,502,839,1235,1082,1076,1739,544,1327,1641,512,386,188,919,543,1265,804,844,4260,2183,363,1614,2197,2543,633,92,1466,2143,764,750,797,297,181,424,119,613,1317,1774,1656,1918,1772,1752,247.97107386557695,508.0422780742447,189.7443039761741,750.0929789752962,0,116.49914162773905,1205.351255587604,381.09916213478573,432.57827234478157,0,299.66348542032466,378.9739604408836,493.64261287455605,563.4425143844068,0,0,0,3
1417,1025,568,511,975,845,554,1390,1760,865,2266,294,3022,8388,1227,4247,1065,1451,1153,2999,881,1057,354,1144,1098,454,1407,968,175,303,1283,1519,967,96,249,617,307,1294,1741,142,1158,1485,949,1283,1268,843,801,220,623,1090,28,4532,7353,2636,3955,2750,4772,1738,994,1865,4040,2633,283,1268,329,678,844,583,1122,1762,1361,1466,1830,1822,682,470,1399,1357,325,11,154,1057.7930645913111,716.5254700938273,1240.5922545805417,1127.2643156121842,0,1296.8414880007504,1521.0172325426697,2021.4780901121155,1934.2654249290983,0,945.0325099848624,709.8170768116056,907.5864603553661,292.75029673222093,0,0,0,3
228,1374,1713,1377,2234,1753,1601,1546,4249,441,3869,4379,3582,1431,535,264,133,1852,3548,1221,465,510,442,1429,2303,1952,828,297,1104,1105,654,677,822,384,584,977,1379,2289,2902,2428,1698,1978,2120,449,988,1690,2462,2716,1302,75,173,73,1026,1321,574,773,39,550,331,21,47,43,1344,2265,2067,2172,2862,2254,1016,23,1173,1240,559,1057,1649,1054,63,2430,596,1108,4888,382.4426557184672,0,304.4969691545177,948.0449932163889,310.7717209320923,1544.0758995164194,612.1726053163377,613.0102159316701,0,515.3872586366613,197.48745562597148,305.7789723141315,214.8725598792422,511.05158207039864,270.53736460701384,0,6,3
1862,1934,1,1747,1631,1557,2171,183,667,753,276,966,2460,2817,2273,1493,1565,1281,987,237,6,29,92,324,1221,1772,1885,1932,1549,1535,1916,1332,938,180,2908,2483,4103,2630,408,1095,1680,2211,1192,824,1635,1574,23,1120,531,719,233,300,503,1426,1596,1370,906,1587,2047,1729,722,369,708,1081,1284,1058,128,491,610,1631,1256,1660,317,2700,3865,2133,424,2102,227,1492,1572,365.8082434909836,627.1912920339942,673.2154616362947,806.5636916655585,0,1036.038958003028,1056.5172479266116,1235.7197660077898,501.7932608251464,0,434.4665201084775,515.4503014912619,125.50769828285482,430.1091209816395,0,0,0,3
385,776,603,1555,1585,886,1394,2594,2411,1934,1592,1525,1012,1230,3,922,333,401,203,272,1498,2272,2094,1447,1056,666,265,993,268,1772,779,6974,1679,2141,284,2329,2757,1405,1115,2302,3642,2194,296,922,234,594,794,260,290,1290,2098,1551,1774,1871,1986,1879,1041,269,388,1001,499,552,187,428,688,514,3904,624,8151,121,7412,2319,1397,176,1018,731,1062,2145,1591,902,1092,466.0508934470343,1190.6112140381756,1115.2519326754318,1339.444420889453,0,1235.4239201585826,1285.4940430727045,1406.6134240827307,829.6687561628546,0,2287.919625576295,415.2309325344184,1177.341972797617,91.17724952898475,0,0,0,3
1735,1699,1423,935,341,422,725,723,1000,1786,1297,293,1269,2248,2378,2375,1752,2150,2204,1383,1432,502,917,3371,2788,6247,2819,2299,1247,305,289,1515,1775,423,1365,2300,2234,1714,1548,1672,1680,906,234,519,621,921,636,888,2433,2833,2418,1663,751,1186,1374,506,389,62,623,1103,513,6355,6561,7907,5953,2869,2549,1016,2507,89,1172,260,799,25,243,11,384,700,1472,2003,2115,210.5319355533203,1396.2352914904122,281.64892892985597,1917.753413469256,0,506.66014250185503,1981.915189843392,528.9655395692279,2405.7587446277867,0,1136.8629254763307,1238.0967589847676,1031.0863423135065,1004.0027266971697,0,0,0,3
