221,400,4833,1735,6286,4594,3146,675,6732,3741,3228,2316,2358,1441,2375,2104,1032,1392,1939,2689,488,1745,1008,1108,2318,2053,507,3105,2083,970,1446,493,670,115,769,462,1502,2883,1207,198,13,1325,3304,889,1647,7011,2049,3540,1873,2470,626,365,1616,1279,418,1540,1800,1555,1214,325,1681,1904,1922,2222,2118,24,1091,705,170,20,75,184,63,112,1186,2044,1641,1138,1527,1582,392,1190.3180445038906,1012.6784592090333,1593.4836814514244,993.0689024301388,0,2988.3096647603306,1731.2911602004417,1797.1378898083929,930.7345766834723,0,1239.079314835391,313.1003330210958,519.1060977445248,183.24097194941507,0,0,0,3
200,91,654,813,3985,2428,100,1178,1743,4398,2632,215,768,890,1558,162,2186,2000,654,1643,426,267,1012,2120,983,402,561,678,1285,1161,384,595,112,318,692,1362,689,395,3536,921,1096,4068,2274,186,100,11,122,362,164,783,1903,1653,801,388,701,157,87,1197,2603,2441,1945,1300,1516,921,282,993,1066,692,120,695,744,974,1669,1536,1377,68,944,4455,2132,5616,7423,521.9754016244419,0,716.2934039712196,183.27188743739424,896.0038684927667,151.9628290115565,0,693.7280380462548,1585.7529062281742,1795.8073789388736,588.0169244506787,0,1047.070766377814,306.86556838691365,173.16307805912012,1,0,3
556,3530,1449,5352,2775,1426,408,2394,2798,637,1856,1119,875,732,300,507,1815,1532,1614,1569,1916,1355,386,129,577,1398,868,510,562,43,1007,2355,298,1974,4720,136,261,1449,2015,2827,1308,116,1139,515,92,359,412,80,987,2687,2698,2042,1296,1185,1194,456,1455,1813,547,78,174,528,1319,1387,2545,3107,1399,1279,2032,1436,117,1534,401,4246,2603,2800,5198,349,3384,1601,3124,487.8943262700068,737.0111150552323,223.96807975427703,578.7278451282722,0,170.80728907163186,1157.3923141212806,1569.53776429132,1682.7723457856318,0,1457.9123062213773,1900.6529088067928,774.2517508620878,708.2087266800828,0,0,0,3
4199,116,1703,1270,4241,2767,169,223,1924,1765,105,809,430,2085,3001,1388,1050,2338,2606,754,277,1197,297,1176,406,591,338,301,1037,1480,1463,1339,160,825,214,471,657,1476,1170,854,1103,216,293,647,1143,1106,444,463,1296,2076,2541,2039,1727,1207,369,301,219,61,480,273,774,451,1443,456,1169,4839,2132,4299,4721,2354,3411,2425,4917,1970,909,416,2910,2524,281,1872,51,757.8900596613022,820.3105918480236,0,667.5483910948035,914.5889333377587,612.6268520811923,1052.1786300310787,0,1962.250508227026,2227.874330174477,1276.4922187667341,887.8698534687029,647.2416635530327,0,113.6006388235431,0,2,3
1007,458,1534,562,872,701,59,79,1572,2087,1149,497,605,1330,537,677,111,315,359,1020,1187,274,4091,2362,2998,5206,997,3816,130,2087,777,2244,1684,942,1378,35,1346,1452,1621,1676,984,1204,1296,852,242,1388,2057,1305,705,918,188,246,1773,1994,608,932,1117,1663,810,2690,655,1863,2745,851,1833,1601,36,263,2591,4165,2309,110,74,1897,1890,239,1353,210,282,1004,864,354.0792163029069,338.1161744338044,470.8334438554373,864.0543577137341,0,1261.8248620549527,1256.2346286573004,1518.3825497161035,419.96513708455814,0,2205.2650943141684,736.4332109336235,1066.6402991607258,76.88855392806063,0,0,0,3
713,1725,1447,1309,1567,1848,2236,1844,1301,1222,1320,412,411,18,2140,538,2570,337,3299,4693,191,2707,13,1730,790,1466,1692,863,337,141,210,525,1115,1053,514,181,1566,1946,1555,1543,1512,1002,679,349,1373,2366,1296,1208,2230,2489,868,3630,5277,177,3725,1802,3726,5140,656,2335,820,2136,1834,428,244,2497,3700,2101,426,1135,1515,175,1565,1062,205,600,191,66,1745,2629,1567,490.1080921666043,0,315.64654892030256,740.9613671994482,761.5681714299045,553.2705191016919,0,2176.8213982296083,751.0430781115915,1957.498014244565,99.61093923325042,0,1748.3348027365469,623.5534397644168,833.2722080678452,1,0,3
907,1821,2001,815,643,726,1136,580,615,1494,1375,414,4209,1383,2488,1922,147,485,2297,3977,3009,686,583,409,1524,995,5,85,1196,1630,1716,1429,2097,2318,1947,1460,791,840,479,283,252,247,431,894,2616,2119,4696,2255,6194,7393,1568,2162,1173,1886,2940,564,2913,1007,1624,1348,702,711,1005,2077,2094,1737,2661,2859,1766,140,359,51,600,603,118,919,797,385,2126,1875,62,508.750113394658,641.3544531780622,416.77159710537717,800.7775590852619,0,580.0727712968435,1122.8432733108134,1935.071336181858,2048.7224550782907,0,2062.5992346232283,852.9994379798777,1534.7217076397892,536.1625367809106,0,0,0,3
1328,4029,1608,2902,4624,1215,3142,1420,3736,1889,543,1251,3572,2616,860,596,821,152,69,416,510,259,194,721,1622,1514,952,1012,1109,917,1399,1343,144,35,599,282,450,1390,440,5138,2061,2287,4801,2386,1539,1340,2159,3500,425,2293,1183,1318,1514,1161,2381,348,1022,282,231,652,2135,3258,1910,419,795,1149,261,1232,411,1188,2808,2071,1243,1677,3743,814,2457,317,2853,4061,753,358.7237145523485,634.0430802167168,685.167289050753,1316.5139999023886,0,1052.2278127858056,1589.5087906674676,934.6511118213708,1780.3531710111267,0,1604.37004781337,1266.128929678921,1514.6159947327276,567.7142905693883,0,0,0,3
3163,344,1741,630,2090,1386,1025,1799,1595,1376,1630,2003,1907,1928,1308,781,261,854,1073,371,478,34,144,1264,1884,1106,360,193,1113,525,1401,5963,1981,5190,4307,4421,6710,447,2094,1302,5033,3533,286,1039,1008,1636,18,1118,19,1476,1677,969,1733,2663,3175,1208,255,1259,1797,711,976,723,86,505,1524,1603,1411,3577,1101,1249,2078,4082,4831,38,2973,312,1107,928,1773,2201,554,403.04838582203143,671.2002354603253,460.6282782308806,1241.4309829152298,0,519.8361400479963,1694.7539505335053,2023.3311586408072,2323.7658114883734,0,1453.662604123085,2084.768454662275,1103.0187650305302,1072.6741532434194,0,0,0,3
1821,1468,801,1298,2206,2368,2168,1173,1441,1628,949,305,686,173,245,1059,1832,2118,1748,1905,2445,1527,1122,423,1029,15,3230,2761,137,2448,234,3430,2748,143,833,1802,2396,424,2503,1911,368,16,611,706,497,1334,468,147,666,47,1657,2069,1046,400,81,332,41,978,1437,761,603,2965,6023,2585,1567,2870,2990,6296,1604,1443,399,3277,1455,1859,2066,81,1338,1193,779,1726,2688,207.46497570662797,62.65011598088081,302.04249756007283,420.45468203747527,0,1220.605329334589,931.9150718179262,2293.8707372942017,712.7729593251879,0,2051.00629889107,1015.3575038242166,869.0213907343291,561.5973869705315,0,0,0,3
3078,1921,1194,952,1030,279,1393,117,1383,591,72,873,1333,1616,2090,1709,1260,1352,5481,6119,511,5568,5153,1409,3659,675,4067,2976,1103,1805,962,1811,575,3235,2749,702,285,1175,1514,853,350,233,364,136,767,1793,2173,1952,1988,2040,1575,528,1135,1122,32,1361,598,1399,234,4428,6033,363,2307,1887,3366,921,1355,342,1256,927,346,753,804,2620,2241,1476,1506,2240,1649,40,1885,336.5367561896056,301.32777251341685,593.3291171707027,982.1482002766842,0,195.13540170865974,1824.7898537779029,621.9469180535473,2698.954080535576,0,1156.089326851077,2150.9080987506054,1085.6574135331882,1123.0911698447628,0,0,0,3
755,111,140,896,814,86,649,454,145,2432,1649,3947,4692,33,6467,3029,3092,3310,908,3827,1429,661,1356,4389,3928,875,795,423,1613,58,1820,1170,25,51,608,208,1521,2542,2240,1671,1496,1166,397,40,376,1239,1927,3045,445,2112,3056,888,1802,1612,2801,1796,205,920,2411,2683,1538,216,150,939,748,421,324,759,1505,2491,1847,1829,2454,2020,698,503,401,922,916,316,57,113.448574131838,289.98010519317234,452.1759731931967,441.0102811010242,0,606.3331035825111,1038.6395514023463,2526.6766990735796,927.6876010687953,0,2393.8171514290557,528.579705486869,1222.0351911898792,760.679098594667,0,0,0,3
208,25,2973,3796,1437,3627,3100,1795,4353,854,2008,1051,2325,2445,435,1945,990,831,1274,759,1080,2380,3343,2250,1668,1109,535,320,671,560,216,989,988,1559,2603,2139,774,1402,3114,954,2350,4683,759,2635,2465,1536,1534,1748,2275,202,2788,2432,1178,1434,2486,2898,2401,978,654,667,663,81,182,276,559,724,704,1209,2406,2633,1086,648,1463,831,25,1080,668,1306,1788,4490,4930,161.02528969467994,573.7374655421829,331.2714634675188,903.8192518458344,0,670.0475990554701,1038.8264502358022,343.0221643371692,1929.1866405045935,0,922.1111304964163,2030.7333413684864,887.3818002412763,1301.9379944687546,0,0,0,3
190,892,2207,3634,1938,986,166,1638,1924,493,992,394,1260,1340,725,1230,2542,2365,2122,1368,1368,1292,813,264,790,406,206,802,1658,2072,241,1097,2767,819,1239,761,659,1523,566,564,729,374,1002,14,145,668,1484,2159,2527,2645,2144,2000,564,269,6,327,416,670,358,1727,1503,863,1022,612,805,1590,1137,844,1956,4686,295,6773,4089,6733,6906,525,2946,1809,5844,3054,1036,631.680389186756,291.2806832997525,618.4096733388383,709.8753089424583,0,962.6911511486953,1407.962407139281,1999.845849315783,2399.5046189223053,0,2048.57775733482,1676.1187463513122,1282.528932880342,773.5796840895143,0,0,0,3
1408,766,1745,470,1180,702,671,930,542,1247,1571,1059,555,1339,1626,1130,534,426,84,349,238,1594,1265,1067,1542,4033,609,1480,2361,187,1718,200,1157,786,773,975,209,50,174,704,1523,1483,888,219,790,740,1426,3021,2841,1475,145,784,1363,943,950,2312,2137,32,29,1556,1159,156,3901,6470,21,7232,3299,5665,5076,1647,4419,366,4518,2404,31,1475,3924,3410,1038,623,460,12.973291194931353,759.787066571655,345.45220917657707,1026.837596223944,0,1073.651997855916,2609.4316309183505,1359.7149512178157,2225.4494798456476,0,798.8579821445159,2088.2894832539255,1084.7500453973769,1263.3201042081157,0,0,0,3
1280,119,926,30,1611,2060,1090,411,1224,2094,1837,1168,934,747,162,188,263,261,918,431,212,1528,915,550,3344,1189,859,229,1,84,457,788,400,63,49,709,2077,2143,1857,1517,1541,1220,174,684,1610,1791,1409,1700,1592,1768,265,892,5043,3118,2151,4331,834,3931,1377,1752,1767,1402,2217,544,404,896,3081,3021,1598,1085,1249,1611,507,676,470,773,360,69,1257,2085,1956,203.28179868490076,161.7948759812379,516.9621507995291,213.5226756037197,841.1203442917836,374.1054940938197,0,1320.631326582625,1866.3112818240568,959.1730942168324,1269.532395179663,631.319718436078,817.7885410445567,0,686.652597398185,5,0,3
983,810,596,281,241,219,1353,920,4329,1851,1130,2364,2468,5118,1883,48,1064,3838,2558,25,666,282,537,754,293,115,1112,2191,1702,1801,1648,1613,1291,635,145,565,187,99,207,397,335,453,917,2905,858,2863,1366,7551,5364,2092,3518,614,3137,697,3020,2217,456,1166,95,1230,146,1825,1837,1243,1318,1848,2006,1954,631,23,383,1301,1628,542,577,881,1008,539,176,488,680,422.339511506452,482.1997670273528,347.97081220677774,1111.8826220700505,0,755.0105843628949,1295.1332740423827,1984.6231034474451,1433.3486968686648,0,2425.2040678004705,839.2204560561388,1174.1332042659026,265.8548958021433,0,0,0,3
1329,12,3245,1771,603,2044,1230,1586,706,1470,1491,1462,2872,1500,774,1039,1556,1573,257,622,421,363,107,117,747,2363,2560,1785,1444,1347,1113,472,180,576,1027,464,933,1448,4276,3395,1609,1502,1691,6215,4021,1095,1258,1097,1922,695,2075,482,2133,2814,1360,969,2068,2094,700,110,121,476,1339,2014,1397,532,188,645,1153,2273,2209,1302,770,625,957,785,179,1571,429,1048,877,333.6449917932678,208.998099200949,132.99005911584428,619.3971799846569,0,65.53085151285615,1543.505723208786,467.78442818485775,2047.2545972761302,0,1071.6139676188884,1149.994397368769,765.1826809655693,451.7260289506245,0,0,0,3
2828,1522,1350,836,1234,2927,1331,49,987,2376,2434,1010,487,881,833,455,555,846,247,797,875,1093,1979,2030,1654,1154,620,859,1721,556,569,1248,477,6537,4817,3180,7023,656,7158,2803,2211,1660,2349,2791,133,2282,2046,45,856,360,1025,858,2959,2293,1598,1532,1818,1556,1389,424,578,357,685,1242,914,889,1673,2124,89,2747,4615,361,2716,2389,1528,2018,1002,1469,272,2490,2075,377.2797655190635,852.7267661850927,153.2260323684943,1175.8072407709576,0,414.8442147360862,1403.3121782118926,2077.734653275457,1835.6843527618717,0,2935.4313012713337,1484.4768016277212,1439.2271998733825,958.525130356114,0,0,0,3
1247,1657,2206,2556,2086,1001,663,486,88,250,194,283,177,446,1135,1923,2704,2722,1517,1987,2470,955,397,91,196,2568,2407,1534,3128,787,5037,3488,1123,2419,668,2521,266,2473,2113,354,328,606,1095,184,1307,781,808,1631,1648,1701,2884,2995,1670,403,132,268,437,1320,1606,873,22,2493,1639,1974,1324,1644,5952,1628,3029,480,2032,1470,1687,1990,932,2685,1939,823,981,1283,215,234.0170972068287,60.61797019284311,433.04511307113245,168.34808855450157,0,1321.153182829304,582.1343151656524,2533.3679316710886,489.16875841932756,0,1849.9050088159497,766.4410397704409,1104.1929273362048,739.0019640622559,0,0,0,3
1529,2512,1411,863,1640,3228,2228,142,1048,341,119,850,696,49,553,1347,943,2682,3607,1562,4800,168,6240,2633,4220,4893,183,1766,1219,2470,94,2710,3034,1233,617,1955,2258,1219,644,788,602,514,112,23,1915,3108,1798,1015,2733,3384,891,612,22,181,2099,1233,1560,427,3360,5884,1245,1932,976,3270,2200,919,715,1567,1740,138,1032,421,956,1457,1851,1462,1596,2592,3429,1284,212,353.7368084089452,322.08001302779087,150.03793233832565,1133.4080595263765,0,866.5157889502073,2101.918223881804,2131.8150101014685,1600.9587615664161,0,1745.5725411289568,1599.52858999843,1289.3804344781167,289.4297972157166,0,0,0,3
569,104,1019,648,289,1534,2306,1042,1645,1346,3343,4042,162,1696,1658,3010,4412,61,2533,1751,432,39,2542,3294,855,1459,446,45,1160,2138,1324,483,1121,1069,274,1904,1544,748,732,1549,1621,779,487,439,1070,1074,352,1709,790,3444,817,369,224,576,165,1054,1749,2916,2179,691,832,1696,1971,1194,1,271,389,1047,732,1032,1914,2819,2140,1383,1653,2049,1014,257,271,457,611,498.05172687075856,239.27476157766824,236.62418361557644,187.294691192725,0,549.9431902478656,674.8582013643937,1461.4419516003218,1174.9380533094702,0,788.4763314617322,1146.650799672672,964.4496719370171,606.958612989491,0,0,0,3
3,198,45,825,2140,6359,2905,3202,6010,391,5049,2286,1723,1914,1421,2165,145,2378,2028,32,1340,771,781,2462,3348,2341,2053,1242,625,173,455,591,453,1054,340,435,1353,1707,821,173,3137,2469,1665,1993,1002,2637,1456,2501,2654,1161,347,2093,3143,1782,412,1869,1466,875,650,885,1370,621,741,1172,513,645,691,584,1744,2467,1096,23,1010,1480,78,344,738,431,4308,7684,216,203.9507734141954,707.7573707433824,805.5416119687993,1053.0744101625785,0,767.6282466142059,1025.805147333033,1677.075593095438,601.6620310490172,0,2542.1588155340078,947.2096803350884,1938.7034139285283,1283.7938412270817,0,0,0,3
5858,5582,2067,5714,754,3833,2409,2444,3412,246,2655,467,2756,2672,429,29,1853,2419,204,1298,638,301,1529,1384,196,965,637,938,1374,1024,1689,1943,1291,1775,995,833,1643,256,2002,498,1900,819,351,310,1931,2608,2199,1780,1333,1885,2730,1947,326,881,646,391,158,201,359,1647,2398,2017,1855,1717,1179,1235,1910,905,81,137,3279,3523,4309,6730,138,6092,2268,3698,3776,1715,4649,423.30253913961565,607.0036084508357,514.1987734572435,681.429302857943,0,812.9839758568431,252.88560114996363,1864.0728123112935,2504.173275650419,0,3511.2489010102736,1922.796411342085,1889.6734378616886,654.303318193661,0,0,0,3
947,1386,432,2819,2599,11,1421,93,1398,766,335,1374,2140,2191,1647,2129,2226,1359,441,546,1055,125,1211,1317,883,596,2264,215,3149,2286,513,5061,873,3264,891,1529,1875,384,687,1337,2715,2134,499,463,1397,955,410,1357,1132,1052,1169,1924,1382,964,2281,1639,1300,2096,2104,1168,1080,685,831,428,3061,5118,215,5117,4679,2812,4981,28,3328,1293,3530,3651,597,214,2642,3704,2014,333.1585782741101,296.5151282222327,320.852093138052,631.0140314144523,0,1337.4141393001646,2112.4301399192295,1214.6947861237732,1597.6477156224687,0,2111.244515482993,1482.660696609198,1644.6420843010774,511.604995862862,0,0,0,3
296,596,359,805,370,566,1670,2367,1479,1674,1927,1614,1357,1326,1008,343,417,296,17,58,2375,1927,1660,2559,337,3336,201,2732,1474,652,939,962,1403,250,1443,1642,1308,803,737,1144,1031,372,42,825,1260,1092,955,1102,168,825,823,1583,2747,2085,1306,2218,2682,426,2862,4693,253,2923,4164,23,2133,283,2436,3145,310,640,1628,3084,1103,1384,1225,16,54,1280,1521,275,854,359.94043279951734,494.02823960197725,291.12749551962287,453.77965192910153,0,851.5588646711394,981.3444917193974,1307.834878376245,1294.1824339122738,0,1538.1493142299257,1054.1280728037464,911.2499449466859,443.3997004818872,0,0,0,3
1187,852,1418,2380,2272,714,3,345,33,231,417,916,515,1231,1312,2844,536,839,2409,1680,1905,1846,128,234,1679,2929,1939,198,983,732,267,36,600,290,778,1629,2117,1521,1375,1544,1015,225,39,260,1040,1403,1450,1290,1410,2814,475,270,5716,7957,2531,5612,3677,3033,3222,735,3364,802,2639,2375,270,30,2020,3282,2509,1852,1257,868,362,73,331,156,92,50,1412,2905,2406,489.1981006210283,403.6942225587811,591.9625830864791,422.2535982781351,0,993.7567018641938,1303.441209687623,1784.226452456719,1078.3614683607327,0,2475.3882843991014,812.8276400263868,1519.4944764704878,495.7561462205402,0,0,0,3
1664,2299,2743,1355,698,262,2672,1621,2648,2199,1979,900,1308,1443,1891,886,1039,1034,113,447,1266,2572,2694,982,197,81,138,253,322,480,668,1838,2606,2121,1948,1764,365,166,132,368,779,1525,1650,3075,2556,7071,6163,1458,2683,1704,4208,2257,1742,1456,1054,1539,89,1142,524,2444,2331,928,281,411,107,1239,1822,933,801,1075,362,384,911,882,1265,1926,2381,2499,1289,2583,1024,77.12927080954363,120.54348077761857,355.3949054361585,384.0206390112204,0,450.68392749242787,1056.520071463178,1696.8010493904783,1524.317856633299,0,1877.3273754773204,1749.6423426022834,822.4840841785322,873.3022301192647,0,0,0,3
678,1289,1529,2785,404,3081,536,1370,822,1187,948,1497,2741,2267,1165,1323,2598,2336,1362,345,638,634,322,557,412,798,1841,1787,1614,2495,2695,1369,232,79,160,1181,156,1934,6988,2747,5172,3888,5393,7413,1717,1989,254,3416,2429,343,1127,171,675,271,569,1664,1853,1328,803,751,576,634,2041,1686,474,31,80,11,1095,2207,1450,1129,1819,1931,1122,3904,4408,370,2652,100,5345,709.4391030099251,397.66267095158764,863.869722186226,947.207838479886,0,798.7302047625344,1975.8190486281392,759.5551611195704,2765.452786800779,0,861.7118843684239,2074.667138590266,932.2992189577006,968.9490151051773,0,0,0,3
2892,2770,3277,702,1025,1310,3132,1070,1621,2463,1315,974,1475,2057,1905,416,39,499,744,292,996,1310,1783,1243,14,503,75,292,138,145,130,34,2637,2258,4415,6017,1246,6193,3208,2588,3666,787,3574,432,3352,2605,623,1681,99,731,101,1601,1252,764,1417,894,1324,2625,2672,2105,859,413,523,639,1299,1740,1280,1007,1199,716,1973,589,893,2114,4678,3881,2882,3664,832,1895,357,311.7652163476761,212.00497825611984,303.26527320704656,570.0605792716136,0,418.18730851138946,1696.9676374024402,1050.0906740090513,3380.8522012582034,0,980.1223649478787,2249.8795228232825,752.3833617318595,1546.0369591069186,0,0,0,3
2313,252,2984,2395,1050,1613,2763,2796,1102,160,728,1266,110,1316,251,1425,731,177,387,694,450,370,503,224,338,546,1068,1188,4874,721,5043,6365,1181,1382,559,3225,3663,81,1393,645,3142,2311,553,1083,657,1844,1356,875,1450,1937,1888,511,152,642,492,988,1551,408,68,442,1729,1949,1205,1909,3605,398,378,2946,3250,1449,1566,79,2069,1746,180,1939,155,770,89,153,1041,757.3774711805795,332.38814252968064,239.93287971747986,757.0211058757711,0,714.5643218073515,1238.616426051191,1587.87309882038,1793.7693182568958,0,841.3295381460729,1717.4351121378972,590.2983994052829,1177.8956034584162,0,0,0,3
2167,2690,2697,2585,2039,1609,322,153,76,132,345,187,801,1260,1551,1364,1359,1086,267,562,847,827,4944,1983,5461,6796,1249,3662,2180,5875,3428,405,484,3157,2905,9,2214,580,1142,433,349,636,1849,1332,554,132,1464,2410,1445,163,313,989,383,739,86,247,398,441,689,84,1553,3386,296,3888,3539,3507,3816,684,2307,1295,919,695,2500,2051,1022,593,1758,2638,1123,155,1,629.6602080528527,457.50103693119456,842.339676753837,795.1279311353019,0,1064.4255551704873,1456.9340031433205,2525.936492159551,2204.1961981700747,0,1611.4378761198548,1263.7672497921017,926.7613381055958,1229.0586840969117,0,0,0,3
212,750,1367,1513,865,935,1988,1637,1724,2820,2600,988,1115,807,523,857,2266,1050,5634,1010,5534,5591,1967,5936,2074,1964,889,2272,1374,2465,3902,1915,174,630,1762,455,728,155,1249,1915,1786,1080,1992,2654,2034,1203,1516,1517,154,149,435,214,680,649,1332,2658,1050,2654,2766,3243,164,3719,1991,1260,1590,115,1363,501,2297,2161,1483,1115,1205,1244,856,146,849,1370,1238,1005,1667,613.0756788706954,266.5120926253807,795.8816942384041,373.84713488636277,0,1294.7132887245734,678.7682238333066,2300.5769476443434,1837.8364530438434,0,2147.2488478323025,1306.2780179761594,1431.6358371773595,719.2177492422243,0,0,0,3
1200,178,1134,2051,2297,1671,1003,1434,1305,141,18,668,640,3232,3995,2613,6479,4558,2751,3727,1541,3686,1293,1465,649,3867,4262,1607,60,886,1464,90,815,346,1770,1434,779,1225,3038,2908,1585,475,531,1067,477,448,365,139,256,392,1025,1546,826,887,3609,614,174,836,4,407,259,823,1127,132,1780,2253,1972,1434,1431,1600,722,59,13,487,2016,2027,1363,405,45,335,1006,302.88450167522603,124.1400608348844,542.9251404193309,303.1469591074074,0,493.72729821228245,1034.1060183839434,2157.947198246233,1585.7047439053338,0,1415.3050289365021,1046.9866592074543,1269.5355049225132,653.4878896492297,0,0,0,3
1947,2222,1166,289,272,330,621,640,1638,2332,3929,4893,2728,8293,2361,4139,1671,4045,5414,667,1202,2056,4524,2592,460,679,1092,1341,432,497,35,1744,2815,1491,1775,2917,2449,1130,1062,1149,158,1386,650,32,359,2046,48,292,3247,2230,2784,1503,201,1464,2316,1827,640,1096,383,1056,613,234,633,1817,2692,2683,1565,1382,1008,389,300,385,412,453,437,1169,1433,1608,1524,1053,1113,562.0931736875522,175.69291612015553,594.8778874046175,929.9141829300897,0,935.5698170099333,1873.056223430381,2123.96345073282,1899.974531787598,0,1936.6929938236588,1172.6133489328708,1061.4907853979378,1027.6557643147833,0,0,0,3
2085,1766,2999,485,5424,1585,8211,8113,2723,7969,3008,2241,989,2896,2735,1316,3854,2365,87,705,2612,2275,464,19,1249,1178,124,609,3,1498,2393,2016,1674,2619,2400,111,314,895,136,2520,60,2509,2013,6051,4343,1445,1565,2486,3815,1390,1264,15,1717,1157,38,678,136,1124,1919,2024,1275,1469,1894,1972,478,972,842,452,6,108,240,85,124,1416,488,299,1722,876,5768,5170,4466,692.6358817753287,975.6730158759474,306.76789101121176,1408.304859013827,0,449.8303291242155,1653.4396746045331,2391.1799171466064,1878.94020135372,0,3615.3923800476914,2163.698248739221,2134.4677298717975,1089.27729821778,0,0,0,3
9483,665,8396,1820,4776,3198,869,1467,1750,4374,3425,14,1204,285,709,817,1652,1095,1025,951,906,467,1686,1390,808,1363,2367,1310,565,104,1188,865,212,541,1443,1306,1115,1006,657,3086,490,3386,1951,452,691,1668,1797,895,25,563,79,260,505,1017,1143,1280,297,28,67,665,634,508,696,1046,620,1952,1059,281,27,2801,1235,6449,4094,8504,11406,558,7198,3253,3142,3045,2688,1096.5480240607274,0,1641.859714896001,1232.4066187917904,1677.1839213291362,633.3399454458745,0,587.4110687673497,2783.6221750611467,2283.390439149249,3950.4837156060244,0,2357.051315932352,2433.7992961981618,1616.5401567183858,0,1,3
4332,983,1637,410,3292,2436,232,1236,630,771,1992,1830,157,1550,516,139,2066,2959,1335,746,1509,1351,1426,1754,1452,847,1177,2116,4648,565,4930,6276,671,2290,896,2930,2145,1073,1936,332,65,625,1191,1115,316,464,750,275,327,76,605,870,721,1069,1709,1484,1144,721,123,626,807,1396,2270,1576,4702,6304,353,3673,401,5612,3855,1081,2208,382,2651,800,1183,129,2302,2569,1415,702.3916470084048,510.6043950450885,106.025822523263,323.973569153841,0,1447.1561292756219,2226.6551238116585,1635.106622811624,1970.441095515739,0,1653.8942460376757,1154.879107065182,1764.0595657340782,460.85763090498676,0,0,0,3
1417,2470,1957,330,573,82,205,1042,2046,1117,956,1971,1692,1361,2669,3707,1339,10,1063,1623,739,89,3418,1545,2657,4647,6,2041,827,3676,3759,436,71,2397,2464,165,1699,1586,168,725,216,547,667,1986,2181,1061,692,1398,1793,1371,466,84,7,156,537,222,244,1547,284,5095,2564,3986,6770,1277,7774,2184,3356,1653,2160,2231,323,1941,1262,605,1007,202,417,1039,1496,1939,2926,431.2598337116328,204.13788701146996,704.4066425972558,898.4987487389905,0,1386.7307570325252,1727.7045290102049,2097.2322303343103,1556.023759885843,0,3124.506021629066,655.9269614026716,1414.6726306092196,522.4118553328403,0,0,0,3
2671,2209,1565,873,1,274,766,1389,210,1466,1456,945,1672,2190,589,120,4121,3544,43,3989,1249,1716,41,2519,3053,346,659,1293,2081,897,1348,1947,1252,1142,1265,1603,730,507,864,63,75,678,131,1048,1416,1104,987,217,640,36,404,684,2536,3113,1769,4590,177,7840,5382,1606,2156,2908,5483,1407,1713,721,1301,1172,273,559,657,1910,2400,1818,1886,2116,1969,1156,1645,1084,420,317.53872828160183,327.95606458174893,251.54474027942766,942.4935368310421,0,591.1269427965536,2295.6573664118523,756.4551147965294,2466.522379301254,0,1771.8826836125436,1833.5750691257338,841.1785067387414,655.6077576262516,0,0,0,3
287,67,291,651,1213,1657,1448,1008,1501,181,443,3864,4160,2412,3644,4066,205,1321,357,1963,150,1370,1175,153,149,860,2292,2032,1350,1117,1702,1335,429,636,1022,302,792,1510,1574,1830,2042,1696,1369,772,150,743,260,880,945,3790,1485,8463,5202,3310,2827,2535,4410,2015,1245,287,2091,1864,927,1985,489,2761,2021,593,1145,2388,1497,747,1546,210,509,40,183,43,693,898,427,518.5560063997185,431.1384513398957,680.2931933144164,575.1662766591675,0,701.4056119678543,1558.3355634349812,1829.746130650658,2377.859191508372,0,1350.1758831899515,1798.3526774115792,679.9065993335785,1442.9172700431154,0,0,0,3
1007,433,372,969,2593,666,1913,4129,472,2147,35,1588,292,2531,2667,987,662,1694,2823,2643,842,185,647,828,816,1281,479,68,117,105,996,2019,2820,2586,2067,2028,1829,1105,441,806,3003,3453,3709,5386,993,7961,3184,3845,3345,1202,2368,242,2045,1589,560,179,1036,1660,800,87,233,519,354,608,1283,1749,2027,1800,1128,1126,1317,421,1894,848,909,1405,3371,3286,1085,1359,796,359.0294344378079,723.5057481242264,185.9901762736926,1155.534031706857,0,796.7063590181768,1676.3998020342897,1307.4341234718402,2143.2112030296917,0,1988.4681554231493,1681.0350065194941,1322.060879504631,794.6615373301943,0,0,0,3
886,3226,1455,433,1116,2485,1526,602,1390,550,742,1743,1490,1291,2099,3221,2123,943,164,103,126,16,71,234,559,1071,1237,1217,1699,1531,1073,2306,1131,4304,4259,10415,646,10051,3528,4312,4431,1732,4956,1022,3234,2493,362,311,2192,3437,1992,1131,1092,617,78,112,304,649,576,701,1420,2624,2488,1966,1906,2151,1224,317,1206,451,2836,687,2429,5881,1388,3031,338,2231,1216,1518,2208,1104.3099279844603,487.86791463131954,1139.6732936755468,816.9921281906805,0,1680.123867457397,1685.9608385919628,2916.2963277885465,1789.4026577455302,0,3402.1388296242676,1453.8510527928509,1979.2669560490604,1093.5600651101536,0,0,0,3
1039,371,547,794,826,423,377,58,655,173,1478,2437,3248,2628,1273,972,1476,466,1048,769,290,789,1148,1549,1432,3278,3489,8315,2269,5752,2754,3732,4535,662,3640,495,2671,2025,51,303,1863,3141,2040,490,3,73,1011,2000,1135,193,259,389,1454,2043,1420,1235,937,913,1503,3122,289,311,3486,1375,568,1908,2288,227,456,1141,3902,3218,122,1970,1361,196,1768,3296,2311,797,628,63.16529801613783,542.3488917377856,512.9695735770226,632.404193770703,0,821.2270651287622,1414.3627857937233,2510.6076998893254,1942.4267646949033,0,2082.755940318465,1550.3036030857868,1300.7879754080575,856.0374361321631,0,0,0,3
1455,1246,605,107,427,1334,1280,1481,1595,730,210,731,646,1466,1052,211,401,2285,2714,5256,6675,1252,5700,1636,7587,3787,2053,1798,2203,2213,836,2154,681,1255,1195,151,663,1849,2063,707,63,454,657,660,1653,1057,309,329,657,833,1287,1333,1177,282,2045,3807,1032,4009,2101,4105,3259,1995,2870,118,1810,292,3332,3328,850,230,1798,2399,787,793,999,127,37,819,1279,228,1392,74.0081229678332,465.20015072893125,888.9158245792951,953.5389018114237,0,1785.9734894449023,1040.801093283875,3588.820638798339,520.2830056133024,0,2617.3940394938054,192.83240947034622,1474.9142456078193,765.0450580287478,0,0,0,3
2197,1739,1778,2177,1538,1212,1662,1014,760,883,1180,595,1781,4115,2052,7913,6090,503,1808,1716,3492,2335,937,1311,898,2011,149,1310,229,1392,1200,280,343,1553,2058,778,929,585,311,82,1002,480,139,296,813,1421,1617,1573,301,630,4935,5217,1272,3107,293,3585,2002,1396,1584,962,1675,162,863,493,1187,2980,2809,1762,1970,2830,1896,531,1085,1391,149,546,323,893,2052,1926,1689,720.2169359523608,303.46389746677977,581.6799086132258,205.78391433684988,0,1026.843281616041,623.2257190248632,2550.6890557580755,173.92793184787072,0,2504.87597973055,516.3149140000197,1550.7298572226741,906.3103704062762,0,0,0,3
2130,1522,434,164,4755,7427,14,7452,5433,3949,5087,893,5168,3194,1147,963,2370,2533,1104,3967,2673,95,146,1255,1521,24,749,485,1803,710,75,650,946,941,1626,1962,690,165,52,142,383,1453,336,904,4762,5139,3352,840,14,2760,2109,800,785,700,1102,1146,363,1297,974,867,1715,2667,2534,2033,1402,1685,1574,1164,394,1241,358,412,627,49,923,570,552,1180,2582,3102,4242,525.5840790199611,518.7575225702636,458.2898151560664,930.4195058378004,0,561.3686311150633,1610.8533371957737,1616.6443378054307,2569.3795689980616,0,2143.2166421155757,2279.2062333669096,932.0523163952341,1773.8535241855266,0,0,0,3
6012,674,7169,2620,3151,1711,2708,3878,201,1356,1621,4579,3456,223,541,473,625,892,1785,677,336,629,227,980,1952,2146,1671,1496,1801,1015,47,587,1178,416,153,2437,492,4856,2547,411,2182,650,2818,1468,233,1498,526,868,1402,1816,967,78,636,837,308,504,218,538,459,768,1727,2203,2047,1517,1316,362,481,1067,1420,1599,2092,1385,376,7220,3465,4930,6386,1199,4726,1788,1988,1189.5688289764187,895.1988586776603,1465.2065582213465,1178.218576394532,0,1587.2076998616155,1220.12864144415,214.72179603716123,1870.3908313255467,0,1927.097740987465,2475.2971421374114,1407.133611545353,1674.7453087545746,0,0,0,3
2106,1388,2632,1274,319,107,2316,2627,1137,80,561,570,763,1529,2125,888,2,310,1605,2889,2227,1288,2245,2889,1594,968,325,1817,426,2084,1767,1810,2503,1786,2308,2684,1069,487,1012,1989,29,1939,2442,1475,983,981,835,114,1088,738,319,519,394,473,1026,582,351,251,421,590,136,886,1546,4,3754,7429,10,6676,1605,8494,6999,954,2834,1451,4532,1253,2243,1537,1173,2261,1038,382.3199518397556,722.6374104138,685.3897489667613,1102.747659537932,0,1295.6089967656137,1390.160293347148,2584.174986809414,1497.2707706295732,0,3041.5602509599703,1355.973002435891,1340.419368160142,496.8344670757536,0,0,0,3
56,1258,2644,2806,1615,1229,1259,1164,82,671,345,350,62,430,396,1042,818,1346,1894,2416,870,1273,2808,2368,3303,224,2707,398,691,1106,3233,2507,40,897,114,656,400,1984,1874,1238,1489,2111,1287,253,1162,1666,627,306,354,674,1742,1657,1356,851,287,1146,2307,5532,326,5274,2829,5581,5720,55,1983,1427,4891,2635,708,802,681,921,316,1416,975,587,1230,631,704,1126,442,163.67237906860709,432.81577265090885,385.94890044688793,693.0687904807106,0,1105.4349245885078,727.6951134226663,2583.2826989314585,1345.395187088199,0,1862.437058197345,1405.4285629999638,1133.859258628216,891.5787923151728,0,0,0,3
20,57,17,329,515,276,368,2537,550,2948,486,6186,6777,192,2285,2341,4491,1955,1843,1700,259,1012,341,551,322,2658,3096,2238,1497,1919,2280,1998,135,1306,71,903,170,68,786,731,1357,2279,1655,1384,1873,5561,5709,1821,6742,2504,6140,3891,3466,5533,757,2773,155,3096,1751,1629,2801,1343,162,687,1531,1494,700,17,659,1489,2345,1785,698,1337,1942,465,510,45,400,618,524,200.87031919061735,350.3680597305311,291.4375312063904,1249.2505702692451,0,1026.3273210823143,1991.2202791972295,1874.6516570556291,2573.629590084452,0,3094.1346323021653,1486.5801911117162,1551.7761277623822,375.13850464479265,0,0,0,3
839,1757,2659,1694,2788,3149,839,1864,1307,1950,650,1575,1837,317,121,602,871,260,1432,936,104,473,174,711,2209,3349,2334,930,490,630,27,1227,1121,578,1202,1197,887,1468,2933,1634,4933,2562,8282,5691,3232,5212,103,3443,1596,1816,484,3358,4428,2056,579,1308,1900,1175,47,744,950,1037,1137,1031,277,708,1983,1893,1037,4,643,353,416,699,1187,977,1469,162,2375,1506,711,103.76327513193928,655.3218956131232,124.76182050591022,1023.0380710559417,0,528.7336758709436,2023.2799921821618,468.92602710634515,2889.8259794637383,0,1614.9673348526783,1725.99851815451,1110.208483910377,1176.9645439602161,0,0,0,3
5447,3689,50,397,2751,3606,959,118,1347,1477,499,726,846,310,460,64,804,2209,1809,875,397,83,85,14,809,980,428,1032,271,334,1577,1954,2631,2830,5639,8061,1275,5978,1703,5456,4961,340,2437,510,1792,750,2037,2124,983,3043,2785,2204,2167,2427,912,108,1098,255,49,860,294,137,826,134,1315,4356,2493,2141,4570,324,2402,1010,3457,3031,370,810,2810,2199,194,1423,1311,618.0068876820395,434.76022903442345,553.5207294453368,827.8535528340564,1308.0528574693476,896.7490861169492,0,3319.41627954843,1157.1017429778815,2012.2311383446452,2012.2820944862576,826.5525394902597,1673.9667666768644,0,288.8723724983958,0,5,3
514,1007,1711,1556,277,248,765,644,124,1177,633,1359,2039,642,1089,2613,1374,96,702,2264,3904,2814,7447,4149,3791,1842,4579,5563,1379,1593,504,2492,1692,661,1969,420,1059,639,477,1572,2345,1333,577,540,1141,732,404,617,121,340,67,220,147,589,921,770,394,2216,1205,1697,2410,2539,830,1251,466,1105,616,715,113,1837,2442,1583,583,226,2,646,2022,1958,1151,966,1519,317.95576796437587,210.2482870429758,404.4990542855853,491.784466530724,0,798.4839149914042,1224.3297015351407,2609.477737801672,1470.964586301033,0,1700.8772182932726,1204.600909921355,1192.5524434840784,951.1709152369909,0,0,0,3
605,1128,630,625,963,890,850,590,572,417,327,3115,6241,2209,8276,490,9499,4662,3819,3848,3585,7723,2508,810,1095,3100,2639,315,1073,102,748,215,219,806,1436,1233,1418,2468,1757,838,1344,1533,680,87,741,982,197,70,1325,213,2211,97,2324,3538,540,1708,1050,2257,832,1387,582,1205,1333,551,49,1032,2532,2434,1726,1459,1819,686,292,736,1077,328,690,627,126,1459,2227,56.576830415325304,748.4874620000876,615.5338076792879,1232.2640584130465,0,1081.1478171369538,2464.036738295315,2130.2054995786584,2884.4791889875873,0,2312.25573304832,2081.1767443961066,1361.560692245911,895.2624782697649,0,0,0,3
1000,541,939,942,1465,757,6912,3478,5186,7056,1134,4869,620,4518,4228,89,69,2599,3007,699,1552,1589,393,152,384,942,542,163,591,294,85,190,338,1627,1921,218,976,830,5056,2650,952,404,2403,2869,458,1494,86,1096,715,407,910,247,14,36,404,1480,2056,2464,1982,1351,972,484,253,1485,1893,1308,1613,2183,2643,1867,1657,1068,386,4635,4323,718,3682,2191,553,471,746,353.1749043333073,523.2666363565971,651.971089914933,1224.1721619624086,833.8916889025481,1123.9837852854823,1622.1144246195574,0,760.5674598539093,3184.2087233029692,1631.0417430460507,1802.3218855068403,118.26274624845726,189.71275540097133,849.7949328205485,9,0,3
2108,1060,566,1070,516,123,1298,2815,2508,1603,594,275,304,196,686,327,801,713,513,1023,1158,557,42,577,1247,221,599,1319,122,3949,4041,1834,2106,207,4355,3476,1069,548,2519,2475,149,1213,665,300,716,816,1150,1372,2043,1820,1559,1667,1016,859,1215,935,1528,74,658,216,640,462,1087,1361,2469,561,3257,124,6033,6317,468,3977,1399,1267,1083,1705,2366,145,1879,1109,915,382.6694105754316,92.59753426760312,261.6779189082258,651.3331312696733,0,492.2974405783561,1977.1685700446546,1315.3792186293524,1011.0335723689864,0,1702.6602764221889,1007.0338305428719,1781.1636630190228,927.7336536515637,0,0,0,3
634,2043,2918,1564,1183,2591,2428,661,1360,2146,1123,98,354,1182,42,1144,29,753,415,293,2245,221,3501,1045,3296,5093,35,3209,1055,2599,3604,1173,951,2702,3406,1908,19,738,180,818,390,319,539,2085,2953,1428,462,1056,1318,897,331,239,346,167,600,303,339,653,2210,164,3745,429,8554,7332,1103,3395,381,3440,1699,2359,2245,331,2250,728,974,485,3106,2611,878,1268,3184,291.5320230028049,833.230402364943,487.80472283202926,930.9544111524673,0,227.10925234344813,2336.931891269524,957.9453875462343,2793.028318486497,0,978.5165278891262,2372.940400832796,383.4146469315043,1234.4673906474195,0,0,0,3
286,946,801,246,721,141,451,480,1277,820,963,2006,2662,1697,3673,3609,746,1302,1058,3619,2370,198,863,2831,2850,1070,300,44,587,143,1199,741,936,1730,1001,1156,2171,2243,1139,264,138,108,396,791,229,25,276,750,1889,2185,3333,5325,1735,3650,2476,1519,3504,2087,424,135,1696,1010,1407,1679,148,1405,1143,918,1857,2953,2416,1585,1604,2018,557,541,248,591,55,363,369,170.3503926530966,210.19161500094125,554.9119661881731,235.96278781372172,0,392.2366281978266,1200.4066930468268,1966.5341922074676,1868.6483590716948,0,1000.6105594288492,1332.4020714743237,563.1664226350875,1051.7662531941367,0,0,0,3
262,246,589,479,1998,4283,1104,2019,3561,1112,3021,906,3571,2084,903,323,3080,3025,720,885,239,888,118,1544,1738,706,815,705,196,1049,2491,2605,1001,684,1513,675,516,113,392,124,1155,3261,5787,17,3778,3692,1095,4113,1488,1226,64,3722,3941,1218,357,852,1872,1028,602,475,943,1625,1062,1080,2383,4164,2455,152,27,696,208,289,50,72,236,92,920,819,557,3023,4040,382.6312118566801,360.52731860022806,278.9844805188461,878.2226682792322,0,147.87363693370094,987.4864287872626,2405.493878984327,992.5746499763554,0,2308.1557973785757,279.7045200420573,1655.5283562911075,543.3216122038606,0,0,0,3
3504,1680,1841,1737,2266,472,1993,1704,603,2202,1682,348,916,2865,3404,2492,784,1415,2254,1806,153,1036,30,551,112,0,604,601,791,1246,636,1411,466,3874,908,5078,5947,2033,5879,1708,1878,160,4322,3761,748,480,741,1690,306,1728,1534,56,277,1236,686,240,1753,2862,2552,1164,1390,1213,489,324,109,58,956,350,3179,691,3924,1843,126,2980,1987,1262,760,1341,3186,2004,313,593.8939920342758,698.621356294485,529.4569222904804,316.99656657223113,0,1062.1762189015533,645.5709283810256,2982.3863040018996,835.90416653696,0,2367.0841736926604,981.2707776850352,1295.5651268033182,1020.5345410102505,0,0,0,3
737,1889,1916,678,594,311,875,1935,1435,1452,2092,2146,242,1070,315,36,162,32,69,410,1746,2100,789,1799,613,4961,2033,10693,6967,4734,5357,2728,5873,710,4553,2217,2059,3281,866,760,1550,3848,2611,220,256,357,367,1487,1814,377,1544,1621,641,974,1314,1008,1516,2845,840,2069,5054,2744,272,3757,38,2681,859,3416,3053,383,148,1335,1128,690,1904,1398,804,1632,2262,1904,442,716.5544806695082,470.46834851851776,876.4244926635591,1035.725145440373,0,687.6648384205782,2735.394424503243,1504.2277411677114,3244.3813859432694,0,1924.1018745779163,2156.6440190870208,1568.249731148649,1193.1758021974736,0,0,0,3
15,108,43,659,1061,61,1594,1574,328,915,1837,1543,630,214,496,2910,6418,1432,5320,4055,5335,6912,1285,1989,735,4231,1957,1378,1336,707,1298,423,560,47,1843,2488,1222,991,1496,1473,420,311,711,292,664,1194,680,163,47,571,1942,469,2054,430,1835,4179,836,1905,309,1749,1233,1359,1666,821,2639,2283,1077,1554,2985,2625,1597,530,498,514,56,1359,1305,754,1633,915,1304,38.594370330172346,376.21166396852215,489.10538250094834,519.7931444337731,0,1332.4446114191765,1391.7887466526859,2345.2496225923605,1826.0277532364373,0,1818.4397375392132,1503.2518192713087,835.7105209149948,1416.9778239802927,0,0,0,3
2040,1291,1095,1942,1127,2728,2204,2715,2684,3226,5616,2084,6124,2288,1544,245,3667,3204,92,1839,751,820,57,1897,1704,51,864,85,329,586,1990,2172,2035,1134,597,695,320,367,143,852,479,766,1361,1354,3811,265,2836,3627,1631,3349,574,1356,1216,832,340,1640,1695,305,964,1275,944,537,92,94,728,1252,2100,2181,1589,1291,395,630,904,760,1583,2016,1116,1419,1337,2404,349,312.39111508912447,712.0508031542145,387.3007680577454,1113.1382267394881,0,667.8147198138118,1524.3439148794225,1960.3009724412996,1475.1485721083602,0,2382.1698913271503,515.3826417348068,1128.173208125742,268.8812869504125,0,0,0,3
3217,679,5094,7380,510,3795,1335,1556,1669,1040,1094,1725,3957,3231,1125,1376,2869,1710,376,441,545,157,909,749,612,1896,2019,1700,2224,2818,2268,678,309,1448,2000,1084,1047,2708,2090,1864,5571,1519,2327,971,1316,1037,1775,2375,592,76,1135,1501,705,243,197,82,433,395,604,771,2399,1947,852,1650,2459,1490,122,785,1309,1722,1010,2123,300,3712,1369,8368,6807,2244,4113,1166,4212,613.3060137031006,381.45194468993463,575.6607293511993,462.2134825917536,0,950.5672253975517,267.0803313800407,3497.5089429416107,1564.2506517216693,0,2701.8158781132033,1259.8642231560955,1834.4860095860536,697.9389928696671,0,0,0,3
2063,2009,1144,1785,2457,178,1224,926,3612,2700,759,1405,2945,1565,496,1480,756,505,785,182,353,1265,1290,366,262,1211,126,1273,1734,721,3784,161,232,1457,633,1325,1244,1175,1436,2933,3104,2038,1567,1705,1384,851,237,210,62,319,105,1279,1418,1384,1513,1319,1456,2345,2210,569,347,1094,20,548,3374,4004,2059,4212,3054,9666,3970,3726,1913,3525,3815,257,1888,176,2208,1666,348,508.2493658987332,735.0312211456664,874.6988036082323,856.3126840095251,0,1531.908027591735,388.03396618550374,1729.2078294160588,2684.165457944572,0,2245.994930389294,1435.0885774682959,819.426207493384,648.2055464904865,0,0,0,3
403,1409,1791,1435,1181,1211,192,633,731,531,628,838,410,619,1366,1252,1178,1602,2599,3278,604,2658,4898,1233,144,2074,128,2190,638,1024,1927,237,1398,158,267,1164,2803,3430,2658,1669,1246,1216,371,876,382,152,662,812,1513,2333,2167,1251,1264,1466,1076,1096,1662,966,7541,3615,6838,8210,3597,8704,1808,2575,710,5312,4055,556,506,1088,1564,3,831,91,205,14,309,970,1186,722.2843225898065,373.32830348896897,746.0694588966815,1040.9601734095913,0,1685.3738591185045,1392.6025415307845,3106.3024149506537,1602.4840313892307,0,2500.5160887113616,1676.5347021270509,1101.474289980263,1290.87043849667,0,0,0,3
921,42,449,681,377,723,398,171,133,1179,2829,5773,1243,959,2596,1433,4263,1073,1201,671,1581,1347,908,1583,203,851,554,104,259,1158,2830,2605,2032,1788,2010,958,716,1164,974,1265,906,162,895,868,958,2799,6528,1477,8683,3440,7590,4601,3822,4443,1540,5355,2238,1001,139,2426,2421,516,2621,1754,1181,2127,2741,1306,14,61,657,378,41,938,2467,1982,1309,1588,1991,1724,898,509.6339563419383,794.562652911651,1044.1648213811202,892.649072258838,0,1295.1641527235072,2066.1107011362087,2754.941539188705,2930.498833441389,0,1167.1029886806505,2477.585838055827,519.8904611880838,1471.4850439828779,0,0,0,3
1039,972,1256,160,2078,975,1518,5229,2671,1233,706,1863,1776,1682,2732,1346,398,91,342,515,579,1511,1467,689,923,1080,1160,457,384,357,218,182,17,354,79,669,2534,386,4820,549,6461,7552,1828,5911,1313,3121,2362,1833,1849,1745,3734,1732,55,866,2157,1973,948,1,113,357,1389,2093,980,160,887,1812,2821,1954,1470,2201,2129,1642,1540,278,2105,4758,2192,3716,5025,1731,3337,446.9840315717585,0,640.5786591087226,820.4736754717969,1059.1842667604703,1789.811755332034,0,1779.616000645186,2310.9899912277247,1707.4523086293275,2060.6533767063834,0,1675.1407691452648,1382.0660262224403,1005.5197557128281,1,0,3
1173,3590,1162,1563,138,1437,99,1874,2932,2508,1201,746,587,30,1324,1091,634,775,566,389,423,87,329,616,1315,492,332,597,2464,164,6615,4956,1936,6746,1855,2265,672,2315,3464,774,766,500,2164,1427,736,824,743,1688,1524,1445,2402,2294,1444,800,1117,614,389,231,881,347,377,624,564,704,3016,1299,2619,887,5470,7616,125,2935,686,3022,1432,2046,1518,1024,2172,1596,754,498.3273856386404,357.04479293248346,785.503055270282,471.2263622663758,0,1653.8465013416453,435.2713344617045,2974.0848059764085,659.0358052701322,0,2171.6410287342874,1643.5514641924606,1555.318620910787,922.8115120545314,0,0,0,3
987,2356,3178,2564,811,81,36,390,1432,1690,530,756,1326,2105,2445,2057,2018,2273,1064,729,1900,2961,4378,7776,935,8510,1689,6557,4860,1084,2587,1466,4061,3011,388,27,2167,2922,936,702,836,209,500,829,797,1891,2368,1809,1699,2052,1183,237,518,1423,795,575,1021,2412,2247,3788,5151,3377,1446,569,3490,3097,680,1150,359,772,123,616,165,723,1397,1693,1755,1542,2210,1464,377,593.9592158757895,569.5704666313964,533.1595294696166,1099.0177035896381,0,1180.9691327464914,1712.1434729604998,2722.4538345891447,1213.3781178022048,0,3336.0219584383553,1227.9971876772822,1685.5443303773784,645.8793020169885,0,0,0,3
386,369,945,443,144,526,879,345,859,1068,415,4929,4724,1179,6845,2234,2617,2064,1133,2811,816,573,446,2519,2165,41,1157,768,1540,2694,2245,1401,1621,1374,492,559,737,537,2369,2108,1457,2510,3312,1859,463,658,1881,375,1966,1459,1227,3662,71,2111,245,2670,1961,310,796,3141,3599,2018,687,647,818,215,264,246,551,1039,998,1801,3293,2879,1805,1183,555,293,248,73,716,529.0956903682253,331.4189488221083,364.5262676732807,528.2584843854046,0,544.5686940138958,1652.978417582893,1900.6999226936591,1455.2964057728095,0,1574.424081401703,1047.6637981488927,1142.0755007677046,568.4004370933076,0,0,0,3
