2275,995,151,19,683,1440,546,726,649,544,404,1821,162,1448,3423,3709,2019,1086,978,1080,631,793,1063,194,953,80,1222,1464,667,120,49,125,1185,2882,2041,643,263,1628,2786,2045,709,448,467,487,854,1081,1360,1068,540,1893,2228,2285,1491,986,465,650,3063,155,4267,863,2132,310,649,164,934,1152,1083,1905,1704,861,912,2019,2341,2257,1166,135,210,480,285,426,115,638.4468619682024,255.89336978669914,509.7841692464174,278.272787506896,0,565.0742185766397,961.8428976348558,488.2213573510615,942.4901214989477,0,273.72361609168416,547.6088033921823,149.56358329690303,984.7481619076513,0,0,0,3
724,1359,1789,1210,878,1900,2846,2087,686,679,675,6,627,1110,1563,1092,445,3667,3806,2044,1936,1273,1974,1136,170,850,1004,847,1594,2448,2116,787,491,1197,1878,1350,422,1232,584,590,1692,1384,618,191,1496,2045,1457,1088,1546,373,1059,691,451,752,428,141,320,3005,2308,3201,2159,1452,3486,3714,1704,2176,2826,2053,746,142,109,212,6,476,394,493,773,1404,2364,3169,2287,610.6470367680798,250.95839912511155,460.15155681103215,119.79733867187807,0,734.216221558745,278.74233010544776,1282.3816464701868,356.04969594980435,0,926.8683262397043,895.5438903879167,902.1899684830482,236.79021361763554,0,0,0,3
378,630,173,43,601,528,701,498,184,1022,2066,1969,783,1162,950,4766,1515,887,640,1151,993,1916,2875,2230,1260,502,274,33,250,162,1158,1647,1576,745,11,284,426,1603,1653,726,358,31,1042,1145,1384,1052,3690,6483,2198,1004,703,1211,2844,343,1027,719,1611,1155,23,742,166,1527,3031,2355,1489,1379,1643,1046,200,1279,1203,896,771,694,147,1257,1768,1031,694,1311,1220,187.19230341589764,84.69201760338264,457.1710810544509,0,323.92189491975034,805.2324052870065,555.2797751876067,409.16757457244324,1004.4543236223002,1208.9270935084612,0,1052.7611306726785,595.6176928773762,426.09431488079605,184.658325228152,7,0,3
248,699,366,165,336,495,4805,3830,3251,2618,768,2192,2410,2903,2600,1877,1048,862,793,160,464,381,490,526,548,1243,1181,1411,1542,2088,2418,2413,1430,985,1109,641,267,238,625,678,80,839,801,734,1421,2999,373,2673,1467,3088,1540,759,345,300,385,1219,1891,1763,808,1577,1834,548,67,358,117,848,1316,1380,727,324,604,482,1458,2233,1709,1213,772,314,50,108,73,808.5644509839069,164.94074589144125,582.6130810224457,350.6737397143227,0,706.6020237729299,735.8876507069181,1089.3705498315542,320.4315136373075,0,749.8859847825119,668.1186738693891,883.9462783887393,221.20253691294138,0,0,0,3
518,391,437,786,821,219,267,4638,5274,230,749,2369,890,1291,1300,1131,885,119,285,46,22,1247,1167,570,1681,1731,1497,1602,2230,2845,1662,956,1145,678,670,1039,763,1203,430,893,1072,635,1180,1472,937,902,1718,1257,3567,733,2349,1788,1348,723,2008,3342,2538,1183,776,1659,1322,384,313,172,150,150,336,726,1515,1410,1466,2015,1906,487,91,191,985,547,56,194,520,292.85641164806344,425.99745044722914,474.0884120558345,363.7334538824076,0,702.5682956126045,971.9506638098685,726.2064974284335,641.4024991727196,0,928.739535791722,227.49404456276744,697.5666431665885,305.0998484070687,0,0,0,3
1462,1270,1228,1920,2019,1330,321,3069,5941,757,436,3110,1048,1270,2167,704,701,446,107,1030,3177,3987,2328,1099,1100,1318,779,10,845,1041,471,263,407,1159,1852,1890,2546,2998,2100,1029,1190,1306,151,218,389,665,2932,1982,3466,2657,1816,2460,1803,2724,513,1554,1613,271,5,456,676,667,77,341,1704,2746,2309,1826,2115,2491,1042,267,561,473,10,352,750,1137,1926,2612,1931,367.89809879357045,306.3582696573861,0,727.0457082594827,292.35562046661,969.5163608688092,418.5833148801242,0,1429.32480128409,39.62269563215775,385.308115746871,453.45397172096875,427.7207995818947,0,93.59571470004016,0,2,3
1756,2215,2064,1953,2957,2499,4995,2763,3141,631,15,983,1165,388,367,976,1515,1987,1679,1972,2597,1453,243,335,579,71,251,71,860,1341,1597,1496,1870,2351,2319,2077,1281,907,803,84,661,1195,1120,1234,1195,362,4025,1027,994,446,1026,900,799,795,338,599,1614,1232,1367,1784,1296,826,870,875,42,1137,1680,1513,1286,1539,1468,180,1730,1712,1430,1421,1942,1534,77,534,193,946.458339996342,356.2108554573616,792.8079335842604,394.84699108535284,0,780.1128956760041,877.7049077158713,1103.7057809368673,369.91061897572115,0,757.2132470614719,528.6047203221345,543.9723795380802,476.8858557263543,0,0,0,3
61,271,85,247,2801,3881,66,371,92,200,1294,2060,2610,2573,1881,2591,2464,575,582,740,280,403,854,267,586,1923,2788,2385,2511,1984,1494,1502,1138,190,118,332,172,58,409,676,1015,1237,2175,629,2434,3072,4764,2432,1053,118,646,293,1908,1845,1302,520,410,146,1140,1546,1208,1110,2027,2172,1372,893,952,643,271,916,1844,808,837,1317,1138,2098,2362,1512,1395,965,345,595.0442574334528,329.23075228209626,227.75736601097452,549.8127082505258,0,192.51084385041796,888.7823468262718,571.2754558096825,395.269381717137,0,684.9833127378807,797.4767137073087,625.8921965360931,654.3904185225246,0,0,0,3
656,420,2179,734,1505,1984,1802,787,2174,1695,1241,572,65,55,397,704,952,170,990,1487,1699,1264,1100,1569,1424,81,1017,1449,1346,833,555,593,156,1481,1763,1158,1298,1283,1361,1506,1377,339,199,1884,3175,1384,2826,1625,183,512,1264,1735,890,1196,2308,3091,2345,1353,1147,737,562,89,114,412,856,448,469,1091,1747,2040,2594,2000,1095,1465,1063,518,1027,594,255,415,1170,206.16210468180702,159.6189395096441,388.66202355794826,207.94102812175763,0,588.6321707993882,259.7380091420863,839.6841559844345,448.36755916865997,0,277.58916550259295,517.4685594710218,706.9341771133163,235.45909722836106,0,0,0,3
1199,1029,1926,5510,5107,604,1303,1394,983,429,404,1127,966,261,334,795,598,1033,944,887,2477,2541,1944,2195,2468,2142,744,37,344,222,217,378,825,2082,2129,1797,2271,2075,1117,1331,1011,10,97,4251,4842,2319,4364,2841,1575,376,1493,1432,1144,2054,540,96,174,1048,1501,1091,172,573,228,140,1197,2224,1723,631,698,959,518,524,1235,1566,1998,1675,1154,1710,1631,855,2730,605.8826651454339,90.10314619942834,708.9547607953336,200.17699436326333,0,958.0266661061797,653.5760169847415,830.31201260231,703.0390429469091,917.2203207961522,747.2584166443505,0,856.4615572868955,438.77755613086265,508.1213981505646,0,4,3
1299,3912,2180,111,188,867,1297,1867,2026,2146,1886,1244,1311,1586,1424,1873,2219,1531,262,220,111,116,427,1225,1107,1474,2194,2804,2769,2076,1145,559,488,239,329,266,235,915,876,1076,1794,2750,2792,2437,953,2812,2832,2002,530,221,197,558,1468,1569,741,225,101,792,1249,1800,2088,1724,1605,2303,1761,529,277,321,278,552,730,672,791,1950,1207,566,1491,2039,1472,1634,1259,648.2166165653546,277.3293837530089,469.0919452644508,513.8448212859795,0,398.36460999943256,542.6621631598777,476.69333622358965,344.4187762524066,0,593.568824831509,402.92928164373006,678.6600093437864,192.5567061441251,0,0,0,3
3817,267,531,1952,887,1492,1815,1653,1527,772,825,554,159,913,878,384,125,360,640,706,1195,1382,471,177,294,712,1953,2150,1491,1162,393,34,230,1524,1873,939,522,1129,986,3263,4579,0,1577,1948,1856,222,31,97,599,1205,2175,2159,1764,1372,1917,2534,1588,561,36,628,800,332,527,561,542,1581,1594,1872,2110,1910,2220,2325,1082,519,930,870,1,285,162,1710,264,217.08960497958998,149.3436369043587,388.1173076315859,162.7795823170472,0,353.83391584188195,344.7600745661142,299.54058487059257,78.37239392751617,0,894.0820070419709,453.70053786225475,766.2051213990612,185.91917877046455,0,0,0,3
3180,393,1549,438,805,1955,1799,1058,311,620,730,216,759,1316,961,465,548,1097,1474,1081,48,802,332,316,1515,1561,573,173,1192,1614,1474,1842,2732,2727,1443,1960,954,2010,3982,264,854,131,140,74,178,767,870,609,38,324,970,1458,1930,2286,1929,1418,1004,776,125,327,485,115,620,1648,1522,1494,2572,2782,2318,1682,503,65,442,800,110,691,1797,1020,4161,88,305,217.4709266345015,294.3474553632221,318.5951601364011,233.90445961959531,0,181.03691612486114,133.339408782207,148.77972622588968,342.41490865706163,0,1122.2295473934362,157.31772820587958,512.1563082625461,380.9336788827036,0,0,0,3
1002,755,1542,1100,1153,1223,574,483,340,313,1069,776,76,694,1328,1389,1593,2347,2999,2234,1626,1050,806,399,233,259,244,327,1122,1594,2107,2504,3042,1865,827,930,4033,4211,1677,2449,1703,1434,104,1207,1572,203,759,688,740,1075,611,1120,1973,1227,393,135,678,718,53,132,475,1285,1662,1646,2009,2216,1501,863,352,78,436,766,759,693,946,743,1649,176,3867,3,126,418.363466295408,163.06914661035626,528.4622125700048,258.69113416967383,0,627.3214267821561,282.9076427721373,731.8250078602418,638.727859114746,0,725.3801385710635,384.8893152550717,964.9250709569093,331.1468142449005,0,0,0,3
2109,62,1535,1081,169,563,693,838,1352,2957,3406,1725,890,1054,915,675,287,768,782,79,162,20,897,1498,1455,2712,3276,2409,1902,1844,1554,440,153,521,881,1326,5064,417,1363,495,688,648,639,1195,242,815,25,1652,824,573,337,8,241,975,1847,1639,139,177,816,109,1886,2007,1238,1045,135,556,293,822,2037,2313,1421,1142,928,1180,2400,3905,716,4140,186,1741,714,772.7664153000521,455.2855185402841,626.7647520340884,607.6567085297178,0,438.44749115487025,1147.7591137173097,487.6607148511813,1242.8665718874583,0,450.171585455455,199.9397790530369,753.8938353664666,366.69179457028736,0,0,0,3
431,294,935,859,301,1026,1888,2111,1650,1794,2545,2107,1114,123,164,325,136,222,841,712,1097,1854,1881,1990,2622,2527,1650,1361,1059,163,382,540,1261,732,2539,585,4456,1373,884,1192,2094,459,73,1256,1095,133,1147,928,1219,1290,730,703,733,400,374,1340,1830,2002,2469,2238,1251,384,1326,1225,873,708,1214,43,1518,1048,453,1132,1030,412,896,1891,3203,1055,108,822,510,762.4576920586637,132.4466455574183,338.9461895404481,71.0504187008922,0,441.2450707939977,628.6293758296254,690.4030760925439,842.2833698536923,0,682.8974669894225,508.23910685961096,639.5328401391032,424.32394571748495,0,0,0,3
1022,2622,2750,1590,1372,2105,1160,393,1561,1433,477,635,801,367,599,1315,1875,1265,407,73,121,114,725,1083,1006,180,215,11,553,1227,1588,1768,2485,2438,1550,1424,1428,3932,3550,340,616,331,1086,194,1514,274,1925,2668,1961,1591,1738,2243,2679,1428,674,832,857,185,282,583,213,788,1853,2060,2135,2933,3415,2302,1115,301,307,85,237,171,466,1948,253,3497,279,615,325,254.51725358944378,216.95221412697612,588.3488902715832,236.26206520278674,0,816.0607636689807,484.1255809100994,1060.5322766235145,797.8301209168171,0,1236.935392603074,448.74771489723963,489.2683587594597,138.61730334348778,0,0,0,3
426,1038,312,296,604,1654,1305,156,305,1225,1633,1226,946,842,62,1213,1870,2074,1463,1196,1523,1662,519,693,663,599,899,1547,1309,527,56,42,83,94,578,3590,3122,2557,2847,1494,1295,761,1954,2274,1572,1352,1799,2158,1309,871,806,93,398,38,494,581,812,816,1079,1896,2419,1528,1246,1394,424,233,340,637,844,82,1140,1416,1380,1965,2313,2662,4820,2486,1697,19,608,619.4255240887672,380.05980107757495,220.27547422333902,487.9201031465498,0,126.73552185555558,534.4582490887873,338.15821799041527,781.768002437406,0,516.1314047597003,776.7027071669814,555.5896552463904,634.4057724670629,0,0,0,3
876,1951,728,430,485,383,61,1144,1193,59,1847,2295,2141,2219,2102,2059,1376,420,38,428,219,794,79,1190,1635,1436,1485,1626,2475,2475,756,100,641,739,89,1648,940,6816,3240,1147,1212,1097,2487,125,2392,957,975,1231,523,1191,186,1416,2223,1315,354,536,575,93,654,1947,2059,1567,1644,2016,1282,29,468,1141,1397,536,437,73,1376,1913,1308,740,1193,4231,4340,1192,1778,100.08347669420789,661.082438445505,115.91217774450547,852.3118872044784,0,298.09110184639866,1132.237029355956,439.276915183593,1449.8075494197844,0,1071.5877199868087,1124.6421838811775,574.4204388746939,686.4823924495257,0,0,0,3
1021,1531,1077,1834,1913,1228,924,591,577,451,593,40,948,1205,679,84,413,585,868,1357,1759,1449,329,46,199,425,400,11,558,936,253,1348,961,955,1413,1139,159,2877,6635,3053,1421,2081,310,99,937,1942,690,307,495,416,1165,1619,1517,1882,1686,1777,2064,1843,924,732,764,834,175,351,315,113,752,1495,2088,1998,2298,3094,1575,52,213,67,545,711,3882,4161,1165,675.5579509397603,385.4615331352906,298.9124008572387,577.2891903869285,0,60.00604136251616,590.9265564566075,128.53783179661204,894.1379604572005,0,423.073432868056,520.8567545092952,368.55832762186697,647.1380238354241,0,0,0,3
602,787,984,503,367,612,207,646,527,130,1212,2304,2166,1111,1533,2331,2848,1878,847,49,36,244,7,78,578,1529,1481,253,491,577,1187,2134,1646,1512,1060,2740,1047,4734,1308,1163,123,1112,1144,517,2123,2847,1251,1746,1685,313,2290,1963,853,854,1128,467,963,749,547,550,345,913,1326,1262,1857,2075,609,1464,2334,1941,1832,1400,201,600,760,634,1868,1459,649,205,133,278.5205666814144,395.06778729638575,708.7394164824369,644.0483591351656,0,810.9426860142461,413.15900724638163,544.1878061797345,248.0760767839274,0,275.1224554084679,631.7850965336852,466.37100389002075,285.2151735044613,0,0,0,3
409,4600,6698,618,697,1122,1069,271,220,12,378,398,738,817,1245,1455,652,1201,1093,571,1509,1309,1801,2608,2401,1662,351,364,168,13,558,780,648,1227,1282,1548,1681,1605,1099,756,277,74,387,808,3142,5678,142,1407,1839,2924,2481,338,359,1123,1379,36,1883,1351,282,1066,1135,1236,1539,1670,1757,1082,373,618,570,852,1371,654,283,62,125,462,1207,2292,2742,1719,1497,328.56185563049286,710.4505934997115,211.217136996171,954.5684932435975,0,200.3171547821105,709.6518281405037,1044.2424735144032,1169.8003876757728,0,1053.896297915802,112.29128033745761,1022.1670229148937,406.9305637747293,0,0,0,3
2321,2184,1077,3678,3414,2595,1844,178,1356,396,176,730,1660,1755,1803,1755,1873,1771,1461,1407,1613,1826,887,34,249,123,551,1529,1261,1409,2502,3219,2385,1291,856,356,243,426,471,313,972,1439,728,188,939,2037,6652,3659,1094,845,252,1237,671,520,768,715,124,19,203,794,429,1523,2654,2118,1351,1372,1620,1805,1090,347,323,414,190,322,664,877,1198,2305,2511,2285,2133,417.28566412314996,401.0284372845165,234.31883576331427,429.60236673862767,0,381.22460571164606,651.6315541508309,194.31919801429902,744.3245748954428,0,859.6206631730416,1138.864961030642,206.80174588430657,677.568048259497,0,0,0,3
1583,790,603,1051,1926,1801,5292,1515,543,1343,204,12,688,730,15,231,371,307,232,169,128,39,767,1549,1638,1220,515,147,336,740,1872,2006,1285,882,39,848,746,802,2040,2520,1195,835,1038,709,791,4419,4639,2107,2187,317,450,517,705,26,1966,2714,2116,1778,2580,2299,1370,1774,1323,461,206,210,230,228,359,1323,1597,1719,1751,2060,2450,2455,1812,1102,967,1158,61,896.393695701753,148.471287146361,768.0244132503143,49.37217915773354,0,976.3119404165864,359.63529586184825,809.9054700042768,295.49484412643784,0,720.4942857186962,620.2709378205773,744.6430450707824,357.3534108439745,0,0,0,3
1138,899,1008,1230,2113,1451,3809,1536,665,364,1348,935,42,158,638,836,301,1154,1586,1787,1430,1316,2071,2782,2050,1289,946,909,300,464,1204,641,632,1018,1510,2139,2832,3024,1926,1778,1406,1124,530,434,1006,3476,2760,2815,2234,636,646,73,552,228,2092,1950,1494,1437,1437,916,415,98,445,361,319,55,1151,2005,2199,2574,2256,1941,1782,1694,1130,300,382,464,21,56,186,523.1151729872294,338.9260424665472,375.4990890160028,175.77679357558978,0,439.50636229752126,557.7302996541761,765.1941397342365,693.9868653995973,0,388.9108328775271,929.1217439154791,554.6736539674407,627.1034679146469,0,0,0,3
247,1214,1482,1600,1501,708,293,4393,2169,333,269,1280,1166,1072,1986,2047,1222,189,111,432,53,22,1146,1508,733,338,793,646,208,846,1957,1749,515,342,825,433,1488,1516,1197,563,29,424,409,1186,2047,2432,1186,3619,2733,5772,2884,1478,871,2346,2179,122,1249,606,563,46,336,697,1395,1746,2258,2991,2550,2061,1263,886,754,487,750,848,788,1229,777,1222,1947,1924,1738,610.8254564770859,194.81770096754815,669.1935013422786,242.16890425633062,0,758.2683858634751,681.1352104793192,856.5061726526443,900.8614772017554,0,1354.528258568599,574.5418791838974,663.673116595351,446.741367437559,0,0,0,3
2478,2033,1336,1611,1472,261,2210,1824,3983,2461,163,2349,1876,530,319,297,127,635,1232,1063,149,306,15,177,274,752,1305,1451,1329,1120,70,806,468,827,1853,1797,489,8,755,1668,1123,1710,3090,2772,978,912,2366,4322,1738,3527,844,1467,108,33,141,769,1297,233,427,1405,2362,2191,2107,2707,2029,1294,480,13,34,254,595,811,1062,1662,1540,2135,2577,1914,1550,1771,817,343.8944908866654,669.0277249684923,222.67483432634214,668.2001756476517,0,632.0897345314193,761.9091350736453,910.7702109458751,794.8501896831548,0,601.0434594756681,567.581152370993,233.36640293227362,703.4114029917524,0,0,0,3
113,94,59,80,340,645,254,301,5260,6693,1057,471,1420,1204,1328,110,401,580,974,566,143,294,18,678,2057,2368,2024,2001,2376,1905,1072,576,1005,246,726,899,158,1167,1780,1847,2059,3234,3742,1773,972,968,605,254,113,2578,1463,4685,2636,2578,3519,409,2805,1489,1155,270,2209,3247,1031,791,429,277,222,716,1122,545,457,913,1108,1809,2594,2242,1435,938,961,1030,136,653.501126669627,200.18141097814313,495.8697998652175,558.2371667426569,0,718.2627183002053,723.5974679959446,992.3004842284622,2077.302728952548,0,594.3343535340904,1397.2311691405403,268.6071302876399,659.490496836927,0,0,0,3
1140,678,213,395,727,933,707,340,755,3693,3465,826,669,195,334,447,1917,1614,754,1509,2531,2633,2208,1548,757,520,356,262,256,83,132,141,371,547,1202,2189,2632,2058,1544,1640,1273,402,557,893,420,195,392,384,657,2135,4858,1771,3672,226,3298,1856,1374,884,1290,1458,378,785,1409,922,1301,1079,511,717,198,948,2369,2786,2301,974,332,745,607,1019,1668,598,186,422.718069714937,414.43872703147554,441.72949016407523,552.4342322334746,0,380.7879889124656,1137.098387201729,458.6551540567723,823.7974997378848,0,882.0519163234405,1107.5615966948546,62.84199291071897,580.812221736751,0,0,0,3
104,569,622,555,759,937,294,9,65,1776,776,3598,1307,3172,1848,2278,2581,3494,2705,1464,554,76,255,172,36,83,315,891,969,1604,1953,1661,2095,3088,1901,1147,967,364,46,495,491,137,989,1691,1280,1870,2885,3196,2022,1335,1945,3414,901,5027,142,2740,883,25,735,50,593,556,1335,392,1559,1969,1954,2312,1503,733,392,61,314,180,6,525,393,1632,1648,1897,2136,109.4842208883114,679.7916695124678,40.018981143240985,812.8748816879197,0,143.97802783758362,1116.7158931086456,583.2773588867794,1270.0866670882162,0,151.83025290285335,915.8748237258844,504.7062513489378,306.7622245324445,0,0,0,3
1288,1435,1875,916,218,430,144,471,955,1264,2239,3761,456,4218,250,1377,50,327,110,570,632,478,344,385,1235,1802,2190,2495,1794,706,300,420,248,1223,1077,454,760,470,283,1126,2322,2292,1282,1106,1937,873,1139,1060,443,266,353,607,300,4158,5728,463,1308,1596,2269,2116,686,1180,2947,2676,851,327,214,244,450,16,569,910,1218,1740,2370,3318,2511,1788,1162,550,81,673.7057671273469,314.88730132953765,483.2532128723607,378.76751223459286,0,616.565959569615,1051.3088015311412,813.817885851061,1100.9653609738004,0,480.50646289419046,993.2001955559958,270.2211535689835,672.0689125365536,0,0,0,3
227,434,431,10,1070,1059,1196,1332,949,1254,2152,2314,2851,424,2867,1199,471,1287,274,797,993,1541,1793,929,692,143,564,195,99,4,22,521,602,181,984,1983,1377,1522,2438,2046,361,1022,1302,1495,1100,1250,2645,3963,1107,4934,753,2464,1363,1848,544,1033,1561,238,458,9,809,895,2192,3254,1835,884,1316,1374,200,1340,1758,702,31,374,365,1203,2711,2215,1089,1072,1481,159.65444535103114,0,695.731420943788,191.670881524085,705.1440096529625,421.362929342724,895.7301914571625,246.00845742668355,0,728.4966644846587,1058.384267841237,890.833723082368,371.0579004683317,654.2646981711239,234.41488804022794,6,0,3
1095,180,146,397,171,583,518,36,3068,2997,2186,28,2147,776,1547,2768,3303,2437,1433,1057,342,154,512,789,27,1255,1783,1462,1705,1893,2100,2120,1860,517,73,125,433,474,499,67,978,1907,2360,1869,2095,2427,2590,1782,489,1196,3564,75,4993,1344,443,79,1874,1376,1608,2271,1290,934,1409,1476,557,1013,2300,1267,111,423,330,372,972,825,1083,2196,2730,2126,2475,2086,994,328.4919836123469,649.4514376285026,88.75503686343058,709.4368959159699,0,111.92329962970177,1117.6819652373717,382.3183809708343,703.6290106229144,0,335.5909864573787,532.3126929421255,665.1356379963663,290.93099960614154,0,0,0,3
799,904,195,497,840,574,187,804,1288,1070,2861,1971,2404,1020,245,649,187,57,202,873,1097,1352,1640,2232,2123,1637,2145,108,274,54,261,99,2,174,690,1161,1398,2618,3187,2373,1862,2033,1509,195,94,426,627,316,2262,1368,5625,458,3490,1892,229,95,162,215,231,465,878,422,859,1531,1568,2466,3486,2623,1871,791,104,134,53,391,391,830,1413,299,563,1760,1595,664.3099422741561,233.97733186628025,623.1103736939297,319.0501830751381,0,742.64439840299,412.52088854383,614.8689177648414,484.2471584514618,777.7909788216941,657.6110680790739,850.3717356198151,534.7407364977443,0,577.400992601335,2,6,3
1433,1434,1958,4157,760,4306,1102,37,994,968,1333,533,473,808,407,93,390,453,1120,1733,1077,36,323,178,174,112,230,72,174,352,595,1410,1926,1269,1306,1754,1029,153,866,1561,1970,1222,1253,2744,3462,1037,4691,392,277,908,1130,1807,1721,885,153,943,1593,992,276,1637,3183,2077,764,774,1150,463,689,1117,497,192,630,735,1696,2964,2987,1957,1599,1759,1255,347,651,420.82672976372123,593.1961674916008,483.8744500728419,738.0603648982822,0,611.1883854426554,1214.9161159431096,326.177129972207,419.358275349157,0,488.4258798468842,684.803386622507,676.1133521752075,523.940983786872,0,0,0,3
481,72,890,2498,1398,4347,116,164,215,1923,1761,1390,1654,1812,1667,685,301,1033,542,216,149,1053,1139,170,981,1419,1080,1392,1858,2113,1274,244,164,269,267,1247,1223,1181,1770,1084,328,439,95,587,615,2582,6192,961,4471,856,379,822,3446,3721,1390,179,1184,2994,2332,388,22,415,653,247,199,174,670,1702,1600,759,1053,1674,1652,461,910,502,265,665,527,320,646,893.8739317913422,261.81940821197185,630.5290053992333,207.18426953923446,0,847.3239831965102,716.6571137073173,1283.538966422581,1222.8147124256914,0,869.6642001276938,1125.4611209272832,55.22838608931616,760.668420908503,0,0,0,3
2054,2185,1165,821,2180,6294,5608,358,942,272,1,1139,519,234,245,456,1127,1545,1090,623,1908,3399,3075,2253,1020,731,1175,828,605,460,246,323,554,1198,2052,2456,2512,2228,1648,1673,1351,727,69,351,223,426,2918,195,5382,1735,208,2366,1767,1267,1435,865,119,428,716,219,216,164,394,665,2292,2210,1757,2325,2944,2079,1182,153,854,257,179,717,707,235,958,815,460,263.72790963978713,489.1693838602939,338.5435570031184,0,760.3814787792645,236.37628346831596,1042.5712249735534,422.7263331810811,1128.6050985072736,0,859.6857361305746,955.3368901325697,474.7843622858539,695.2391270061113,101.15606749685259,0,3,3
469,361,1994,655,4266,2050,38,71,1047,1441,1826,2232,2706,2474,1443,1241,914,152,132,153,638,668,260,298,156,1281,1769,521,306,546,497,1344,1110,450,792,1024,279,930,1392,2071,2089,1933,5215,4963,1196,316,1327,1872,1042,370,1157,1371,612,1003,1968,2004,789,611,2106,2527,2262,1215,122,44,192,352,644,675,330,819,2109,2118,1633,2485,2623,1327,985,160,837,231,1122,334.7870170117617,533.3458348513761,0,300.01904555774024,575.7095736344959,695.0956505376334,426.18564867211103,0,863.9740728880913,198.63589866534693,127.138132623291,627.8920985174448,518.7380453189035,0,464.5162564492099,2,0,3
680,70,1895,67,3959,1084,35,1904,1481,1511,1517,1791,1982,1286,1077,1002,458,738,1223,553,278,648,1176,2153,2425,2349,1961,1960,1510,1569,774,528,114,605,164,612,245,929,838,1400,1165,636,2151,2790,2225,3998,2684,2451,1489,1917,2023,542,574,3036,868,261,593,583,70,412,230,29,600,1712,2115,1269,661,754,645,474,1662,1435,690,45,799,709,730,1996,2617,1946,5023,418.4603582811658,667.5863123410418,497.1912975244521,710.7350702041442,0,625.4028107843468,829.6274858584048,952.8032199692439,1498.0434265853357,358.5451410229862,608.8171857000287,0,239.50846475936143,355.2845399231297,258.01000622676094,0,4,3
4455,1702,405,1651,244,363,1023,1332,974,634,77,308,664,1496,1379,1917,2745,2958,1855,610,141,83,147,174,1017,575,762,1744,1682,1248,1882,2528,2252,1459,208,73,617,1088,80,771,675,4344,2894,3134,567,2011,1591,2785,2149,2740,3082,770,519,80,244,643,514,730,975,897,501,901,2291,3224,2360,1967,2070,1797,466,141,35,386,200,410,836,1065,1468,2233,2449,1867,1677,304.0986944442027,578.1249299393343,175.42311743754195,550.363220669826,0,368.2530719491692,1004.5860634882094,748.4834715176171,1013.1467631753,0,504.38772533893257,573.770906847555,262.6449116336462,388.3299460239877,0,0,0,3
1244,2208,1857,2879,1777,541,696,778,1647,1722,1943,2153,1266,205,397,871,1298,819,575,697,0,606,446,748,1390,1552,1010,674,430,237,495,176,114,125,439,509,622,1204,5166,5439,1480,843,2832,1959,703,563,95,914,244,1071,1820,1087,547,321,534,1189,1110,1280,2202,2046,1322,1259,1593,913,13,1250,1796,424,567,753,1117,2104,2406,1557,1088,860,11,162,613,3502,2347,547.4555362782537,324.3946918752586,544.6460034749556,0,360.89161801279175,830.9892133463875,746.515311834307,503.69838814846815,629.6401026438289,0,970.133592267747,499.08524416454884,544.7555053688208,249.1894681556096,305.51783046580454,3,0,3
2307,221,2099,2397,2261,978,1787,2364,1440,68,796,492,164,166,291,801,1453,1332,1581,2301,2407,1458,1100,308,549,435,193,429,266,875,1468,1568,1863,1724,1886,2416,2643,1971,2704,504,3618,1298,3162,1522,119,1525,64,744,291,427,690,2816,2995,2115,1510,1087,1185,911,391,332,701,436,460,772,939,1406,2762,2936,2286,2493,2522,1094,221,535,784,249,403,287,66,1544,3811,280.159122636542,173.76286950789898,262.8666633616435,231.72724405908562,0,632.1717369512813,385.7412030121547,925.7812887201992,497.6100465769762,0,909.5420667558919,403.20593810035666,870.2785665245183,91.9222763176478,0,0,0,3
161,3580,753,2326,2360,2352,649,644,832,169,1000,1953,1662,1344,260,1015,1011,526,1227,2696,3089,2215,1182,715,216,72,395,815,497,1521,1347,1637,2564,2065,1416,2209,1557,349,697,822,760,1485,3813,492,3042,3382,2391,269,1335,724,1136,1754,2046,751,757,928,423,791,1392,980,42,197,83,276,1475,2168,1361,432,928,1396,171,1335,2222,1937,1099,1431,2404,1815,671,1439,1492,101.63861100442065,0,331.44110055331214,45.770677444816684,502.0712798221732,456.6484994866942,0,483.28470764537116,697.4284808447562,640.3726354121644,541.3108263524016,0,1152.6329277842092,401.0667652910209,692.9416417952813,0,1,3
4563,85,1931,992,1493,1335,1380,791,481,639,433,973,1893,2463,2650,1885,977,545,761,147,415,170,459,571,535,1044,2212,3002,2381,742,677,130,381,245,186,771,175,96,3014,4138,2255,3631,1500,894,606,1891,1266,541,635,710,729,806,905,1377,1321,381,69,374,805,1108,1627,2102,1725,1464,1034,311,252,661,704,831,287,722,1063,1570,1867,1689,1511,938,1102,2347,1061,366.08511316394475,267.3457040817729,433.58519714609787,537.6811538639353,0,614.885436483903,714.388907912401,287.38496099139996,347.92265557004043,0,1018.720244600534,817.7533085846807,811.2519889298733,841.7040499057177,0,0,0,3
5163,2390,793,987,606,1301,827,224,391,859,967,217,255,175,873,341,736,1100,1285,1518,1121,1043,1083,288,745,1100,1355,1357,96,306,226,234,1784,2458,1757,1565,1331,1703,1505,4612,6163,335,2414,707,59,712,770,1164,337,1563,1941,1050,1353,2127,2418,2757,1834,723,549,1071,515,157,237,959,895,1100,1207,1338,2456,3211,2434,1935,2205,1653,310,720,452,705,262,321,3101,588.0198868681927,120.86310961380168,589.5479755496556,233.6770328717447,0,790.4114434900346,223.29281277328374,683.1393013443392,495.00480256339034,0,917.5429251583909,797.2141148485886,1005.0560651432787,281.6499157927653,0,0,0,3
3110,2873,2712,1745,2988,1756,402,188,250,536,1185,1220,669,322,107,971,1546,694,899,1656,1322,1403,2627,2489,1659,466,806,683,922,1639,591,881,571,472,810,441,243,230,1264,1862,6196,120,4506,1641,29,1745,5090,3911,45,588,1408,2466,440,1547,729,384,767,399,511,1369,2124,1817,1575,1437,1248,1029,737,101,1085,331,251,249,28,540,1279,2273,2657,1906,1746,3035,6686,90.10619052896271,0,590.0431364244431,216.08100301068959,1029.3213481360528,853.6028622212896,0,1405.836237594267,1473.792108007894,538.075505813223,864.8930463797251,0,518.4993896177016,215.24910265237705,426.28773313134843,1,0,3
5126,1638,1283,232,933,317,858,103,1245,1421,1397,1758,1557,770,1303,2456,2461,1595,861,1194,1193,462,372,278,213,1089,1412,1434,2711,3583,2481,1643,1611,831,776,271,195,536,450,150,31,3624,3732,3995,4242,375,2205,617,1345,38,2419,1902,270,2361,1815,710,987,1484,1430,599,474,1116,1124,1138,1712,2202,1682,420,523,315,78,541,896,481,529,1661,1536,712,1761,2689,1761,468.59300680997694,456.3224460632668,148.61758493870457,631.6512063823842,0,159.9184948653532,1348.4368435872793,653.55719232807,1450.7423206778622,0,1352.7375829780485,844.451740827901,601.258372114572,451.4449400892103,0,0,0,3
86,454,2780,2654,2859,3240,2541,2422,1042,1008,611,471,440,308,424,253,670,785,113,98,325,1377,2279,1971,938,798,875,461,510,975,616,332,55,427,816,1170,2057,2700,1908,1748,2137,1807,1764,505,5655,3695,272,503,1220,31,682,2511,1693,631,1977,1204,1284,1964,1812,2075,1559,474,89,619,273,172,58,717,1093,1542,1564,1500,2609,3289,2386,1090,489,1013,500,654,952,653.3526976793706,131.36013847831552,682.7286511140463,36.43031658503452,0,917.5974130848452,238.21020589253703,1116.6578582712882,781.0682046197462,0,717.4041565641631,537.1150745757834,931.9247280853917,247.2313636902401,0,0,0,3
1077,644,3333,3743,2503,2418,168,1567,1803,141,343,659,1677,1122,1556,2411,1394,850,1003,981,1202,751,753,1098,251,828,2172,1888,903,373,1803,1626,1425,2067,2226,1255,449,777,402,40,188,99,210,3540,3910,2100,1842,520,411,1062,696,2126,3657,2436,1386,1344,1454,209,646,61,107,144,70,230,1437,2526,2401,2696,2490,1746,1401,1553,807,136,259,471,23,177,3,19,1214,670.9336970260621,267.32786608722665,455.9628555002098,331.43401109693104,0,650.6612886133614,867.8073824812723,280.2358911137406,1497.7302798141022,0,1000.8855541318467,835.3260073902101,548.9933344104727,647.6153028515969,0,0,0,3
1583,1477,1512,1869,5556,5650,630,2178,1349,1053,721,1443,1726,1248,348,124,465,811,831,166,1027,1647,790,72,362,761,234,861,1584,1601,178,131,773,434,2005,1977,1253,1157,254,673,557,1214,2114,1587,797,4688,6192,663,2527,574,2100,1980,616,789,1553,1959,415,471,415,1165,1478,2321,2579,2234,1233,405,194,448,369,227,1029,1052,506,1569,1373,1069,1453,1651,1814,1843,8,762.3172232792593,203.62093046891925,710.0260519719837,264.01318407864,0,852.576250255659,786.4696210611488,1248.3035685503255,1347.483954397141,0,429.10837382652903,1265.4429158371536,603.5542025137818,692.2383644930136,0,0,0,3
655,893,695,547,1038,2599,306,5564,3074,275,1055,2384,2991,1579,978,944,1221,1636,1113,88,329,232,378,962,1198,799,1125,2195,3038,2176,1429,1617,2002,1000,570,472,73,21,92,115,515,1620,2432,1630,765,92,3177,6331,1606,1810,1786,575,1149,856,2002,947,1189,1010,520,316,894,249,1540,2224,1509,369,122,224,505,161,786,747,90,298,422,829,803,1147,1834,1821,591,201.90109006552623,125.56152706399808,469.8900579014283,235.56322419360183,0,959.1961321856966,152.2042458937353,1010.5296060384117,302.71519526729617,0,1802.237202686134,300.4006207546014,1216.50687133206,176.25373399432806,0,0,0,3
552,183,107,953,1438,1872,2523,2012,3708,3279,5220,2489,319,950,202,225,661,1332,540,1909,2633,1883,2149,1944,1561,1875,2133,1131,261,170,164,342,673,804,246,1847,2151,1957,2484,3180,2961,1473,991,560,211,57,250,802,2003,4891,804,2468,2272,193,1134,691,772,1586,2188,1420,774,645,192,405,650,825,762,803,170,974,1610,1886,2536,2303,1515,1143,1192,865,167,512,787,611.7198209360703,161.21049062034518,479.21838356159196,232.23957314834036,0,753.2383055846271,758.5285259174085,1061.8034536657333,1207.831952009229,0,1212.990998941529,956.3995629513229,747.9291977492604,747.8281413597102,0,0,0,3
643,237,315,457,277,338,705,564,1351,1411,5284,1633,281,498,1824,2595,2748,2687,2231,1624,964,388,485,126,714,24,1030,548,296,386,330,490,1421,2279,2095,859,551,932,81,951,1038,806,741,243,1439,1331,1357,2180,4077,721,3363,1070,4487,3527,1469,494,1437,2675,348,1748,1210,601,644,265,1178,1936,2258,2414,2749,2244,2149,1226,285,14,63,776,220,1512,1899,1581,2220,630.701811151318,103.35346275773554,563.1548576785804,210.20119926639146,0,957.0035762733596,715.707966276358,1145.6154568897261,745.2504680519086,0,1263.517305186221,525.0676211463116,555.0834571908742,375.1407415109073,0,0,0,3
2629,2058,1642,2039,1502,1080,1433,1059,38,2897,2470,2953,1532,235,891,107,1180,2017,2345,2161,1957,1327,602,175,687,696,94,491,513,431,594,1031,1873,3247,2462,1369,1637,2008,1169,79,574,1270,1339,305,337,575,363,1140,1271,2445,30,4270,579,1710,912,88,1249,502,104,1800,2944,2758,1667,1470,1210,611,365,101,545,762,701,364,412,899,1283,2125,2654,1713,1097,1063,292,690.1019234704532,174.99648806891366,355.79753490491134,98.95560479915764,0,856.4469408550655,93.95371282736174,796.3453595746505,445.9171964811072,0,834.1448613266805,769.7888684271913,455.0325733094446,132.51412301956051,0,0,0,3
55,366,382,680,506,1116,618,506,1262,3142,1547,878,1513,995,522,3160,3342,1518,273,914,112,131,790,1473,516,1110,2101,1944,1340,1848,2745,2707,1443,783,689,688,159,755,366,108,557,1422,2257,2389,2640,2851,1415,681,1207,278,3015,678,3980,286,2648,2110,1212,399,28,1787,831,1647,2312,908,608,754,584,655,313,1422,924,393,690,609,1301,2682,2962,2446,1377,940,1061,640.5449926388078,304.0742571956307,683.9114804861832,109.99108722314823,0,722.2108435214748,246.42991973713356,1112.1081016786654,911.5684398763602,0,805.4396730647621,954.0723955245958,126.43951110865044,628.1166243263858,0,0,0,3
631,2,491,281,549,433,97,644,752,1047,3869,1948,2632,138,1920,1641,1391,634,1518,1245,791,1596,2964,2030,458,476,1071,1128,465,585,1244,1064,340,109,133,469,744,1666,2164,711,515,741,532,1042,1281,674,186,318,580,1138,1942,2309,1186,2174,4228,5587,1714,276,828,2382,1026,1418,928,324,505,57,560,1090,1134,1976,2082,2149,2653,2622,1289,683,101,569,436,326,541,556.9457284250749,359.01992731308616,417.08584132305026,555.3578398225703,0,547.5509108749615,1126.7319212691843,629.6815382982836,1263.1939358429524,0,425.2465252695086,1272.5828626324353,62.71295475220523,789.5033948574194,0,0,0,3
806,1644,1855,1933,2586,2527,1895,1381,1210,1323,942,848,3173,5678,1456,3355,1243,1072,192,40,348,1886,2952,2826,1299,750,456,195,3,9,444,200,487,785,1324,1688,1842,2058,2685,2168,1409,1797,1123,350,779,470,409,322,478,574,843,1981,1790,1606,933,5238,3803,243,1102,427,111,1958,3144,1949,777,443,1036,429,477,511,129,443,1385,1108,445,96,757,1280,1163,1313,1858,566.1199970204997,518.7684118062502,652.2277504739926,586.6046551648625,0,698.9326881037973,1376.7742474180907,355.44943165965145,1294.2637482268476,0,218.94803446110348,998.0810481681974,288.2362191163325,709.9506001220045,0,0,0,3
523,540,974,704,163,77,639,1424,623,492,1201,2280,926,6898,4699,733,2344,2132,1283,110,772,722,404,47,30,562,1351,1592,2040,2378,2620,2102,1377,1087,1243,522,308,398,324,469,239,1063,1736,2526,3021,2024,1666,2428,2593,801,1,414,2709,2160,3282,3260,1071,94,432,586,47,1242,996,585,514,766,265,245,808,274,879,1386,983,494,37,429,891,1884,2777,2104,1109,410.6533932024669,590.4417511480505,669.5634935104898,519.5857047010793,0,725.0358077364181,861.667364141386,931.3634797279119,531.2315638657236,0,1168.4452174859923,766.59828830914,469.7731556977773,394.5459392735802,0,0,0,3
1065,447,572,803,1017,1577,1413,629,705,1333,551,617,1542,3324,4902,1894,994,1763,1314,2806,1759,857,1062,1802,2405,1992,1119,1345,2233,1429,100,90,157,16,365,99,1095,1716,1741,1445,1887,2499,2345,1412,348,367,706,37,643,399,118,993,3839,1609,4112,657,5878,3658,1144,423,1731,1966,131,1427,1430,31,327,87,262,330,201,995,2045,2028,2007,2307,2547,1712,729,642,1054,1070.1116211323356,509.8538474858772,800.815652012282,623.5141797692268,0,1057.3970800981058,852.808873619507,1123.9719324120465,1089.299736590911,0,1196.8508637596158,727.3311025640118,618.9603351353062,124.70974397552091,0,0,0,3
285,341,443,187,1517,2240,1582,1159,1432,1326,845,288,2522,363,4836,612,1488,399,1661,3113,3107,1749,560,839,100,1389,1530,388,583,262,511,1043,652,19,365,1085,1242,1462,2292,2226,1711,1085,714,64,912,544,520,751,712,330,1109,3095,848,2697,1117,2427,790,844,34,17,57,1627,2579,2121,1025,917,176,762,772,1046,1112,1067,1386,1525,847,434,145,1448,1872,730,96,308.9883636464619,720.4726407401745,0,286.2932417993358,723.9889261485723,207.12460079683856,1076.8927299857526,0,226.8268804133522,788.5738196788636,449.61629702027903,619.4783580834292,181.08321723145647,0,381.39483490214184,2,0,3
674,63,1102,1456,1538,636,291,52,97,288,1213,5119,5127,1204,1264,1495,1756,2371,1902,1558,1956,1949,758,658,1316,1235,373,1216,1764,1176,1616,3027,2799,2113,1508,1501,1223,672,661,926,642,782,48,455,1069,790,855,1594,1437,1041,618,4295,6503,783,3597,1268,958,1717,3496,2978,1336,1407,2114,1992,632,290,1107,604,174,105,610,580,554,1149,1897,2167,2302,1332,1087,1846,839,585.6465110734865,141.29330932003117,694.9568596498303,251.49294757361326,0,1262.6131078046037,708.8047532430311,947.0214957490864,91.27823939655035,0,1582.0453988848465,382.91833833361557,1130.878587206368,168.68572393432783,0,0,0,3
513,357,209,870,813,983,1677,1582,2392,2462,2540,5937,3675,2579,136,2153,418,687,387,613,629,85,442,923,92,705,1539,2166,2478,2422,2017,1912,1350,648,23,140,111,523,93,1214,1531,1481,2336,2274,1607,1654,1390,946,653,606,58,3504,3374,5434,5402,984,479,126,2295,1015,2164,2551,862,1434,603,933,757,497,1734,1680,808,346,350,60,969,1900,2136,1919,1443,1593,1291,906.3275161903266,229.81432820923152,539.4272093364544,301.77397832850687,0,884.929693535029,728.9039061677207,1398.8274285923599,798.7286308321864,0,1762.4011011949144,521.7707677753255,945.0370049830234,45.812455616704426,0,0,0,3
127,439,1092,1455,578,6,380,612,1716,1706,825,667,3369,5863,1270,1094,2155,658,3152,3312,915,286,1902,2641,565,1480,1114,52,64,997,1559,622,814,1206,770,1267,236,1044,1861,1314,1161,899,1246,918,22,886,1234,476,858,1900,3012,973,2408,4729,4418,1042,1589,937,1463,773,1520,1750,12,1243,673,1077,2318,2478,2783,2070,1178,1253,1695,926,248,51,484,737,284,1223,1242,793.4928173134472,498.8331117822125,782.1662167060084,708.6289358577175,0,1002.6592093029417,1513.991196619415,905.5186964056868,1473.8691907898515,0,324.1133638067344,349.991902517202,371.60474955094645,501.39201472030356,0,0,0,3
1873,2387,2522,2904,2256,1624,810,322,564,77,2078,1598,5482,315,10,2382,517,530,421,709,1760,1549,1446,1439,1857,1422,149,672,139,4,72,698,1152,1672,2554,3121,2290,2195,1794,475,71,215,90,252,216,171,71,466,249,44,3166,3717,4121,4711,854,2,268,1250,539,3132,2951,1833,1100,1910,2093,1111,482,232,598,193,113,966,1158,296,1199,744,924,1427,1818,2484,1870,650.0867080516451,468.2561239782793,604.9274148999028,867.3192643431538,0,1052.5942546869617,664.8281948751624,782.1739414376023,1267.917457282094,0,969.4693776285981,332.0158757322818,876.4654450241965,185.74439291039323,0,0,0,3
291,798,115,1361,670,77,111,790,1666,1405,887,4480,3069,1759,2870,1202,578,616,531,298,320,413,274,229,104,666,1184,547,1168,1848,1434,1652,2750,2362,1511,302,812,1025,878,937,1849,1322,0,71,176,509,198,292,257,2824,4349,2268,3563,70,1866,2014,461,1290,3655,4025,2288,663,964,1472,730,377,75,29,156,401,955,1738,1868,2077,1829,1460,1174,1144,782,613,728,769.5434268081793,368.04278118050775,463.5262393827741,347.36900694725693,0,753.7741903249275,473.63307905614033,1027.8363624034262,987.9737249863971,0,913.5776057547697,228.1940875007241,1020.4244187747186,284.99261004768243,0,0,0,3
57,94,275,375,524,1683,2611,2371,1755,2377,6629,5719,1981,1801,52,1143,1162,353,1172,1854,1572,1800,2283,1916,1139,1062,1956,2302,1691,680,761,1069,339,856,723,125,1073,1075,802,2105,3352,2538,957,845,799,28,47,417,1660,3410,120,4695,20,3285,3016,3366,1239,1388,2110,285,1182,1230,609,450,718,1906,1414,1219,1919,2365,1781,984,480,706,367,762,1557,753,489,313,297,708.3028777895163,193.0578694541407,731.4489484195715,636.8489591132529,0,998.364875684236,873.7223293693608,800.9542863745098,570.0639496129648,0,1432.5432259312176,534.2129922024596,918.446990366671,474.1560112482878,0,0,0,3
1162,2213,2330,1522,2104,2271,1442,1475,1673,281,1569,4048,136,1354,1030,1510,311,1262,1396,1631,2391,3037,1773,973,1285,779,312,726,1021,335,15,205,235,1676,2793,2107,2215,2920,2691,1684,823,363,98,368,340,343,261,925,1467,1865,2117,1665,3486,2798,4955,2787,1549,2,552,694,1208,2391,2567,1249,195,301,28,35,1169,1874,1866,1544,1003,803,848,69,960,940,484,279,361,625.5000147990095,350.88387496792666,282.6620228434692,368.51515985972424,0,448.55155779464195,609.1969317222657,513.0084205228853,819.6082258745096,0,686.0303104061859,1368.6561960406411,169.71232723342612,658.5249818457243,0,0,0,3
198,161,1377,1845,866,399,836,613,323,674,3840,2624,1440,799,2256,1931,3326,2420,1427,1249,741,21,235,239,834,139,1374,1511,1052,908,1592,2509,3151,2016,1528,2054,1968,382,331,358,1092,865,97,169,373,1207,1437,1083,1152,1346,2096,1648,5532,585,3378,709,3340,2283,1244,1036,2891,4503,1970,674,252,1919,760,1297,2197,1042,481,808,128,252,860,1069,27,526,991,1435,1056,474.34343527098326,86.02642482534992,640.0010922076228,446.58285647818,0,933.565671230471,605.338617825444,1823.1904213400605,1396.0105714120907,0,943.6372189466543,1315.1051844199633,500.98854216937747,517.325379500499,0,0,0,3
1591,2246,1366,279,402,438,366,723,637,1582,4105,1068,4538,1729,1077,3091,1647,7,1063,1115,463,654,1216,1193,470,34,288,599,3,906,1346,1600,1741,1563,1101,1224,532,462,972,1615,1381,320,257,304,334,1525,1236,875,1108,1813,2286,6063,477,1878,71,1295,2428,932,571,2574,3020,1786,571,189,139,93,620,410,65,722,1582,1400,1393,2092,3057,2108,687,7,26,556,254,687.7463090600532,441.90736409077704,570.4893432899036,850.07858957388,0,1053.4595685169886,697.7071841944622,556.2382845501645,1122.4626183950284,0,632.2367549434134,449.67828073046724,1005.3709712092692,166.89292199727467,0,0,0,3
447,438,849,1937,874,629,1787,1879,1863,6264,6327,1156,996,1168,71,436,130,949,732,254,99,193,99,388,1112,2065,2113,38,6,229,492,586,479,618,1360,1579,1185,1317,1759,1008,430,127,844,1297,814,287,5159,4680,2251,1598,767,1207,930,244,32,64,837,896,723,893,585,380,1312,2647,2469,2035,1760,1762,1084,98,935,795,319,588,363,607,1763,2514,1985,2036,2223,930.9736247862525,252.9106107825154,720.0176697998447,272.1396195439362,627.6052633683911,427.34514561989414,0,619.84867410388,144.6335008087423,503.8871415160706,1094.3098541203901,842.5713456225157,921.6401652384545,0,561.3999895725506,5,0,3
1921,1526,1264,373,2561,3837,272,839,839,2384,1313,701,337,301,478,1416,2181,1960,1044,747,711,661,790,61,916,622,22,170,634,616,540,1184,2003,2186,1591,1194,670,58,387,1191,2008,1925,1304,1037,859,4350,6093,758,3389,1453,498,485,215,615,1357,2902,2293,983,1109,1547,2212,2820,1545,300,518,422,709,998,770,399,443,1424,1495,1918,2807,2154,767,306,165,46,21,247.81805121033878,133.46970603928625,558.4588139191897,257.5651409173771,0,659.6272375364741,445.0834853757243,662.9852451450018,992.1031769271482,0,803.1935025024063,1236.2942503267095,228.50156982875575,532.4126161603787,0,0,0,3
124,161,174,646,1384,2130,3165,2502,2181,1372,3895,3219,1982,1713,2051,1473,32,1067,1257,199,1086,998,558,1290,2641,2460,2147,1997,1824,1178,794,245,492,516,401,21,501,1378,1330,1734,2692,2238,2322,2841,2689,2098,3352,2751,2125,749,268,304,772,273,1405,537,1453,2271,1042,836,1956,2059,1317,327,455,892,538,293,751,106,1233,1497,1493,2056,3060,2458,1554,1414,608,709,476,1066.1660935023926,97.99073013410799,750.0395636216105,179.4766564335058,0,756.6806790185673,540.0063002065875,1211.1140065753648,842.7976358354562,0,419.60366704020373,273.3207995934962,768.6024006592227,282.4782967526722,0,0,0,3
