1510,1636,403,1725,228,2828,29,2272,270,1876,195,796,1715,1064,1321,1307,564,733,478,1142,1436,886,453,721,237,1041,752,181,61,56,949,1617,1072,424,132,1,1327,1115,4785,759,2565,44,1265,548,1249,37,12,1713,1175,626,1232,452,1390,1450,42,650,1011,1248,1181,1016,809,266,736,505,738,1128,817,355,202,487,2905,2123,3544,2377,1085,2522,1903,203,1712,2258,79,750.9563143005328,370.96667910156515,0,816.0829523260537,1338.3080304531977,604.455149056537,1459.1394515449563,371.92352730771023,1024.8761224539944,379.64133823447185,612.4862058125057,575.9096316534767,461.1684149315582,0,789.222793338834,3,8,3
655,464,1379,638,176,481,911,124,822,633,1165,1475,1256,990,687,312,163,425,602,223,1798,1317,699,847,3738,4250,1087,2395,1965,1057,864,112,330,1139,767,291,250,78,110,17,198,961,1483,1182,539,599,840,549,62,294,625,297,254,385,632,603,696,1344,936,399,1076,597,1439,5082,385,1727,994,736,630,301,759,2359,2192,560,3,1185,144,1097,309,593,181,135.22445345267917,369.3043515965435,160.9718545584283,567.617759868708,0,661.2052706988958,915.5812940711949,199.46806919810763,938.8166917991105,0,541.6557482855181,846.4484014393937,489.35632793854614,592.0741646100107,0,0,0,3
680,214,160,763,1680,1159,774,774,1189,894,205,302,63,256,1075,979,470,442,228,2579,2433,3043,1578,1513,2575,2225,519,777,424,583,1225,1544,1120,1034,499,84,188,909,1033,621,261,43,38,107,987,902,1282,1101,1416,3394,2464,496,880,1679,90,301,1060,710,1909,856,1165,567,87,1201,2169,1282,235,15,1216,968,208,281,144,239,753,481,13,159,681,1540,1451,198.43124367756877,128.1565274704277,0,284.89567757124775,445.8977627679972,819.7946500581295,1038.6802777431901,907.4846801296262,644.2904431585257,252.50059465212448,667.0347645599617,428.4214212362098,711.1692361773846,0,329.91634138827027,11,0,3
461,1029,914,72,962,2320,4323,1523,2267,800,1491,469,1010,879,2832,1006,1287,1069,477,605,1912,956,227,112,601,546,521,1025,701,736,681,129,467,90,150,145,2058,714,4788,3469,957,386,6,516,400,429,736,711,177,203,346,781,409,67,3,987,1303,985,977,1393,910,361,322,585,313,745,501,797,1444,950,314,373,58,472,3090,2041,2390,687,1372,753,201,530.6896434212148,277.50876586583746,574.1974940772892,148.1758809240601,610.8787562343128,1399.0572631489022,956.7484056981343,0,1451.34091680175,217.37867225916014,607.2424903355741,217.23289950331386,464.6561939234242,237.49752085620275,347.735037483634,8,1,3
793,459,127,66,521,1425,1777,643,423,1356,1003,345,358,213,341,22,247,144,423,112,952,604,75,1078,1864,1341,659,216,217,96,202,109,3200,3229,3287,1317,2636,668,745,927,3202,1546,1666,1494,554,433,1826,1196,1516,1583,598,1423,363,261,1189,1153,305,57,390,455,522,338,686,1335,1365,1009,4443,3318,19,704,40,75,1920,1272,1430,2062,728,554,608,963,357,398.3181804455751,129.4730687593482,1034.0174360603967,0,528.1357914638244,1842.1533023614568,1390.6555532758882,233.75259804752469,631.5168447882587,176.2659113590344,0,202.90419963120775,66.95698298558756,600.8718886382418,193.6464294775384,0,7,3
1790,1271,303,732,1342,1128,149,258,1005,906,257,590,354,345,84,0,292,588,1119,1364,1301,632,2190,726,3849,1652,809,1811,2248,674,1163,1585,773,179,332,1004,301,944,307,434,935,860,152,113,882,1280,1044,595,518,243,512,1210,1440,1309,1072,738,260,557,137,353,163,1743,111,4398,2761,563,605,841,1000,1189,1859,357,76,517,741,542,1098,18,1216,1075,426,285.6991847982824,172.5809353967433,286.4337289349696,567.1511773359438,0,1072.0717326746378,777.8650039094553,744.3111743650421,681.3740821686235,0,698.441826328557,569.4620707125827,332.71404762733573,586.5869049323883,0,0,0,3
455,1232,1214,391,179,109,564,558,529,526,1256,1995,3543,865,4258,1579,1604,2191,984,952,409,1241,115,271,822,1575,460,444,23,1156,989,73,555,1904,1742,769,105,784,920,352,1122,2501,3769,1364,1597,1091,2042,1585,292,63,760,250,1209,887,605,877,330,324,1201,1721,750,71,678,485,785,1616,913,138,331,59,224,513,544,452,1429,1799,2974,3972,4649,691,1006,618.9263443189257,299.738705845619,748.5520352648147,619.5268602441975,0,1552.9312963267598,862.3426599507839,353.5846094434297,1408.8171710811152,449.40129950255925,911.5522193344464,56.77732826520597,326.8355001378333,717.6650664268424,618.3934713471822,11,5,3
1407,1904,529,1777,92,1637,523,915,757,2372,1030,610,86,670,81,1291,1171,115,380,1288,1495,384,340,651,1078,554,584,897,877,371,594,285,797,1787,270,3728,918,1928,236,1413,1356,712,706,583,63,1953,2551,855,150,564,858,32,452,214,853,612,192,506,678,672,1109,1286,1156,1198,572,273,148,483,423,78,532,584,3262,2199,4479,1682,2621,828,1560,1784,460,521.6553612346361,721.6725764661635,844.5336095333898,712.1236220301462,0,1340.230070734126,709.511717351763,245.36929106457993,1407.3436576944998,0,441.435339127889,985.7431487529428,620.6590519791456,690.372448837689,0,0,0,3
1080,1434,2475,23,1794,223,1531,262,230,808,1441,507,695,1209,540,711,1690,1861,661,24,113,366,210,71,79,418,249,215,341,1463,3228,274,3553,205,2838,2545,702,905,877,758,625,398,1018,2256,1297,58,202,132,919,1628,852,115,342,625,52,75,173,526,532,917,1700,530,527,728,2675,4819,1044,2891,113,969,1190,127,1408,2884,1393,1035,773,960,168,1566,163,354.63675164662527,0,258.15456812892245,335.00522808485357,149.5779746431395,1725.986626534741,694.8576523615089,1587.0413379849556,0,317.3035852685045,699.8616265668152,590.8733334660142,694.4277911863948,593.7563807187923,410.27172730145395,0,6,3
1181,124,950,517,342,795,1723,1441,470,423,1190,514,1306,864,155,647,771,228,1080,1549,252,919,2077,1621,5675,4735,826,1475,1526,1652,2125,1986,862,1812,648,502,704,1738,574,79,637,613,828,1346,760,363,1257,1319,730,119,85,613,529,207,247,1189,1296,95,50,134,270,2503,3483,1128,1748,638,127,664,482,207,1047,137,239,1321,2216,574,253,1142,1324,575,1488,642.9726267226592,458.081420477693,369.54401572859683,1097.6476549098604,0,1506.4204932554524,1690.6979934559986,572.0141760508649,772.5476004480018,0,317.2259736426429,651.495273907727,239.2307533056589,564.0610546981728,0,0,0,3
338,1781,561,1259,624,411,382,1916,1662,430,381,1110,1316,280,930,314,362,373,1235,1806,6228,55,3360,285,1723,66,1699,396,659,949,2580,1145,1327,592,1287,861,579,335,1555,892,385,1020,222,207,1643,2315,769,251,580,391,381,645,193,1005,765,522,409,1540,2705,6573,232,2462,18,722,164,1126,621,2304,735,936,37,1843,1033,415,272,1026,134,1996,1405,18,431,689.0375402820964,346.511408636156,607.6911427603092,934.3272404919801,0,1765.1177481969867,1976.7437634217983,1062.820123515005,298.371210090307,0,146.16317125278118,801.4503673982272,542.9807394889025,603.0954882609963,0,0,0,3
1464,847,24,195,781,844,323,918,222,77,1062,1960,617,205,1100,1036,1863,2504,1723,2083,452,702,482,2440,744,693,725,227,834,585,266,309,245,1193,1011,660,834,1689,1123,41,64,260,141,324,722,505,395,1022,72,534,1760,3028,2258,2692,587,2247,1842,127,785,2446,862,1642,1509,858,963,366,149,1585,1563,336,122,579,564,238,707,1058,1021,1090,834,319,117,164.77363889234786,124.36412084033434,50.61703576760314,763.3532647609852,183.85665385494482,1735.799131219546,0,532.142179183941,1061.3682161884801,406.7509623712674,662.4178913596444,285.0163907559662,520.1241901247515,0,206.19910240498058,5,0,3
205,1,498,874,1535,1092,504,953,682,4860,782,3149,864,1692,1020,1420,910,2062,2251,412,1522,189,496,1187,2120,1540,326,110,569,939,894,699,1104,1602,1254,323,699,46,557,699,2498,3727,3050,4658,969,512,28,810,418,2227,1611,142,248,1593,218,780,696,412,796,947,447,412,970,1050,1014,1552,1402,454,477,440,378,552,164,634,824,675,400,2375,4900,66,3238,608.2363245833761,249.4948679012346,610.1688384323476,280.1142117051623,658.8724320543536,1535.3476850332704,894.2666159061248,0,1995.811258020479,110.83910641119955,607.5124204863384,414.4530605389085,242.85497329556574,650.5218684989707,253.47241557964776,7,2,3
2178,67,497,1655,1326,617,1050,86,836,403,82,412,1155,1511,1082,457,134,153,87,398,929,611,211,916,1282,495,385,111,859,1402,1322,310,670,349,319,3815,1299,1666,1018,238,382,61,147,1723,2137,64,2174,1228,150,953,1690,859,289,117,142,267,609,766,825,1403,1367,716,49,257,910,2942,5013,2422,3348,1491,2034,937,531,1776,2561,1006,1328,881,989,26,1022,526.4281076408777,545.647934866677,775.4437809283714,0,113.24263726935959,978.3090199266667,1081.8251298584537,538.7522216844187,1568.0774628328543,257.911860215668,0,483.3553637262795,304.2600330577272,630.871627751277,456.48145056738167,0,7,3
119,1147,331,305,200,492,1079,1583,1248,1222,1006,415,174,884,423,87,310,466,134,1097,251,649,3177,2091,3013,734,1170,640,1412,1293,1534,748,977,1427,247,1539,1015,145,636,974,572,1987,1064,340,829,1378,872,244,84,280,40,964,705,167,88,552,1051,656,989,1490,4163,2639,3350,1689,1361,1198,15,428,1556,1901,40,545,878,1127,866,1557,446,402,1627,1350,197,128.97448396003836,399.83029110346615,235.28649461689594,655.879685587276,0,433.9100021893941,1786.1303902381658,408.5526160546302,741.9774310293742,0,263.1348180976541,734.8542348870834,73.75973283920784,584.5070500397569,0,0,0,3
740,1255,60,496,162,93,385,1556,1734,793,538,1282,783,925,629,150,122,292,4132,4231,2889,2701,300,372,655,1957,2,1329,1402,2973,979,1325,7,1288,67,941,287,1740,675,1250,1693,672,641,1741,1926,230,670,132,100,881,711,115,490,485,38,310,367,2689,4738,390,1919,550,1885,1323,644,105,1438,402,1067,734,1486,1621,180,144,806,229,1592,1292,596,346,937,306.81926434373014,284.60231325920404,231.51441094134418,973.193798462969,0,1397.9521567278332,1800.057497617895,271.1801938901014,1025.5363341247055,0,400.9101817335322,751.746675081197,308.2057410120961,496.6079786947762,0,0,0,3
19,204,317,485,450,729,779,480,498,550,1339,3491,1619,4034,1089,1760,233,1085,796,1412,1040,1463,531,2212,2288,47,161,1725,1448,216,1078,399,1618,542,564,341,1068,458,317,436,323,788,1100,1408,1174,516,385,551,619,2276,1242,4370,2640,756,286,2247,2323,322,708,1341,1881,669,1984,139,1761,233,1074,143,1011,216,1211,1619,606,625,1631,1705,195,684,313,382,238,114.83244008616026,504.9618240300098,29.50051185912994,1044.3466978148083,0,414.0940774751555,2281.313651790771,747.8528932585158,923.4808366744519,0,69.0863636038751,673.1306578420699,245.88515527025362,515.3873051019904,0,0,0,3
259,361,213,337,175,479,1122,4200,3051,3308,1920,1278,2193,1719,260,846,1365,950,1835,436,2726,1172,710,22,454,937,2142,451,30,486,195,237,283,1217,936,99,1058,1931,2431,232,3412,633,1630,252,196,324,1890,967,33,1048,1627,644,991,1002,870,809,83,306,556,1377,946,648,777,997,1005,366,89,824,496,139,695,597,209,742,306,2713,5006,2029,3815,966,1191,145.0314355708262,587.8029850047137,165.1353522594394,867.3542423692122,899.1117762031581,1828.4726437732022,289.57569980222786,0,574.2806801751032,663.0763870577433,437.040350795741,1093.0920888137261,711.0996661447003,1177.9333122656326,572.812800221593,7,2,3
1293,1245,149,1521,505,1621,1406,673,574,1074,935,28,69,954,1305,337,1042,654,290,943,1874,1449,275,135,225,263,413,277,735,1013,1609,381,2590,5329,1222,3921,572,1505,1400,2183,1092,2665,558,1501,477,1847,444,2425,1788,85,611,1773,1175,41,370,993,152,766,571,325,801,1416,995,1097,199,3230,3811,2998,1417,1752,866,1463,1010,3103,2069,371,119,450,14,1767,1744,398.4816793945212,625.8982427404299,430.9841999383656,1268.0542862334112,390.6184762265485,2418.2974788677175,0,712.3120974262321,418.0754772761357,725.4386118447607,292.5131630953444,406.4858356450759,328.3746373781322,0,533.0203099444276,0,5,3
714,1198,298,165,652,1715,791,809,1193,213,36,1603,2304,713,440,449,1290,468,1311,177,4416,2979,3657,1907,1760,2460,157,2345,314,680,1496,2065,469,679,273,689,179,126,1063,1104,421,585,836,393,1100,1016,437,690,1555,1333,117,554,90,572,271,85,958,1259,3900,5499,734,846,800,127,975,1094,13,1496,1285,157,154,1442,975,142,347,793,230,656,863,528,365,153.7004494849885,373.50969885384296,28.47963541234016,816.9967395230201,0,1014.8395501260286,1879.6192966443086,606.7690986611536,1400.8083735307987,0,408.4641760775677,409.58664277877637,650.1162164611176,421.9583393869273,0,0,0,3
528,785,239,401,1146,1510,1115,230,891,831,242,1355,748,3820,409,1227,170,461,190,1167,2040,1569,6,165,185,808,1650,1020,510,843,408,1219,254,23,1216,1931,816,195,451,756,724,724,1376,474,45,571,1043,537,815,747,5166,958,2790,2401,1796,1177,1362,1189,405,1230,203,1018,33,476,417,1065,188,623,455,345,679,1382,1399,1314,557,566,1020,13,1047,941,31,368.2648874953302,309.64773579733406,620.7895075765771,348.88621604894075,0,1196.5477393317829,183.86161787836906,616.7340377481497,866.6120366942592,0,621.5857996556175,314.32620901777295,546.3546077486402,263.63277784479504,0,0,0,3
329,329,475,321,256,1250,1207,3050,2963,4378,1318,780,72,1644,703,2062,33,2261,1735,363,77,1683,1366,946,1776,448,109,128,94,474,234,562,663,1056,780,290,865,2617,5195,1115,2801,688,237,564,19,879,2910,2590,92,771,1165,454,1160,669,394,1108,1326,1206,904,922,590,86,34,246,976,1253,554,752,535,348,922,2208,3654,2133,3330,1429,1193,971,1604,327,698,698.7568540067067,298.9222741629787,560.887867894462,268.4683796671235,298.9559381890497,1932.2024297626688,776.263109442683,1376.4598383994853,0,560.1952121579174,230.86820979037225,778.4029052699582,256.5124298121625,886.9778448789164,279.06948454346406,8,5,3
655,526,434,467,392,209,415,724,726,1155,1991,1035,384,586,524,118,577,501,511,1264,860,178,393,142,3032,3485,4118,4661,579,2351,207,2361,239,2802,336,2769,1689,564,431,2217,1214,492,499,71,367,1076,1100,133,395,1109,1065,731,729,762,301,404,102,623,585,914,555,113,757,2203,1079,4357,452,3069,2041,1005,30,1016,1204,705,692,890,928,43,424,152,182,484.1709234799949,42.234889744048985,711.1631848034754,476.13383575024466,0,1531.7596882344176,945.4963211502909,1646.1197643148932,1116.2278230090621,0,1109.269165808695,691.3849517000731,680.0992339489972,388.9449428717545,0,0,0,3
201,311,880,69,751,698,741,1429,1452,1129,971,573,435,308,216,520,198,718,34,332,921,817,5938,2255,3009,2407,1034,1593,1910,2426,553,1597,191,1364,159,1209,67,1389,1145,511,1038,1311,550,127,104,21,576,901,828,704,776,132,358,82,1027,1676,857,451,1513,2645,2283,5469,258,2320,1376,393,126,1167,890,354,536,137,177,1034,1026,898,1591,1409,18,610,282,489.9577138355901,20.550313208969435,650.8862344096378,171.37399362112168,0,1585.1372180350825,1014.6983983783277,1350.9218231536008,1376.528295731273,0,622.3102402125572,1011.2065809678306,521.1143258571606,492.01244035431296,0,0,0,3
765,89,884,60,332,936,1947,1287,371,783,1301,713,607,1110,225,160,982,3432,861,5557,2428,2028,1814,38,395,1966,1678,1081,1687,583,296,316,494,397,260,1722,1268,205,411,69,266,1162,1751,1005,299,958,1308,24,928,195,993,469,470,1565,3695,1627,2504,175,1513,831,478,935,270,186,398,109,1023,1080,120,229,657,425,1775,1423,122,175,1027,1569,320,226,615,402.7856568569529,398.9356167601782,0,430.9890996490444,116.31857357405795,1959.417977705234,572.1943490817681,0,1014.2686078055751,699.3096326650843,870.1847745848459,329.36356189123876,587.2625224128362,0,349.2882289227811,2,0,3
1043,176,804,419,1215,1223,668,128,19,601,1369,3930,2173,4557,2219,1413,187,1023,223,1473,1167,37,0,1640,2128,61,606,996,965,885,1224,69,618,246,1200,644,425,858,1936,1473,150,289,1028,7,1315,1183,30,288,165,1264,1987,4588,2008,3849,147,301,376,396,927,1506,1245,839,1288,1055,279,498,765,273,387,496,262,263,465,769,291,2907,3024,3098,1309,2960,1998,551.4746261236725,299.56111044572987,53.61492710391304,946.3798945737186,0,867.3879742771425,1852.2360416477902,338.5642577266579,254.81210075005208,824.7966662463114,443.72498183461136,781.9884493764159,421.03671768175366,359.0952295975719,372.1697322841643,0,12,3
365,291,2110,1293,1580,1924,308,1984,433,527,885,1578,876,2413,946,90,836,1556,862,384,55,359,569,435,433,261,607,258,193,241,1007,1028,750,1767,178,5685,2009,2275,1830,330,1286,86,66,1859,2556,984,356,774,430,713,654,57,283,586,680,875,1184,841,621,1139,1282,530,521,9,96,1031,1100,734,644,1004,442,4353,4636,4253,4189,1233,3599,2382,472,836,3193,738.8836938803605,0,476.85264969451276,741.7570034229446,358.5764063514095,2053.458663417415,0,888.9556897853525,1917.8969475606657,324.6113055997511,1241.0817701139536,0,433.90468267990923,1103.8982710265884,658.2589069780238,0,1,3
1132,1805,1192,1545,980,720,100,853,424,388,267,440,1168,1741,1398,1124,632,95,152,655,339,95,497,308,350,917,288,1217,1861,1231,3323,2411,4194,1786,509,543,1509,50,1755,557,1215,1964,907,140,504,627,770,1485,800,657,765,823,602,807,456,456,624,342,344,812,1015,604,897,1010,651,3352,4039,3503,3719,614,1841,206,1543,867,2319,965,3742,1650,646,644,1704,244.32686181969586,510.6407771215322,0,980.5510668248518,1003.0023767573754,1765.6151304880273,1003.9609260515776,0,1232.7319199448493,1288.7018866500666,625.0302367411102,827.0322951367434,242.04605568378744,0,700.5311460964922,0,2,3
506,968,739,864,1425,1364,637,345,254,170,684,1146,298,1386,1305,2096,2844,2959,2655,846,1328,893,98,1093,1765,641,429,1148,770,567,1105,946,247,180,237,742,984,1216,790,242,300,344,136,193,464,1345,966,1081,1812,1646,5070,3805,23,854,864,171,328,846,631,2235,1962,329,237,528,87,974,977,540,858,1174,749,43,646,1106,620,112,408,657,185,202,424,110.12439623368661,486.7259615368522,97.49989526822174,473.87331029488945,553.9517737561689,1347.5104869639445,0,779.3493432536513,952.6391871228874,949.6042659100325,493.63741656340596,681.8389457561472,168.95046950519568,0,720.712095775237,5,0,3
202,267,1426,1080,118,1160,1754,5036,800,3023,303,1656,1397,212,526,2733,1954,388,499,791,133,1067,324,334,172,647,268,399,1093,1639,1015,738,919,851,239,1126,995,330,630,1030,309,1018,863,3218,1952,4306,2744,182,712,1203,1416,371,853,924,1933,111,1683,6,1435,344,614,361,971,198,1847,1887,515,638,1466,1348,59,648,310,150,140,337,84,929,674,194,572,137.73997745229758,420.0032189502253,175.07940994718706,954.9534732305125,0,1076.0947367680972,1642.350644948161,523.1848962441551,1104.776061808142,0,736.5400252367818,522.6523926921872,539.6007050740576,217.1331943249119,0,0,0,3
246,1366,4940,1390,2113,1112,781,964,421,24,1383,1489,75,698,1105,1832,572,9,746,89,1217,1018,358,147,649,955,1117,289,1083,731,270,643,750,361,339,358,631,351,4227,4939,3151,4452,952,623,407,398,1990,2988,1005,394,1191,1684,148,814,539,1033,540,1025,424,1049,469,1835,945,351,1116,1779,1198,122,370,407,2,890,1551,198,786,115,485,3329,1974,3946,2675,333.27416216614154,0,495.51331253750277,666.8263507312037,586.5271583664974,2282.7210747157096,0,358.0824369113649,1012.6708230611385,675.1536970431836,1133.9823718622579,0,537.312576121794,875.6594174295327,623.078700073306,1,0,3
172,561,1436,1943,19,801,633,1130,6,671,352,1210,789,277,391,551,98,819,1445,1128,939,1040,1604,987,149,288,200,260,808,764,637,1093,1469,2180,1201,4766,1370,2913,1114,1082,718,1299,1302,1176,1991,512,2011,57,549,1783,2421,585,327,386,629,377,1135,36,722,321,1791,1103,197,481,1467,1412,499,169,1024,551,96,391,2159,644,4224,1102,1760,1920,967,549,801,612.4100105402916,238.4724746262722,518.9640592248005,580.8051999911548,0,1425.4365971519044,1938.6487844662356,792.6639958532693,488.64474775247027,0,213.08363345790082,593.0541982207992,302.74608099753556,801.8970164643928,0,0,0,3
495,1390,1890,1206,969,1365,741,442,437,760,673,302,150,608,179,1447,1473,1038,748,1006,1635,691,607,502,310,118,1064,88,1186,2621,1075,4690,602,3130,755,2491,2558,693,185,2353,984,1471,1123,1288,757,418,642,2070,1096,407,193,1145,494,1291,1450,440,698,1773,1127,625,798,84,691,899,438,1273,2222,3347,309,3389,231,898,344,1028,374,443,228,27,120,681,817,316.1395721571424,309.69959845534254,373.909505839254,803.3263913917967,0,727.7290447000175,2100.4900995885755,530.2465860319696,983.2659865254632,0,601.1050668890524,461.87399033851244,686.187970672957,397.68291900963345,0,0,0,3
139,890,1883,1177,127,469,1082,775,238,152,958,849,255,763,647,832,579,1411,881,280,741,666,4469,3792,4791,3439,1999,2465,392,556,2083,3051,1054,643,541,2094,183,1506,24,785,746,714,720,529,970,1610,694,723,1530,1553,430,292,419,137,889,1408,477,973,88,490,375,3287,2180,3400,2466,940,915,591,1277,399,55,700,536,194,32,738,447,451,665,733,336,549.1430037637624,285.36599145333247,689.0949322728811,532.9803142743584,0,1450.414121897605,1540.0943535822842,986.979250310951,1437.8864911216936,0,514.2358887644268,910.3682759211732,343.6456503767832,656.207401517501,0,0,0,3
583,398,965,1927,994,435,861,781,260,576,287,797,1423,736,196,800,546,2748,2632,4192,4292,579,704,675,309,658,1618,153,1931,1516,105,702,2038,1032,63,66,535,244,577,882,187,219,665,787,532,713,1035,822,1128,1193,487,290,98,52,373,2512,2710,3236,1786,1217,347,45,32,1347,1504,507,2339,1589,131,946,1603,44,840,175,760,712,395,234,276,150,669,288.21439559586884,457.69883287274564,158.63372422141367,916.7387140793826,0,395.8709701405245,1499.1567596389782,268.3745071892088,1244.6608107886484,0,336.74519602452125,787.1787898183883,355.974553357652,658.6313325621663,0,0,0,3
1253,997,1220,874,298,170,101,465,355,919,390,2801,3421,2054,1592,229,236,68,286,54,14,1098,1672,748,1001,324,810,333,243,679,1709,1146,30,439,303,367,831,1866,1211,558,865,719,75,508,39,957,983,1111,979,1653,1390,3900,1526,1981,617,929,972,674,221,899,360,1451,393,1555,1156,227,1028,2060,1177,748,678,730,551,797,652,34,259,151,983,754,409,381.05746481173793,273.5418424881521,243.9213044425084,538.8368737623257,0,961.8884095881393,1395.6439668636121,542.3627967452265,360.72155526014603,0,255.02955010065503,635.8909831202018,309.7458034091802,502.07399297024097,0,0,0,3
735,1475,1404,341,492,414,2648,669,5388,1841,1526,1241,1554,1298,1440,602,920,1344,473,395,1579,862,546,310,1386,527,674,230,1231,1248,854,1256,237,455,1817,1897,372,546,133,655,238,1933,344,1368,563,2292,944,3400,365,1293,879,1894,1629,1473,14,488,602,1613,717,620,180,838,104,1661,1720,428,443,1427,1548,316,1172,163,768,248,238,314,1332,1194,1381,2480,3855,513.8224286430891,155.10274251301678,379.8636653240678,255.88326014798267,0,1113.652357648537,1553.6125068415788,510.0602223967265,1184.5255804563644,339.0270064401092,686.3008506096504,0,82.11146733443216,421.35759692901695,139.8923883809107,0,4,3
2979,1915,1666,249,1199,207,1087,1096,206,1261,703,746,411,133,1356,1875,1049,176,386,512,30,264,191,36,524,800,122,908,88,1137,1451,930,692,1718,1029,162,1514,1810,4944,1046,2081,501,1073,1337,159,900,1860,773,561,577,76,865,1169,269,461,813,165,21,1260,2075,580,282,367,489,464,1786,1356,52,110,804,579,1122,770,484,3823,4315,1136,1083,665,230,399,673.12275582986,0,144.76584606065904,792.1492035975753,176.7535335951222,1983.628224920434,0,314.0203334986201,1121.8773933221967,345.8442802769937,261.9512568070535,0,481.47356715977816,270.4207676125582,770.2837083010323,0,1,3
1096,30,88,152,852,410,730,1142,924,1109,1091,1159,592,242,566,393,891,1543,43,790,221,118,13,628,63,1314,5712,4008,4602,1438,2778,1022,656,914,1473,1496,457,546,1241,2087,708,83,1118,1084,838,1777,319,146,910,1170,197,639,922,720,495,93,868,1556,750,267,16,456,1058,976,2359,703,4728,1877,1622,1849,414,1028,488,1478,652,170,939,2277,1119,418,127,358.41884450678793,566.2693589535106,280.3814497150563,933.7801851144814,0,577.1089520185941,1969.5001830807043,626.0570680866501,1614.0506938726583,0,104.25429716018151,1041.2292628084517,255.51031667900213,562.6978560804267,0,0,0,3
618,16,724,524,325,701,905,1086,1391,1358,940,561,200,153,183,640,104,44,395,1124,95,4032,1334,1461,1031,858,410,542,1322,1017,452,417,746,624,334,841,1097,729,671,961,744,219,416,120,833,838,516,451,1077,1578,647,5362,1969,1247,260,573,881,1103,337,1639,2174,616,922,88,71,1596,1931,598,42,588,1232,755,302,8,988,371,1046,822,337,505,416,382.60883178162015,476.0523222663654,366.25131416547424,634.4919394846474,0,387.93049667167685,1465.5546050048965,156.0799601390578,526.1482386765921,369.4923154873982,320.8802123909289,512.6164993583296,44.79498951118849,0,567.6583068188944,8,0,3
313,954,274,398,922,964,1425,305,4315,573,1723,865,1070,306,974,808,2536,1755,101,274,1703,694,1442,938,1136,991,527,311,671,565,609,874,834,602,885,1907,1521,138,318,369,193,835,988,908,3446,5328,1508,2925,1327,1688,187,412,791,1164,366,1806,975,870,148,934,224,840,643,2000,1354,176,101,1225,652,932,1522,483,187,1196,1148,93,554,252,1404,705,433,277.49675960094305,549.9774726119723,235.82864432745274,907.1094443263337,0,1013.7653204760953,1899.4590162330562,894.612364710816,267.015684404959,0,519.3159337103295,379.51790413445246,447.22679031204063,259.1744133257561,0,0,0,3
640,3895,3071,3518,2707,549,406,111,228,997,870,352,359,115,216,1396,1059,288,768,1593,614,1195,373,874,15,1571,714,341,431,1495,1356,66,68,1297,1792,442,1180,90,459,1866,4006,2064,3102,431,51,430,130,600,1805,498,2190,2554,592,111,1130,1389,1011,568,764,553,181,222,806,92,1080,2146,1485,3248,2103,850,963,1189,1620,440,1488,1401,702,849,587,83,577,704.7780992371293,328.12400534723344,515.9946743183223,462.0083394355489,0,1128.6570344100335,939.065109986607,655.0283314842794,1301.4203514736514,598.7568970687762,84.38616012101309,778.3083272343188,413.0041273336402,571.8709085097428,589.5435585086194,0,12,3
549,1397,757,207,1195,1224,36,568,35,323,1312,1740,754,894,662,840,595,328,243,1523,1455,2807,3926,4987,562,865,182,201,767,1353,337,1635,1348,409,215,1300,151,1473,1286,704,1152,1360,1058,225,436,636,281,1041,1283,613,871,362,749,286,545,1340,1126,1688,2432,2931,4151,2749,105,684,680,147,874,187,1288,1574,978,457,345,195,1341,1774,183,431,716,1082,684,431.96675497478003,549.1503154924022,180.19834718310437,1071.8485238986261,0,940.9949588069003,1761.2836670690895,229.4507093167189,582.4911253691597,0,564.2974595556359,462.98503528503664,340.43055903333493,664.1104136171643,0,0,0,3
528,137,138,1181,309,900,1317,500,187,1467,314,2322,1578,4392,967,2306,314,815,1585,3178,1299,160,603,821,268,815,659,764,90,422,63,156,623,1098,943,1125,867,1209,1395,193,741,382,18,177,141,714,685,969,2168,1182,4360,450,3069,274,829,1346,2701,755,864,489,761,670,749,206,1525,1728,596,84,151,285,295,1387,1152,1096,1022,577,89,119,176,99,821,971.5517219967592,0,134.9309522899614,1067.4695109688091,606.6345892018448,1498.8924900015752,0,998.5054202643979,795.3615436956356,185.70528866544208,287.94898800414774,0,330.51938374617663,377.72567057730834,234.10356178233803,1,0,3
1213,784,1406,872,2997,1100,4297,505,1498,2407,1225,1563,1443,545,388,869,1051,563,2399,1389,82,971,1969,248,1240,200,802,99,1593,1763,782,84,911,1724,381,140,385,787,187,1649,1338,313,2858,228,5367,789,1718,285,357,711,175,674,2346,2197,876,1674,744,356,1129,1438,979,305,235,40,387,1028,609,1286,1573,487,6058,2507,1393,403,365,1346,1999,1419,243,1120,732,337.07747655600247,435.7597723165503,0,510.1198577152187,1713.532227805653,1062.9473637249423,1205.1054019062658,1164.655437536767,342.0816570538486,791.7882004389845,225.23068683065569,537.3428649163969,437.30992058974226,0,321.01669976739703,0,11,3
1669,423,931,1101,1481,101,171,934,1696,760,1236,681,48,1086,2495,1372,248,26,361,513,95,372,1035,1774,1358,950,1906,4945,1161,2442,432,68,1336,1315,928,1768,455,788,78,1410,25,2023,1478,137,716,1714,746,25,6,570,228,338,654,10,905,206,981,398,41,896,1613,924,1188,1960,287,6306,1030,2362,1787,1847,1123,1689,938,2611,1478,73,495,513,563,2402,1383,136.0964138250564,913.2470102349816,211.8469462492396,1134.0792130759187,0,479.6058407692717,2559.4216144039674,396.77100189233437,320.14399831621176,0,283.177797612617,290.44817914729396,156.3261322091132,208.1171611265453,0,0,0,3
911,1065,226,61,1436,1624,263,792,155,685,443,1820,1640,329,6,1248,275,883,1254,2437,4992,475,1076,189,1582,2229,239,990,432,80,464,557,209,612,899,378,717,1724,1726,337,237,1112,377,1019,1545,225,810,558,19,196,1147,298,1348,653,5448,2244,153,723,668,622,298,146,639,1542,650,17,654,865,519,676,621,214,865,961,669,594,1123,992,427,446,596,232.33336167592628,287.0794296396955,202.03577785845658,544.686671716149,0,687.4314098953128,1022.3301820042891,586.4099850054854,1180.4833550522646,604.453774911779,275.1058226809577,0,668.0154086288507,170.64920058372363,792.0466212058654,4,0,3
501,98,706,1007,720,464,150,209,181,1286,1049,4802,529,1993,789,1,289,768,549,1014,1675,1067,583,1300,1237,214,218,269,650,914,967,408,1001,1857,1019,351,610,602,2579,1533,5091,2598,739,528,1088,658,11,56,624,720,1115,1987,62,802,737,1153,269,448,968,1802,1119,26,275,747,144,1564,1772,348,513,1322,828,371,655,18,295,915,218,3292,5618,552,2112,402.75586223238,359.1665460254862,476.3153070034286,701.2011929402402,0,1454.6255659756853,875.9524509974568,703.3834281082776,334.49333602723465,704.4439672871401,756.0019541353304,549.5708520258744,602.7292354116082,0,430.5124504381894,8,0,3
718,463,819,48,1063,195,812,518,135,1181,1986,905,4,161,943,184,790,1000,290,319,243,269,206,119,776,1701,1031,1025,1920,1353,4736,2223,2003,2032,416,1772,175,912,1132,2283,543,1268,294,14,1169,1999,956,80,456,801,363,340,737,468,553,146,656,1208,1029,766,857,1084,164,42,75,2829,4151,1927,2290,707,1086,877,622,1291,1640,223,1718,1551,243,490,925,335.731481782114,79.84337875003736,0,915.8855011430585,479.65758953407624,1214.1212724490842,1064.6378178318425,0,1493.9476466856725,511.71639113654373,707.8766825342879,399.49466038115565,275.3059057707493,0,883.2491701477961,0,2,3
409,881,596,940,1060,1321,606,62,87,137,1127,1587,555,246,505,14,326,899,4,822,5262,5540,2232,1648,1277,273,624,1385,1781,158,1088,632,1044,492,421,214,636,587,1808,1185,774,801,900,622,458,154,496,260,441,299,831,175,331,164,315,1644,757,2660,4954,1307,2732,1503,1598,935,1677,910,2394,1015,349,483,2341,926,1243,650,644,417,1746,942,180,323,1108,691.436778847332,0,446.72567526197764,882.7758403301104,863.8326545801183,1366.373231316805,0,1176.8344884273577,1158.7348231013132,465.88334696213,492.7734864496374,0,592.9463828915249,372.1306416421751,511.61655537807405,1,0,3
460,1418,952,45,208,407,112,942,617,132,3189,2411,4004,2715,951,1868,242,973,574,412,1876,2777,1151,156,484,532,592,576,1047,1125,381,440,292,41,1415,1735,1391,624,924,1824,802,605,358,572,100,927,107,352,3412,4417,1849,2287,432,180,985,440,343,1075,1081,107,360,126,406,1640,1470,804,879,937,604,389,585,211,1220,784,656,243,196,1965,2762,2983,3903,194.30255646406093,306.05550418462025,151.68699719088667,951.0595364986664,567.9422587443596,1480.8579929452962,867.2968861508226,0,212.06065205049433,1270.092444296721,597.1199883942886,868.074408836242,107.44976132734527,406.5243273483428,636.3571487785449,0,9,3
1514,948,365,129,511,1155,379,1419,1817,451,369,1404,1069,464,1283,895,418,703,1416,714,418,753,969,339,198,129,294,365,349,1261,885,902,1197,1649,1540,3105,2144,1867,209,935,1474,1376,256,559,1301,2366,664,1271,6,944,507,1855,678,1010,1089,1592,379,301,1314,1633,527,566,100,341,228,989,994,230,225,575,372,2738,3788,3358,3742,71,341,1132,1194,130,95,603.8707182284968,0,179.10154394342484,808.9451890735589,332.30596221973957,1854.8427140184795,0,908.2427436663056,152.66326884515857,486.4532897080287,685.9970585850677,0,418.36277956258095,474.31019068565666,244.719933338506,0,1,3
1140,1705,362,1393,231,1596,631,753,158,1359,567,1258,1799,432,247,1911,2232,51,894,524,566,479,910,73,1514,1130,246,2129,860,4479,1487,3830,1107,781,1286,1289,384,1558,667,1002,1323,353,723,1659,962,568,667,18,727,1302,994,466,965,1039,94,270,758,681,493,630,125,334,1410,1461,1582,2557,4231,2576,2804,46,1234,1845,1285,231,915,416,1928,1980,2,447,258,614.7600017160817,0,55.99096168842162,822.1586066783135,274.6059504085219,1924.8079506193426,0,781.2414032416325,1306.292302041505,483.3499300986454,662.5355661276164,0,249.67590995974862,177.22358750887773,730.2172719413097,0,1,3
211,1470,1099,293,401,860,1455,619,364,878,995,773,593,653,230,327,1218,718,572,266,535,134,3143,2802,3920,2254,1373,940,588,110,122,196,751,1583,1127,803,1091,1299,924,737,747,428,590,66,2,1533,1604,1960,4122,3088,226,983,1959,1223,1073,1196,598,2207,750,1250,308,350,1165,2037,895,35,439,1307,383,1220,496,281,425,1585,1285,110,272,230,987,878,671,56.67567023355445,539.2970093856698,237.57663622101836,304.73940124551046,1535.9928896598728,384.65731770895036,1334.8444464200295,310.94255104731974,0,219.13999592138472,828.4401732226064,277.3558737995088,573.0319610579447,457.6309463043092,358.206091540304,13,0,3
1388,1402,1033,530,1947,2670,3377,2511,425,606,501,403,1704,1477,117,1038,608,45,1116,1576,227,98,1077,873,532,206,822,272,304,1320,1386,701,806,925,393,369,62,517,3744,776,6526,931,3034,292,272,2191,2750,455,3049,1367,587,262,1430,305,1872,537,1775,1156,449,206,1843,1657,466,549,508,163,861,1375,777,31,164,561,576,942,299,1106,2278,123,2669,2014,3449,577.5684106215527,363.115407657765,554.2862796319366,1172.2930335869323,0,642.8401920163792,2377.105373103278,725.2487531487413,726.7222878623115,139.23398236277671,529.2297233938496,0,255.41826451629075,520.2406058564243,625.0967382788444,4,0,3
600,557,111,795,553,1784,115,1983,1587,449,117,1185,452,1352,1531,236,284,1290,1815,489,34,530,782,31,720,289,923,720,148,498,352,404,900,1432,2649,2246,5116,2223,1505,1283,1529,471,1763,286,1982,2499,1056,237,1035,1300,925,1489,346,877,330,1025,605,308,328,1687,1703,343,304,1527,1278,84,867,520,143,400,77,633,1608,617,3861,103,2367,413,343,143,584,519.076380958861,646.8173181417196,651.6386393029236,504.5572285849002,0,701.4985673542036,2215.8842661767208,399.0224615012878,585.4767021502724,0,88.78051521237012,401.616929899867,123.7838385916276,642.369576817747,0,0,0,3
1174,2804,1299,874,191,1356,146,1412,371,1689,1733,130,189,1522,1433,280,562,101,264,461,1004,671,275,698,372,120,535,7,2715,140,7149,2633,1499,921,1163,889,1843,498,1243,1118,55,35,1260,936,181,467,1320,81,1085,1000,360,355,1535,1205,129,746,885,164,217,626,1348,750,1160,688,131,1889,127,5281,1649,1847,461,1342,897,1559,579,2016,2286,755,208,1286,445,727.8781373528914,0,399.31114474932394,1351.893555626668,566.2822371290567,1022.3035389230786,0,1711.9851922108005,1506.6105666381072,485.99265205532583,491.887456810754,0,463.21925026493835,185.41510665023978,665.4671675985282,0,1,3
897,1514,628,171,726,980,392,1047,706,99,790,1595,1283,483,852,3917,1611,5839,3190,296,1750,1841,19,1726,683,1660,2120,121,1587,19,542,807,1056,219,680,368,1502,1600,725,987,1195,450,782,1198,514,385,402,515,59,526,27,19,577,197,3177,4985,640,590,393,439,233,55,913,621,379,330,115,858,304,109,37,15,1357,1996,724,373,739,962,332,211,653,538.3789959252812,487.9428984312183,535.8153533433393,752.0411161886686,0,823.6711312775265,1360.651785044527,920.67888082443,836.6046318768754,0,196.638301036082,588.2866212912235,118.19071221016682,777.0037562901831,0,0,0,3
601,328,677,372,134,273,621,1121,964,1210,2309,733,6370,1994,2634,700,553,548,1240,102,1484,1647,42,1536,747,603,1797,1028,1012,111,571,1380,1152,349,65,255,625,179,3120,2441,4102,1795,917,737,301,434,1127,1234,758,528,534,999,579,232,647,644,1337,1320,962,1004,440,253,1054,487,282,290,442,176,2043,1018,6702,764,2352,1087,1882,353,994,1197,2454,936,973,145.3852361864956,858.340349597242,726.7248060162699,1400.757841049211,379.77391392236746,346.89630388276515,1822.4264817298465,600.6548597200119,979.3632469272688,306.98054684198166,184.48779968294866,791.4882099095124,281.1055792878056,0,367.91450869990393,10,7,3
450,1199,267,1163,10,1846,988,772,791,149,326,1884,2118,1319,271,22,1106,30,590,56,1131,1228,4,456,1290,2211,6850,913,2893,1199,243,1930,1935,598,1442,147,548,941,1573,537,1880,1016,400,1233,1406,201,217,548,1157,801,1650,528,367,623,619,565,79,7,1405,2039,327,310,1881,1277,6414,269,1664,1711,1064,960,1477,496,1656,1637,929,521,1227,91,1569,837,20,530.5139195802892,742.8397651165878,165.99333551018847,1564.5823608176868,0,91.5187958836872,1911.9121036828253,712.202086147313,1418.1635337981159,0,215.53382953117713,380.00980470249516,356.3656327479551,651.8727413695541,0,0,0,3
846,1051,175,434,1174,1664,621,188,449,1111,523,1034,637,322,934,1081,1119,608,1544,2474,1141,5459,454,1300,478,778,818,1083,2100,1002,518,664,434,83,607,288,1257,454,348,126,506,1447,1748,877,1230,1505,496,251,692,19,340,71,201,929,2308,777,2881,1249,5375,1723,1385,14,179,110,780,127,1049,1137,381,1277,385,1370,371,476,1674,1311,137,584,213,55,430,562.273469427048,0,180.08104167929636,1001.6648745037355,833.5916458084672,644.7656969793399,0,1047.7830125028943,1078.952590036374,512.5234466104121,468.51335225746124,0,691.6748597597197,234.6876315613259,899.247648110509,1,0,3
323,816,653,377,291,753,1195,423,580,177,980,3245,441,4494,751,1495,626,278,299,1072,454,832,101,1952,2087,680,129,992,374,644,529,492,342,591,1250,1334,835,796,893,298,321,207,227,1474,2320,5035,1978,3527,556,1099,1678,720,1425,2241,1050,233,96,1368,4,1426,163,1590,287,588,370,1694,1612,200,315,1617,1110,1105,1708,204,182,149,92,296,1176,821,94,157.08567705530095,614.4152124892194,320.2329612706679,616.0122795007693,1144.8414749434771,1326.8684087910754,0,1314.0657138357706,416.30702782989846,529.7914581417256,76.09307505179508,559.7019475987089,574.1248016706774,0,547.972984524516,5,0,3
903,2536,1906,5421,2591,1823,123,1754,846,1271,760,1378,1462,633,1157,1304,2218,620,115,970,910,729,1354,702,125,857,1104,78,823,986,406,483,1040,845,118,351,68,223,3545,4112,3007,3372,105,554,1053,696,1133,1993,984,42,858,2143,1103,530,1101,287,853,363,547,581,725,1390,911,285,1069,1743,887,396,323,284,86,1221,514,923,2489,1613,5166,1364,3292,664,306,654.2838817330413,358.5746263630693,669.4057584519394,0,235.79812243466012,969.8056185549914,2096.656199454208,1318.8581606014031,1096.633151039812,0,737.3413810607451,1017.2172009668758,746.2561595830292,895.5435568834812,464.79472438151083,2,1,3
633,4,1607,2857,1313,868,173,1472,148,1091,388,1903,807,756,190,1181,107,2198,1238,445,1299,1941,1179,888,1004,252,776,216,502,1261,1540,26,3267,113,5206,515,2175,1266,1722,1648,1764,112,1912,1164,778,1636,147,190,2224,1779,442,609,1053,719,1172,1631,8,434,1119,1986,275,1035,705,1954,896,20,711,1835,691,491,3039,793,4979,357,2827,369,1297,413,356,613,1973,215.29227169348746,969.3991979594568,245.95419248197086,248.37128602185146,0,608.1834961588485,2719.1409631685697,499.50686379672027,891.7616323875071,0,65.58906645007764,562.4027128174702,176.98237693145884,785.3595770920319,0,0,0,3
884,1395,1838,152,347,1485,1028,38,215,531,616,252,382,1175,596,173,201,61,186,671,1534,1029,117,506,1175,471,1176,1496,2516,6127,875,1242,307,453,1320,364,791,1546,173,1169,757,488,187,152,496,836,492,1570,687,256,1085,1840,1007,18,224,507,1595,716,700,621,100,465,641,627,446,3996,4165,1602,1389,829,283,277,352,1019,1401,271,656,336,1568,640,312,325.57187968287286,0,104.19372113535219,659.5245219359632,115.79914504102136,1768.9532829507746,0,228.12403562952892,1086.7524921340962,409.7024432434376,727.7272999794839,0,521.1030469551463,547.9206023093078,809.1010139808868,0,1,3
978,562,1151,1620,572,424,1089,1483,515,163,772,514,180,275,922,1221,183,665,647,93,472,624,4299,4567,3002,2701,86,954,947,534,2214,2172,1223,632,855,1619,217,1132,48,776,538,934,120,179,709,1273,1217,901,754,1386,1018,376,38,442,378,1296,1040,207,295,444,2516,2539,3318,1198,1379,162,155,933,2466,1830,258,414,208,635,436,859,283,1266,443,696,479,198.96773202592902,671.3176587038907,280.59076717422585,781.7067746951562,0,225.91871325766706,1827.1738708197172,191.82288321880333,829.045950913317,0,205.53257610213933,682.2814772873996,376.56576565780693,683.0929170287957,0,0,0,3
898,279,483,144,670,656,12,273,715,893,1843,2007,5774,1926,4986,629,556,1663,2476,266,1741,138,1341,627,873,443,2146,961,632,270,1056,217,1478,1190,123,944,1850,1209,415,658,922,1078,119,184,1263,2085,40,552,364,2468,727,5282,591,1680,437,381,537,1357,99,1456,797,196,1117,2040,922,206,447,1195,9,1204,101,1277,284,1599,1037,26,467,1543,1713,445,44,686.0465508881474,388.9920158712575,719.7134691492582,1060.7767470188887,0,1772.8046155738652,1909.6252108090885,586.4961457022499,1064.5856762929313,0,170.69014797900397,550.6051486033524,119.50031099036227,698.0909461114175,0,0,0,3
890,1085,120,1209,11,969,3209,1013,4798,1346,2299,2052,847,566,242,232,1837,2906,1009,723,351,561,607,204,1004,880,277,340,527,1823,1652,120,101,468,273,356,863,551,1731,1146,2093,245,6582,2616,2733,1483,393,145,1654,531,1593,1231,27,308,893,587,848,1285,611,617,1371,1393,635,202,684,191,488,431,186,780,536,209,129,237,800,2051,1051,760,2982,3703,4277,248.59311151299815,561.4876192496544,391.39280776711,747.8515041246536,926.5211223575191,2048.901037542902,0,555.2186570094544,1133.3141597384229,303.8293065360154,703.314262716992,682.1088830020063,820.8567932744129,0,737.4294491369245,5,0,3
4671,35,989,11,460,587,900,1030,2636,2072,266,9,41,661,1157,581,15,373,397,346,253,1032,1205,654,354,965,1344,457,75,134,123,50,1035,251,700,3534,1985,4472,1372,2346,988,64,699,19,257,2067,2219,438,377,577,25,770,90,1248,51,835,1746,1471,27,388,319,424,346,826,897,1691,4056,2405,3362,406,2349,1240,38,697,381,609,808,917,881,2064,2,535.8363529692925,312.1939723621123,701.8709119818536,0,520.0287852759647,615.7991129762245,1526.5915093674098,466.4892759377074,1621.8783609212664,135.08927601556863,0,605.8276381343879,543.2851785162675,214.90776533680918,701.2749264262619,0,7,3
