1983,2323,67,2131,1836,699,605,496,18,1078,932,1118,1390,347,658,690,888,2161,2387,1943,25,1160,962,88,2277,2270,3392,1416,1033,439,313,2052,3802,721,2187,1126,598,2240,1559,1055,1630,253,462,60,65,348,189,1103,1324,624,109,612,1679,2330,1153,865,1511,1411,1098,180,1814,1797,1052,1937,78,1451,1744,2438,2280,499,1663,3353,1824,1523,2508,699,1601,1498,119,481,702,862.305229573686,627.9710135658648,740.7585355858123,1146.1705816072404,0,929.4788889479955,1372.1765843080634,585.0418083310956,417.68434614002126,0,311.9059740586603,203.3435490698696,260.7568834687012,148.79215986050522,0,0,0,3
821,193,1821,1937,992,1350,1724,1513,626,9,705,972,328,34,7,179,498,1195,1364,1167,1239,1600,1550,1554,1152,48,458,142,948,254,591,4140,3281,174,1095,3466,3518,238,1366,418,20,574,1467,1301,123,946,630,582,1663,1914,1068,199,1391,2484,1877,403,805,1234,944,493,706,1483,1353,151,1655,1846,2249,1569,137,2176,2235,1007,652,742,2179,2488,437,2527,294,532,1368,669.8164507002405,117.8534012891913,604.7973137399316,147.70124256691756,0,1075.478215725451,170.68761680721212,1097.5741681965474,300.0614741698848,0,945.7933376851565,382.8573119813041,108.73015945994132,227.70799712529026,0,0,0,3
2297,240,1669,611,1119,2417,962,1732,2222,873,120,259,401,625,79,1523,1575,2,1052,1492,1682,1189,269,1591,2254,1615,271,169,909,1820,497,910,804,658,631,345,427,1729,113,2023,5481,1380,3167,535,104,2129,2463,945,3739,2829,320,47,1256,1145,353,1766,1999,1324,878,1350,1706,432,652,342,201,213,474,137,619,2167,2081,1061,1320,1825,1331,461,1262,1112,906,279,983,207.3143151141531,874.8406044340326,376.11947833233756,1161.169856099298,0,373.9802300924475,814.7546382674999,991.3571653018558,1174.2585212505946,0,455.5053213748101,288.1815649805708,192.2159277560885,387.00121385953287,0,0,0,3
523,1438,2876,1641,1371,257,2281,2691,684,319,1373,2026,483,1414,1538,389,191,2,293,1361,1826,1581,1460,719,242,871,1656,1608,1108,807,639,120,1227,1662,1583,1450,1291,1026,1562,1081,790,1160,385,3688,477,270,1851,787,1029,2502,1933,1360,2288,2790,1247,909,847,225,207,1155,1710,789,558,987,234,437,1136,1075,416,891,2022,1641,701,1358,1811,909,171,867,1729,1876,1518,522.2304441894543,511.95660848721604,387.9871335583797,775.7463556025622,0,369.4164655236689,1200.658717105117,320.33914232718496,1070.323031493369,0,775.0211374916605,86.6778368736206,220.03376063434177,234.99884908587356,0,0,0,3
1531,1980,2328,72,2381,723,1813,305,1811,1204,824,495,1380,930,1140,2019,1043,518,1086,1684,1387,529,329,1061,1333,1143,476,465,379,837,1526,1293,674,495,289,503,746,679,1275,1214,272,364,1939,1467,3771,709,1573,1391,3128,3172,1107,197,956,2156,871,1109,1011,33,122,322,104,825,1770,2016,1143,714,741,184,1364,2207,1841,1018,632,416,765,1811,2214,2471,1415,727,798,334.5632629498244,0,526.3446074315256,317.6564632545049,845.3370430651283,36.25114920872893,0,1566.4705100196359,300.2593624002038,1100.4054821952345,275.908240240681,0,470.90505554613924,349.1277558574721,366.7937084687344,1,0,3
103,1614,191,899,2622,1627,1391,1436,768,955,2462,1176,413,714,2310,2616,812,1078,929,349,709,1628,1646,594,802,1191,239,248,217,711,1762,2745,2158,852,602,698,25,929,1710,1328,77,454,560,1690,2875,140,1037,1404,1984,2133,247,594,1281,744,890,2109,1277,93,48,285,1571,2178,2123,1588,631,297,382,117,1463,1461,756,243,52,54,525,1714,2175,1279,316,207,8,429.60597984339876,213.30098966843977,343.03286876414177,170.51350424079467,0,686.7525991942076,123.06709284966433,1296.867905596872,385.7822408408563,0,820.8952552359266,419.9771057684688,453.25851877257185,9.019448816309177,0,0,0,3
332,1739,1088,665,2110,60,795,461,1382,639,209,1472,2465,1347,858,278,1962,2097,83,878,211,122,217,844,497,1080,1985,1266,1237,2181,2154,678,911,1159,1020,537,898,1179,32,886,863,848,1248,108,2153,3883,306,470,1833,262,435,710,290,340,2049,1831,97,572,507,594,1331,2671,2426,1090,492,803,563,613,792,336,920,339,28,535,1130,1638,571,939,756,741,1255,366.09866255824943,336.7294527152263,398.33841503385923,278.2651881995916,0,605.7665495056657,313.36699167210026,1331.397208485539,360.3014384143067,0,579.9138065317696,324.90136682005664,616.700547386043,303.51551271247854,0,0,0,3
2228,1869,670,469,250,1671,3066,740,1312,2278,1404,885,437,502,213,207,576,652,127,467,37,29,713,1495,1351,2169,1881,1388,1688,1505,360,479,1035,1266,715,250,607,698,1425,2946,1563,889,563,414,1291,104,1236,2837,1233,303,701,829,219,509,1881,2453,1370,712,2162,2252,1512,511,38,915,1573,1162,442,1086,309,70,289,1019,1153,363,1353,1423,1326,1069,654,902,2201,503.24149425437645,264.4099612829557,352.0277563110169,266.7425919545434,0,402.8772828045781,458.65786329122403,190.61637307392763,547.981687768868,0,428.2787243929356,246.1207390659915,239.7135423626754,326.669734688032,0,0,0,3
1268,366,130,42,1844,980,542,1385,1633,3535,1679,2972,149,244,2755,483,161,117,150,288,158,443,229,278,307,1028,357,1973,1534,742,524,330,1899,1906,597,134,346,34,857,1322,854,193,766,930,1105,2135,3221,2240,1395,991,317,512,1169,629,4275,729,1686,1897,2319,822,863,67,1237,488,1591,2672,1606,812,1183,953,292,1179,798,354,230,692,1662,2326,2301,1552,720,377.8813582105017,862.7147485615023,240.7028134172072,767.2533094956311,0,495.9998639112717,519.3698224792776,1081.8951298158297,578.6952249884298,0,618.1986462142659,157.11300235138026,195.91263244438503,229.25865998669616,0,0,0,3
343,687,1419,1617,1042,387,549,453,1359,1977,1986,3062,1367,1400,2089,2389,293,1426,1333,1170,1065,1393,1793,7,2534,2396,1017,834,1169,1200,503,828,1695,1004,808,1338,1303,382,269,983,1314,993,801,362,492,1391,2045,2365,2349,933,1184,1278,4274,412,389,2864,1857,351,1184,740,2087,680,1356,1604,676,889,2138,1815,192,996,1192,383,498,700,1317,2172,2055,1116,39,892,1281,363.80825649354506,284.2216422495264,573.5876524687428,367.9748515045745,0,821.0954542560811,478.97773948158357,1350.477982903192,663.0916204825951,0,1181.8401856963799,512.4424804003265,175.8692730518535,76.95300574265849,0,0,0,3
802,1196,1814,966,278,997,823,1227,1570,2041,945,305,1661,935,1299,98,1061,1467,1442,172,1069,601,861,1738,2636,2007,329,356,131,782,1506,783,343,31,819,80,1232,1773,2286,2230,1430,959,927,70,1295,1196,945,244,2101,1516,3230,197,1576,675,1234,1774,751,221,372,1474,2083,1352,456,170,535,735,882,899,313,1284,1910,1844,2050,2457,1446,83,624,1205,730,508,856,298.55908730169796,401.2750984090059,0,569.4799400142994,416.711882889629,505.5444002511998,186.6809552666523,0,779.4944504963173,720.5584840169541,417.5207708949963,342.02604233881516,502.4730013154291,0,213.98903503032955,2,0,3
355,1194,2142,1415,1699,1769,2015,556,668,3598,227,1546,674,982,296,2485,2700,449,638,423,591,1619,2600,2079,867,104,158,87,486,956,571,411,1007,470,567,1244,1426,1597,917,289,1003,1048,1239,2158,1575,384,942,444,168,4577,1899,330,2147,2215,1335,162,62,1147,1036,384,792,351,38,713,1787,1747,593,615,920,1387,1854,2485,2017,781,251,1276,1274,1055,1179,1181,690,363.9587506658677,547.3625299209323,0,578.0817371955238,640.6193996870525,704.0063161948518,800.423129925256,0,867.7798747765403,634.5164500487086,278.6166771420521,150.84734651453383,382.646704409456,0,58.01204864467707,0,2,3
848,1154,1236,1002,2542,2653,2085,1386,1068,201,918,1872,852,636,652,2329,1790,80,1016,1029,1072,1318,1779,1133,393,1013,360,239,443,443,1020,1593,1680,1068,536,1081,701,984,1736,1438,703,797,913,16,1397,167,2035,5507,580,195,3285,1185,999,1990,1131,82,411,938,42,1607,1186,89,691,1527,1316,486,410,1259,1250,1690,2210,1885,729,86,621,1149,522,109,8,727,1855,311.05320568960616,534.7331984887713,333.6179534540562,867.3562670026633,0,333.57636681875414,1114.9423923525835,487.86743517721544,1097.8922752647368,0,247.10628367158247,326.99734532175967,171.05681461085635,166.0133372236417,0,0,0,3
2554,2165,2195,1373,832,911,1774,1466,26,1957,609,20,319,1408,1675,539,351,636,562,1243,2130,1291,69,832,1226,1177,696,774,688,500,1607,1385,1658,1498,934,1123,1202,231,513,237,413,1436,1532,1839,1619,3539,2731,3395,603,2453,646,2582,1634,1028,1551,30,645,791,2255,1754,622,503,1087,742,380,1181,1844,1388,880,953,1125,279,577,735,954,80,975,736,1073,2487,3278,523.4727362998509,244.9469854570045,758.3819106453218,283.4088217031069,0,1089.0889277281265,363.0783774404267,1235.5039467493293,443.08513948440213,0,915.7295522032439,206.81256686696702,309.209440260072,99.83986090151092,0,0,0,3
1686,710,232,354,1161,395,1357,2476,1118,923,444,1217,1663,16,1666,1061,757,1314,1678,1051,207,834,1137,883,526,36,584,1386,2293,2851,2108,1087,266,504,635,710,971,1061,297,632,761,1138,1527,1644,1144,3660,4631,538,92,1854,110,1325,2338,1507,41,133,652,360,1686,1397,1026,1718,2187,1574,580,157,21,319,647,143,323,315,381,817,1552,1793,1131,275,950,1434,296,564.3589006650975,90.93264556916637,555.2365330505571,84.90761175877537,0,930.3948247921417,255.73778497045657,886.3623702370941,153.61761323164143,0,853.5093751386056,148.85955834848008,373.9928804564311,170.17131684643243,0,0,0,3
1147,989,1045,1146,313,1632,1426,2443,807,887,225,483,666,499,154,1020,167,3,153,405,68,1347,2255,1501,69,663,1064,1654,2466,2264,1226,35,157,81,475,867,702,259,1155,1252,1343,1826,2197,2072,1514,175,911,2419,289,1484,1615,418,367,2630,2015,466,1476,1378,1315,2004,2223,951,415,202,518,152,1005,845,19,578,885,938,1500,2363,2110,947,99,160,203,911,1550,404.15498525623116,232.3032721315344,418.41788482714105,58.48930745978319,0,660.1920213089522,155.86057641313045,1265.124572919582,301.9721838868788,0,180.4545110300912,217.3639690074731,289.02144973901096,222.0511686405766,0,0,0,3
1774,1069,5,637,929,2067,880,118,2884,1759,577,165,357,931,898,12,933,1821,1278,327,21,573,698,818,1624,1734,1705,1668,1082,146,722,954,64,524,105,329,1390,2082,1939,1472,1145,1190,916,206,1735,1053,1788,185,1298,314,462,222,382,490,866,1552,2503,2897,1908,234,950,928,94,110,741,466,1056,1919,1381,1515,1638,1441,1168,21,1534,1780,697,729,1136,212,426,399.0230901132282,171.1337674101713,202.43311614913333,302.1748257102184,0,145.54086195979465,430.96243069847606,400.7031116321401,608.7635258917684,0,389.52268810293754,862.7441597895346,289.4682954790456,461.29271984079287,0,0,0,3
1396,2399,2669,1862,3049,2204,682,846,202,955,1063,444,783,404,1109,122,1150,1255,512,525,1626,2312,1942,608,361,296,377,1234,1084,128,580,928,1016,850,1106,1448,421,732,866,867,1305,956,450,1006,1205,2067,961,98,1205,1740,1839,371,1197,2551,2517,988,809,663,477,759,749,115,402,894,1380,1777,2029,1452,599,154,691,903,1206,1843,1353,294,723,217,640,1726,2459,411.2678589996759,88.58770342665618,174.76544294750823,257.38167035277974,0,297.2738215854198,525.6380680317855,731.2798563311644,697.4833376057289,0,229.35139934549667,480.73765109310534,178.30323395644828,200.66094158579324,0,0,0,3
2295,2096,769,892,75,1820,118,168,407,100,317,385,641,691,650,390,1219,1972,1519,824,839,820,102,553,609,167,62,163,75,920,1713,1842,1161,681,1087,847,458,1448,1530,1309,1084,265,285,1562,2,1140,3061,2336,71,972,2323,3034,1102,669,89,243,692,1497,881,111,884,815,860,1670,2161,1846,1244,577,574,988,775,571,794,735,307,992,1274,1455,1739,2697,2262,306.71304718565483,104.30387141087124,407.73742928329375,256.24879127207197,0,657.2099303114645,723.1181226064438,481.9369201127551,455.9999550790016,0,516.8863119900403,159.23732314820134,332.3009425305414,89.14028162189881,0,0,0,3
1468,400,106,21,1735,1181,3781,659,2290,620,1908,925,1737,2978,1783,716,1393,1817,351,679,824,945,629,34,239,251,631,650,584,118,1059,2232,2003,1703,1876,1275,396,608,1740,1586,610,268,111,1134,26,578,3846,1556,941,623,853,2672,831,977,1150,383,2,229,46,451,968,1333,1600,1555,1651,871,568,1104,1443,1119,148,285,132,459,1040,946,899,790,270,291,274,294.16639162602877,218.43781010545973,466.2406507147028,447.08260364453463,0,898.8618692546703,629.1070999964683,937.3260728137286,234.81388362817754,0,1019.9271952467102,336.57825003723957,358.0100916561999,293.02921949819336,0,0,0,3
344,1651,1290,1422,61,1851,635,628,1552,1605,1166,887,1175,2046,2083,1296,260,34,225,810,887,741,255,649,1350,1058,1336,1663,1606,1279,906,348,1079,487,1050,1754,1055,346,291,1544,1949,738,663,245,3243,4902,842,519,1304,255,143,1108,347,258,70,865,1363,383,183,1030,276,1958,2597,500,1013,1115,1622,1545,467,917,841,411,974,211,307,391,1480,1566,131,975,1331,293.5218393121144,163.40448234190205,631.9396332150715,715.9453163394357,0,603.6125951303535,80.57397647703138,591.9629534042001,127.00867436027313,0,1035.327877909053,312.06591256518226,625.63974852348,300.6964889180471,0,0,0,3
1461,1392,660,14,1243,977,402,141,29,2327,684,1465,441,683,1957,2168,862,553,237,759,1044,524,6,885,823,528,368,1747,1542,216,1236,1690,1613,1117,115,1087,1768,2020,1031,658,1472,1103,839,116,846,1336,1183,212,1863,1818,1324,2228,4258,1715,918,902,517,382,114,194,231,86,571,1839,1934,1135,450,348,316,163,1414,1282,390,54,450,628,237,1390,1504,540,512,379.1463009138874,263.32744447258204,393.040856154787,430.4100600866908,258.7180974240722,549.2447909526161,0,446.43094891922885,74.35645525378624,506.05100280657234,286.3574754612582,324.830800994058,239.52530472292713,0,7.174854994441595,0,5,3
1137,257,281,923,1154,613,1057,973,1379,3665,1628,173,1206,1694,1265,945,1615,614,409,509,171,782,904,92,1184,1833,1550,235,1016,1691,2176,1064,79,24,510,1351,901,83,317,597,394,80,963,2212,2565,1089,1317,1693,1509,620,1578,2251,2184,1329,1661,91,1211,1019,3066,1242,1401,1144,720,2077,2447,123,1624,496,252,813,518,278,619,218,701,400,418,877,284,1602,1633,143.19477246889886,642.6179481450484,466.33611643685236,920.3201392520238,0,1279.350613592693,402.17473664098856,789.9363904548693,451.50638439785337,0,171.9550290977986,153.33348955421113,413.30291746655826,278.66973029240654,0,0,0,3
1626,1970,1661,1293,549,790,1272,970,741,1377,173,895,2353,1353,681,1240,293,343,1619,1069,56,267,226,103,816,1037,911,1009,752,545,9,1411,2836,2430,1578,931,378,200,195,1094,1120,134,414,252,956,1569,2358,2865,2282,1310,1401,678,1430,1948,488,1986,364,242,595,391,382,1196,2266,2072,1501,1551,1345,434,702,846,605,203,349,312,799,1259,1540,1684,1710,884,355,355.68655444662494,213.60341486196373,384.13739963310456,149.39703212353464,0,636.7467569607246,232.34309714187808,621.2965997723865,337.29429559981736,0,653.3658938577435,124.56395276364816,405.646605913291,215.58676918013845,0,0,0,3
116,618,1625,1582,1192,610,183,1504,1215,2686,1841,1229,2342,2340,112,142,647,1785,1180,269,628,805,744,727,246,774,1516,1774,1663,1526,1328,724,630,1588,1454,789,713,464,46,505,1689,1795,848,559,293,212,911,728,2948,2595,2031,74,1086,694,527,1390,1497,1336,1552,1800,1879,937,399,254,1183,1482,400,232,103,450,1083,1445,701,191,215,14,588,1664,2093,1389,314,484.86374842268356,263.5954540902172,294.3521756855019,394.9074251068663,0,132.20791390835876,727.7868557033695,556.9986693145707,525.5928434297025,0,453.6745850669124,488.36250752473444,305.47332318166104,391.3909144407659,0,0,0,3
434,1014,332,1394,1797,1559,2254,862,751,3932,213,1438,755,675,148,1160,750,154,232,323,670,1245,1536,1061,1002,1517,1342,167,774,775,991,1465,1622,1430,10,1240,1284,1299,1744,1869,1331,190,538,577,447,538,146,2287,2892,2968,1643,1716,298,2047,2337,674,185,1685,2189,1434,325,91,52,767,1663,759,687,769,1046,1480,1161,245,663,1330,1304,1077,1805,2090,1002,90,166,823.961536584247,139.9888737452881,714.8246074481699,250.5925149021342,0,862.3370135857558,586.1384465649952,1032.2011225146607,459.08318078097267,0,789.9263668445707,155.1882119416652,258.9273038694733,108.86180503807435,0,0,0,3
269,1189,1515,1857,1425,1029,1197,1852,1949,656,2763,521,226,380,602,621,440,1014,1435,1314,1132,903,290,468,879,981,1609,1403,875,932,810,176,123,652,1597,1298,88,502,737,1472,2299,2275,2377,1030,1192,69,3228,330,11,2501,1747,683,103,733,1610,717,293,323,229,396,1930,2079,522,911,1137,1147,687,270,427,1472,2551,2139,1784,1720,650,285,13,769,1268,892,210,389.88843963137475,462.79077297810727,309.98024176706275,621.3449177957168,0,150.02748081601584,835.5531522669398,216.26881337730458,643.6159546428671,0,558.5968348984296,363.80381057054126,102.47639553374925,311.84975760728656,0,0,0,3
478,51,135,583,782,1115,5560,306,1460,2396,2784,812,2332,2800,404,122,1122,1454,290,2009,1820,1256,1040,1468,1462,693,250,623,114,121,546,747,162,474,1251,1880,1938,2062,2575,2368,476,215,2489,4010,1461,281,1895,259,1424,1596,121,442,580,465,557,1165,1574,1607,934,131,581,612,984,737,191,1197,1490,1940,2154,2257,1777,209,622,983,901,1039,1402,845,30,1140,685,227.94460355262737,704.2552114463464,191.21132017914738,962.4761418319066,0,361.90685265686807,1329.736695972454,496.39081669720366,931.2255686671353,0,1006.2417068541863,220.4593365677548,540.3522606362495,29.529858304413313,0,0,0,3
879,510,1641,2679,2058,388,576,1407,1812,394,1128,1228,1889,2272,1520,438,32,433,1150,1447,1482,842,501,564,729,126,298,583,688,728,949,752,724,170,1474,1765,1874,1461,2261,940,3229,1732,554,2726,1290,208,518,2207,2820,1324,220,216,497,200,1526,1358,18,546,388,832,873,1288,1680,1181,209,745,862,1587,1773,1668,1074,35,1086,1746,1314,2019,2043,1896,249,2203,4837,530.1242714554581,537.2973125524913,272.1806055279267,846.2637437439257,0,229.23256749423717,914.2652637436439,436.9942009032675,753.1595781701111,0,269.4926274321291,283.02657695409124,280.59537101812083,130.98863311436352,0,0,0,3
1751,1761,2877,1598,1275,2563,744,979,86,661,273,2107,2720,1474,285,273,219,1292,1789,1988,1195,237,176,572,356,894,38,586,956,1181,1395,1982,2539,2597,1278,1315,930,2517,1288,375,2267,788,710,2058,547,475,1550,3360,2598,730,228,809,661,908,1466,746,489,1194,697,843,1459,1661,1016,88,745,1305,908,1261,1871,1111,173,700,1318,2556,2091,3213,1917,1369,1927,1938,621,237.2125545517016,107.4826601027907,281.3436241467993,398.8210215968361,0,329.2789129294495,838.2117419935163,465.9088950810569,1602.0210942127078,0,346.8591214124985,720.0809882942768,598.2187921528644,428.3366804004176,0,0,0,3
867,63,1340,695,606,834,381,513,731,419,811,1699,1987,1231,339,79,103,1073,2141,2120,864,84,660,863,902,2060,2202,860,40,172,364,1083,445,2394,1839,3573,385,1909,1171,1589,968,666,1480,2257,2194,1726,663,257,117,970,1414,387,534,521,916,1337,1612,1223,358,106,186,97,1139,1708,1466,751,536,767,192,923,1670,1755,2525,237,81,5453,2501,584,751,1235,1035,985.1925386436147,163.8170752362687,877.992598683828,132.5309062376488,0,813.0376528796191,131.86646230330587,1054.153060185664,286.7024557438883,0,655.9871779104409,304.8424282765613,375.98043466996273,292.8768780315988,0,0,0,3
1370,2091,904,418,130,380,889,1688,1517,1168,1293,1607,1038,427,37,750,1025,829,1063,352,851,1373,1536,1945,2246,1953,967,98,596,482,1725,441,2249,1032,970,897,884,810,584,75,2183,3003,2321,1042,1182,1342,118,1278,1171,553,312,961,567,1134,1970,1482,286,387,865,1141,776,1254,1867,1138,54,362,196,1214,1716,2688,1815,1881,3221,219,400,1837,182,870,1635,535,144,359.6026329151324,111.19433818970151,595.4305703815502,261.81803702727024,0,561.517252628982,490.0742225400146,458.7014871679727,621.5442251870019,0,541.7456716224366,77.28073160621365,268.00028818260415,80.86892106465714,0,0,0,3
701,638,601,2004,2313,1538,848,1170,1168,608,34,867,983,438,477,1040,516,494,1118,1949,2133,1335,1187,1427,514,1278,1247,901,888,988,2232,28,1142,50,104,11,1596,1779,1024,1290,1820,1448,544,272,349,290,629,1057,406,499,1224,1178,1510,2358,2682,1291,357,684,1103,728,634,1019,890,222,1415,735,566,891,1917,45,1185,3514,1600,1266,839,1342,1008,1359,2882,1262,504,235.42780156015124,297.57720250084554,647.0363773436975,439.83333826229176,0,834.8618044323265,637.3599518284668,913.6421204243396,375.42526351826723,0,262.29679566653846,480.64048111530246,279.6058232150008,265.68204136544387,0,0,0,3
1501,1911,126,1692,1642,1046,704,1256,1144,440,215,193,169,163,300,343,361,806,1150,1823,2325,2426,2060,1754,595,513,1490,3527,816,630,389,90,64,1270,1177,980,997,214,14,950,1263,767,121,646,796,514,900,753,398,1696,1854,2009,2184,2038,1340,96,863,1289,1011,1108,1493,705,119,1605,772,2365,3221,1429,2231,258,1802,1951,177,1126,170,35,1175,2348,1333,733,976,440.73490737661325,393.1104860592465,243.80605106170998,711.4606512861187,0,563.3614825314205,1254.3264369261258,880.3241889755978,245.89561307438368,0,242.3422250862724,476.17249369935735,85.59291102596866,359.5966792064092,0,0,0,3
533,1254,2409,2108,1067,543,1050,88,95,1484,1125,441,754,827,516,827,1594,1268,97,1491,1309,2733,1682,1602,1041,547,1386,1639,2004,279,98,1422,1646,111,1662,1486,611,318,896,1206,140,1109,962,370,342,345,722,1152,1778,2103,1244,300,780,160,737,850,1358,1304,862,787,1064,1497,3175,1481,142,735,940,1583,619,430,323,515,989,753,2,235,1150,1143,254,1801,1857,450.1436198339591,292.66598100586424,73.8131173404438,622.2418750387681,0,576.6110235678815,361.0643840222102,471.70328215062545,785.7755195233041,0,910.0899339820768,579.0605202481419,401.6447854071321,272.5163634490488,0,0,0,3
1600,1802,2368,1784,399,460,924,700,468,327,158,1082,2104,1808,2337,1787,2543,1662,1414,823,736,979,956,452,555,563,1995,1057,904,1652,824,909,1882,2453,1685,58,744,390,76,393,570,217,415,638,245,543,1152,1422,1448,1220,814,341,973,1168,476,2214,4342,3760,117,1037,1878,2065,657,843,470,768,467,211,516,352,136,64,754,1321,1151,1182,1032,132,982,1365,1979,347.3337462939446,543.4664648949846,264.00739456420933,748.9142435255083,0,409.50853776203496,950.8865634913035,707.8171801663684,247.6989966745951,0,669.5848360613409,447.2158672968421,376.9432903289059,435.0203202772093,0,0,0,3
2116,1960,1469,76,878,1397,1511,1272,1102,516,533,1846,1224,2348,2960,998,74,1449,27,1044,1585,127,572,985,2223,1913,180,971,409,145,1578,2878,1851,459,538,567,173,186,710,306,773,1135,1198,1334,1312,1217,1554,1895,911,292,387,1070,981,5198,1141,90,1883,1606,1612,150,771,539,734,232,350,311,224,189,716,1631,1642,777,373,249,951,1251,1779,2692,2212,1490,1113,502.52571364404685,356.1199252140624,343.1615691984313,561.7710319352403,0,427.4110492254499,791.6007021146321,342.55332390953185,892.0896846979482,0,797.937409831988,352.381441616707,295.94492422799027,248.37594336752488,0,0,0,3
106,623,818,1292,1968,956,883,879,748,798,3616,5003,194,937,573,113,639,2108,1295,73,573,1111,390,542,5,381,706,2047,1963,985,876,546,14,817,1163,666,125,204,117,1249,2045,1377,917,965,567,239,461,124,916,1772,424,1979,3339,3057,475,1144,1248,1475,746,587,719,883,961,518,396,855,794,1322,1904,1663,504,221,645,940,1498,1648,2078,1528,311,56,151,488.0832839869887,148.80829264318174,672.940587388522,177.67452202663512,0,1112.6443962470669,346.56165054899617,993.4487945898171,111.83097111531181,0,876.4467757583387,250.44370101258778,407.56065271175777,61.27997115189541,0,0,0,3
715,1491,2018,1951,1349,33,49,1180,835,846,2357,1531,1463,860,45,918,617,2717,1997,933,896,1182,938,9,1204,1750,1187,650,527,138,291,773,1002,636,127,801,862,1586,2439,2281,1609,522,212,861,680,1418,377,337,3779,205,942,1800,1655,756,1476,1224,377,579,1673,1035,458,1480,1450,1107,627,617,105,1063,2055,2259,2105,1586,1396,938,54,701,839,521,902,1030,404,218.39511572323383,0,430.75049987070184,499.20507373421214,714.978569776595,604.9613280539061,0,709.6176458994405,569.5442624650816,741.5927535616254,504.7685101692184,0,201.7019392566251,190.18670104099758,106.16024264665435,1,0,3
80,760,602,505,4152,1318,85,1319,1429,896,1274,2023,1426,1035,1203,1413,273,1303,1314,1156,1397,1406,1147,1096,213,136,62,116,303,227,24,174,1273,1892,1630,1496,2108,2084,466,275,1725,581,71,2544,259,1060,700,327,506,1023,73,448,653,1702,164,625,120,167,778,1317,1071,441,790,874,833,2106,3238,2077,772,509,369,989,1150,1412,1495,990,258,1745,1013,2929,3329,507.0630432722132,0,399.25615707170647,550.5265726322122,595.6673359058066,772.1151185657085,0,660.3013557439027,380.30114770261457,484.69277390899344,227.3466294334181,0,253.95121029798278,194.92732985187695,259.36440037098635,0,1,3
1959,2659,990,1776,2058,1352,2942,421,2210,1798,399,986,2467,2118,141,1230,1128,927,764,1208,930,709,63,830,917,752,738,1368,1001,554,56,1216,998,1319,226,2299,2706,3711,1686,1876,938,3387,3250,384,551,1701,2300,149,1695,542,856,92,1181,600,898,1179,463,173,411,792,60,1931,2450,1625,1503,1900,1481,127,1305,1419,1733,416,2242,2434,2695,1369,312,870,1010,1722,378,503.0917444506614,660.0289244933356,502.8541734764942,1157.5654567778845,0,548.8088237264412,1738.1931815525809,779.1776780624051,1305.6587806793268,0,682.2633663431817,528.8922836413125,402.42288403203696,310.845759017641,0,0,0,3
114,234,265,473,849,920,778,1966,1425,1041,93,1621,2706,1817,298,826,806,97,127,655,1361,1089,186,1191,1617,2512,1521,1030,1813,306,2363,3631,1694,2451,49,1535,245,1964,245,3024,2552,101,717,308,1556,2258,686,987,1224,652,304,582,76,436,108,820,927,279,109,679,1499,1347,1716,457,1146,1350,1543,1401,543,1230,822,1855,1113,3919,1133,1102,2739,67,1590,2039,249,354.0227349601937,758.7883758202075,646.1638910905854,1064.7261969199565,0,1113.0135758381386,927.076488070668,502.19161721314697,450.01057082299707,0,303.91833368648236,189.22900040475054,145.09433862344255,299.5397804499875,0,0,0,3
612,1761,546,1292,1854,951,259,25,108,158,959,1061,262,956,1356,2042,2241,2175,2082,994,339,1116,984,1314,646,574,774,1615,2397,2619,1001,2512,2570,2086,939,2405,170,1091,790,522,79,1852,1602,1155,2641,1428,13,177,85,1847,2808,838,959,994,175,136,190,258,1011,307,1530,1951,1120,831,636,826,1664,1509,1815,106,498,91,2359,645,394,705,1886,1859,1073,2137,1888,502.66951976097766,192.31810751559738,586.3786273506043,157.4606028776093,0,1013.8432447868853,639.0027854415428,1024.4377451463183,135.44080210758906,0,578.5200500509393,407.27933855484,307.64736950257605,310.4848717518729,0,0,0,3
965,2080,1341,1080,2480,1312,458,536,350,363,814,445,1610,1274,182,784,1197,1597,2052,1247,701,1830,1342,37,262,392,849,1137,440,1123,1518,2237,1778,1306,1222,499,2700,2929,2867,1491,1071,1258,2178,460,2820,1836,114,66,568,686,18,1176,2002,1537,1203,1157,1234,574,203,1046,1435,1351,931,516,382,716,1777,2173,1830,967,1047,744,1602,3895,2420,3076,19,732,2458,3280,1876,275.69762654777554,975.5086583882696,448.4321933619449,903.3457570998685,0,849.6984479802231,813.4527023512724,1397.607205931855,894.4645101914257,0,1164.5829109493143,117.54400437657215,339.8232898102136,156.6570087509857,0,0,0,3
431,80,107,476,1567,2267,1482,727,260,443,535,371,774,55,1585,2306,1690,1671,1665,1176,978,273,1233,1016,543,746,748,371,828,2303,952,294,3959,2167,872,1180,708,1105,556,1496,903,645,147,22,901,1831,1358,1254,1317,1622,1351,303,1215,458,320,1362,1220,157,581,1505,2079,1754,2067,2671,1975,118,630,1279,3046,1037,946,48,14,78,1452,883,578,541,952,2344,1866,435.9731207623517,4.461444157855739,282.914881368212,286.3045885223409,0,822.6918773149521,91.99363746084498,768.0297705472027,523.3362706773246,0,373.0474177125687,342.729050869571,419.9513660214991,190.88687987477095,0,0,0,3
1183,1218,1476,878,235,1058,904,30,173,447,707,1450,2416,2256,1293,487,511,107,464,498,954,821,236,1318,1839,2390,3690,604,2143,921,2400,2376,689,155,656,515,1027,2095,1073,141,132,723,59,1243,1927,1991,1281,1281,1686,1507,252,660,512,363,434,962,581,237,992,1813,1599,2228,1040,1786,4206,155,1922,310,335,479,2472,2620,892,231,2,205,809,972,1049,1378,1162,410.5393590963998,622.0728637709066,300.9734462112427,912.0248806893002,0,336.6612318043169,1048.4122620346286,422.5250513007786,1263.8643704166013,0,452.10935247121654,281.2964959360283,171.5561749799657,375.13797177537356,0,0,0,3
235,290,126,450,1075,956,153,870,644,1044,2029,2513,2036,1045,57,118,957,66,2329,4260,830,65,1935,704,292,478,42,21,281,471,1005,910,376,1624,1444,418,102,583,1703,2597,2485,2292,1373,480,103,812,1068,780,257,2,325,1405,1563,1915,2401,2335,197,1779,4579,1307,2002,1015,174,1782,3406,1357,1243,1121,281,1293,2868,2521,769,259,540,826,392,994,128,689,40,186.24754518569048,727.3894126292328,0,157.56596257675017,903.3369956170515,604.040430214504,1275.1869436781844,0,414.5367384424111,646.6301037627427,444.64362286405685,400.98753778236687,78.17248137026989,0,266.3240694329823,2,0,3
275,358,1421,2260,1738,720,654,1357,352,1573,1279,903,790,495,880,561,970,3124,344,1428,1005,1270,619,5,812,1772,789,653,1045,287,10,888,1296,381,1331,1563,1435,2021,2826,1853,357,552,929,584,597,859,738,667,1509,958,1204,1278,2154,350,1263,3640,1263,1595,18,1413,1581,1398,3453,1996,61,136,486,900,2712,2647,1257,371,285,79,185,622,403,72,447,603,728,332.2623566119888,701.3414622197232,81.90888417513872,828.2732546930222,0,349.1475225459863,1086.8649030711138,1098.9134497084237,839.6193348812897,0,391.17522721190056,335.0084951330424,297.56922422923157,160.68629779601633,0,0,0,3
1318,1441,1818,1922,1346,449,375,548,976,1386,1809,169,2198,1361,93,1877,773,1280,895,1064,732,513,404,1506,411,1199,1422,262,472,198,70,878,2065,2378,1585,1186,1467,931,133,1643,1410,807,459,331,250,1599,2343,2609,2134,1526,1245,2654,995,2728,467,1203,1115,1526,1126,222,22,1421,914,1242,1807,945,1111,2064,2159,1080,600,1073,300,86,449,128,888,1491,1311,1206,1252,278.4100610485146,149.20087301667755,553.2873113755612,87.33138510378421,0,893.8962873286812,272.28414755088056,1214.6987049656234,559.2928744557379,0,356.06945249493316,283.6650297147858,322.5971890904608,225.8867464280637,0,0,0,3
1305,1656,1218,344,230,13,340,819,984,2559,668,795,3735,927,2244,513,414,483,1667,2226,251,1470,538,412,591,1822,1411,557,143,39,162,1358,2849,2297,1165,1132,1094,172,822,1353,1546,839,262,211,1231,1957,3233,1732,386,762,139,807,410,167,47,1011,1405,698,298,455,692,81,1960,2416,1512,992,1283,918,15,893,819,77,672,175,461,1847,2219,1402,793,926,451,77.6394647310057,407.871642930252,415.1391167730953,411.6151498445904,0,656.3062185443622,472.97400660168046,1270.3664901224747,634.9296386232926,0,136.73117058599232,152.76071425232303,225.8317794387541,248.1030637718207,0,0,0,3
191,250,779,913,205,1317,808,3300,1584,1312,1810,149,1903,2297,674,112,1425,1536,636,2363,1497,115,21,933,385,1345,1803,1717,1280,1343,1655,1533,150,790,212,117,679,1127,761,595,150,1179,1288,2201,1158,392,2937,779,1179,584,38,500,569,1985,1956,1055,161,117,219,250,1399,2172,1650,796,411,999,475,691,1223,544,137,641,753,1055,2403,3174,2342,825,102,162,816,324.91837583135833,404.92961594886515,383.1709754338044,747.7281312243267,0,501.89302894142696,1034.692696919955,862.1736424090025,785.5313347606202,0,790.0883451526356,108.79545158880163,235.17325657217648,128.23875764816475,0,0,0,3
836,1381,757,676,2636,917,1341,1099,600,881,2459,1086,57,1475,2332,945,1119,1871,978,156,404,331,1252,2120,2476,1757,878,305,57,851,1632,1549,1028,394,186,717,1666,2032,1906,1935,2383,86,644,1784,399,1095,332,456,115,731,551,650,1156,1730,1797,1813,1839,1381,373,363,278,483,485,315,238,323,46,311,1005,1971,1964,1311,961,1255,587,694,814,1171,1191,561,449,513.8362884713825,267.8226446727571,381.3713752466486,582.051258611379,0,333.86346011505964,846.1199929079593,442.191553660227,518.0443480642062,0,435.1452410678022,214.34157089565133,102.35584363303684,162.51252080886047,0,0,0,3
1914,2043,2839,1121,237,734,35,1404,864,497,596,407,160,653,773,153,1423,1382,117,1256,1142,1350,2384,2696,1449,282,431,584,526,1082,1184,280,643,959,1331,1999,1779,1506,817,2072,1950,1183,1005,1265,318,493,2376,479,1178,2093,2473,2172,2129,1552,526,328,113,825,911,853,655,538,1075,115,1669,1589,429,834,2161,1021,3,1246,278,447,3028,1455,1493,1542,1035,2290,1535,133.35504488120688,0,148.08380074959166,412.03066179755757,445.4192231113886,1057.3853353689346,269.02573420306277,472.4076992509214,0,82.26791446275308,678.2058831573667,528.3318188098118,402.9528653899827,326.8981805125404,141.60488426196247,0,6,3
565,203,470,645,151,144,65,166,1196,2611,2185,1334,1675,1934,777,740,1147,1382,805,554,786,236,1615,2645,1430,1611,862,1438,2886,472,179,1124,329,194,1566,1803,1147,1196,808,34,825,1606,1966,2303,2038,1242,144,209,423,489,516,149,460,973,1251,1239,1431,1390,1528,1371,317,286,416,217,1058,134,562,2062,847,639,907,1809,765,888,1241,1913,1500,948,1635,159,670,256.84410835591456,251.49376263702467,183.5709181836513,140.2177406482792,0,307.95925055110786,107.30791050297806,685.8171787449797,681.8114867998828,0,237.7104764965267,541.808501452909,312.97232687582164,323.18795049888695,0,0,0,3
155,556,287,731,1513,1129,1377,2242,2273,987,129,324,380,707,1487,1458,512,837,1296,1276,2149,1219,3075,4748,387,855,1326,781,306,1743,1267,592,714,431,268,1074,1428,1115,1275,1833,1902,1544,514,349,320,890,1169,431,505,653,777,1528,1560,1641,1350,402,199,105,148,1083,656,1439,381,3074,1702,910,2164,942,872,835,1723,2208,994,572,672,430,772,1564,655,85,203,435.72073911284224,103.75993770150856,559.4051700324961,133.8378227221662,0,840.4325701684819,330.4912285774405,1129.2516496550725,453.9590040925254,0,691.8936894627627,168.85230588005197,351.0357703875302,86.47466002392089,0,0,0,3
741,1683,1722,1818,1445,798,756,503,827,1418,656,757,1026,315,284,1109,1983,2639,1627,4000,4850,1476,598,2554,284,2439,2356,505,1864,73,1338,109,2083,1707,569,832,2082,2302,1083,317,549,13,734,1070,1016,704,367,1378,1522,1213,2375,2987,1674,667,75,570,561,1016,2264,3329,4167,1175,3831,912,1533,1581,682,828,1790,2739,1245,297,489,1399,91,1565,1345,7,647,1039,1458,909.6115906388327,507.98909904921305,720.8548458281293,708.3736685635618,0,1188.098743791946,1302.933587211487,1636.3943578728502,1238.224205393526,0,289.2287431423795,232.36292772485996,49.641667381974514,194.2420284660593,0,0,0,3
2217,2207,1321,366,82,153,798,1311,1303,329,424,168,871,1406,2722,1636,160,2868,1810,1129,1142,257,149,239,1614,1439,249,289,747,1585,1900,1714,1065,442,265,65,1010,2231,1834,1183,752,658,404,619,1344,1436,511,246,683,1229,1722,2983,2412,1013,1310,643,3459,2810,3501,743,476,1765,3510,1298,1378,185,992,7,1682,1509,279,146,215,132,965,2079,1656,95,408,235,890,367.8787854772467,301.803797815607,586.3131472806169,603.7738327801791,0,989.3963058350279,579.1340250031012,1527.9034556336037,831.387154455982,0,100.57150801776392,122.95729798727396,411.194422470621,223.72449811432944,0,0,0,3
2116,2448,2235,1208,74,22,1,880,1387,1586,168,2530,4869,67,148,2644,1330,868,1913,641,459,342,1436,722,1387,2169,1004,470,1406,1741,570,586,1596,1551,1549,1495,1808,972,298,426,856,1099,1101,1014,795,84,1689,1548,1990,537,2386,4891,2111,3115,956,537,2002,4063,2098,326,494,1472,635,1299,1700,507,498,931,758,12,176,446,456,465,722,457,636,1280,1235,2260,2905,477.68463425209643,536.5690188324969,557.285581502975,814.139203396439,0,1017.2056785626003,1172.063845740564,1241.5952574972623,1156.1256541770542,0,154.46677430290498,442.7069585760973,158.7431965622179,89.20071266864029,0,0,0,3
1872,608,97,921,1616,154,2344,4692,1129,905,1991,1238,833,2527,952,560,319,1593,1177,410,455,371,165,1275,939,352,1082,1600,1918,2607,2187,899,182,855,765,907,858,666,626,1663,1341,1849,1954,1710,1629,3463,1,3658,3216,2437,2702,1494,668,1371,736,1816,673,2821,2123,168,520,2127,1712,198,981,700,645,319,171,152,766,1121,998,1365,1786,1397,587,457,704,625,1612,832.0822948300022,243.02960766961857,878.4325083854376,215.80915262709206,0,1609.9083025129103,96.14691437558317,1867.8908105347568,438.42896198923427,0,572.2499263409574,15.733180722896334,164.9819297744083,432.02476137064525,0,0,0,3
1527,969,1377,1682,1090,889,2494,1545,1243,1221,1720,1926,683,200,289,2,608,763,322,180,677,757,1291,1954,1606,29,587,561,1147,2172,2391,1702,440,860,1194,1135,1851,2150,1706,459,874,552,1251,1232,209,187,708,868,179,148,90,290,159,792,2369,2432,1266,422,228,195,876,1604,1253,185,245,296,44,863,1273,1058,827,585,337,432,805,2210,1531,1165,270,1417,3726,231.51111729753353,214.96624876132364,179.86106947210413,296.7546388737357,0,396.0530330650177,409.5884687087344,820.1580617410654,495.4267327558233,0,427.6122736051949,352.12840699656226,308.46742252753825,64.62717109089904,0,0,0,3
1295,3183,835,632,2077,3115,2133,436,160,157,328,1222,1461,737,234,101,600,744,315,186,161,461,903,1660,2636,2144,1169,1798,1286,309,1228,1315,1700,1325,14,521,1543,2754,183,2765,2585,429,283,1060,1428,549,1817,219,1132,446,903,1040,529,1892,2074,1685,1722,1721,1074,382,1474,1313,729,643,385,340,1308,2277,2526,2119,1558,914,725,1442,644,2264,1062,697,1140,384,248,95.5733653425414,475.5945314049348,289.50263684432906,532.1448686422526,0,651.3905318624152,819.035296305126,713.9528018333601,316.44669951859476,0,785.7832929046299,158.59040074549202,256.8585170207041,104.17626889373884,0,0,0,3
487,271,1260,1891,1873,2083,2353,1270,252,991,793,444,310,68,93,913,1070,850,837,836,774,206,65,545,1087,1586,1386,292,591,411,143,2346,2091,2741,322,1935,331,0,549,1726,1190,788,352,292,456,490,1196,1883,459,573,1261,1476,1692,1356,404,2401,2114,1069,635,286,1644,1405,107,1055,1813,1205,28,1138,2230,2437,1777,37,131,2013,3802,1369,1667,1020,119,1067,427,242.65653569807938,524.899612097879,202.93438270570053,963.0429725477209,0,750.9396130848339,786.2731441483309,216.94040168226636,685.9686456414784,0,151.96687990718632,363.8878827878221,87.24005344261026,296.6962479136729,0,0,0,3
1968,1403,137,402,683,439,2115,2269,455,560,512,1303,2135,932,841,1286,204,628,558,198,224,770,1951,1624,635,362,1196,1716,1436,956,43,1267,870,43,1001,1835,1204,4624,1852,318,2122,1899,897,689,1278,731,1589,2091,783,1058,1722,553,402,1217,1038,422,1261,1573,1594,1529,1985,2501,1231,481,721,1237,777,223,481,1204,2353,2133,3135,1273,544,3217,1149,667,88,173,1043,235.49112206336983,509.72704642075917,437.3572893213609,559.7093295021713,0,632.3488356911871,1337.3801640646277,542.9922354409683,291.94797323975956,0,121.87728088405316,532.6951335938486,60.38903152098964,239.90635068395724,0,0,0,3
477,814,794,1389,376,1041,1933,1619,918,157,1516,2116,1330,352,1102,682,1085,1016,143,1117,365,927,1183,268,445,204,1663,2660,1183,662,1603,1339,1779,2131,2412,2381,1078,347,2892,1410,177,217,1463,505,1566,1382,451,860,1187,814,2314,830,748,765,246,474,891,992,1192,0,1498,2245,1685,1137,297,557,717,986,596,235,946,626,147,873,12,1643,1929,3218,1671,930,613,418.4753404335028,857.5141845620087,469.0978779637628,852.4446997500731,0,656.8108727023327,709.7322883199425,255.5396845358414,562.3827148410551,0,258.9656467621948,312.68910533553793,216.67831809428026,378.89872601877676,0,0,0,3
2460,3090,680,1059,592,430,1211,1664,1331,474,290,245,421,1572,2080,1830,1527,1740,874,46,295,659,460,525,455,109,1292,2347,2033,2221,2375,2464,186,420,2748,1501,960,359,358,369,474,160,371,489,1747,1982,1351,815,591,542,398,84,673,324,103,114,1020,1861,1634,1386,1421,681,34,484,1351,1690,743,137,749,280,11,971,3884,1756,793,1186,1707,2764,1036,60,326,444.2925543887559,234.99151684305735,377.495683269257,411.9839517491632,0,467.95992616889754,720.1354153108796,518.2027674158711,643.5773500287006,0,262.258072074243,428.95043493600656,310.92903037315995,137.35697461770295,0,0,0,3
156,137,875,998,436,182,682,1226,1700,1920,1814,570,436,1061,1190,1092,1123,1510,732,828,797,355,885,1463,1688,1248,627,981,101,1694,3248,1177,311,1950,286,1179,1571,440,673,2527,2594,1211,398,519,267,107,808,1503,853,33,340,90,75,604,1066,688,200,446,1228,1331,1923,2689,1972,1046,156,663,3372,3089,1114,776,1102,133,86,405,812,1376,504,544,690,696,1137,74.33873174339031,504.73688427286555,194.4296125549095,508.61926789669536,0,454.6907135625271,588.0866026321706,728.4285978517593,18.983663689252104,0,857.4001391458162,243.49175223202008,126.62617344865185,140.60640200257262,0,0,0,3
675,326,891,1113,1735,1763,699,75,788,1096,1682,2130,1989,994,161,408,642,1131,2098,2524,1326,1242,171,3346,4614,2970,2278,2176,904,2068,2566,389,2217,850,168,587,1615,1771,1417,950,730,32,1050,1064,725,521,1217,987,209,667,828,67,90,458,735,450,2322,2438,2149,1429,2381,1040,3058,1562,340,1177,57,438,334,216,49,537,857,1304,1315,1362,1333,454,878,823,187,498.82250648590036,683.645990700036,416.03141864085404,951.7730326437825,0,296.63908205089905,1401.5014661893829,954.4207641085943,851.8262136832266,0,671.1674302718204,470.47884989361404,524.8038525069073,249.667729778428,0,0,0,3
154,421,599,1214,1927,2275,1422,763,874,319,1089,1252,1341,1088,210,1092,709,1639,1611,3824,3882,2331,109,3441,573,1548,766,1298,1245,551,1271,542,522,662,614,1320,1882,1453,853,47,1467,1649,1377,1481,1280,338,22,458,1455,1023,516,694,323,136,668,916,3268,581,2383,2380,1417,1323,431,565,754,1742,2094,1088,606,281,265,1548,2547,1815,382,340,199,294,612,969,106,164.7226580815181,737.9907185540978,214.58913063606622,984.4170091731205,0,416.5620301947838,1163.0941029995815,507.4064793895763,862.361444194873,0,688.2755409776495,78.21217423404111,300.68630905450755,80.6308828444734,0,0,0,3
465,415,333,730,1488,1969,1709,781,965,1338,93,797,1411,1885,2467,72,2344,6850,1843,4516,2080,2977,1061,3379,693,2455,1438,869,972,995,2098,956,456,1162,1082,219,1285,2121,1556,1318,1752,1540,232,1367,1176,912,905,1324,541,1306,1831,1504,959,2694,275,3969,1209,2988,1146,1541,613,1309,574,3066,3091,607,1195,833,563,1768,2616,2407,531,1335,921,471,198,423,70,1004,1557,512.5379801631528,1094.482505211637,407.52247584608847,1455.1753651179006,0,365.1366901586309,1993.3242443750094,1130.7521826131244,1950.650767487523,0,77.99156951864938,791.3761152526845,204.7644061023143,37.40360333582469,0,0,0,3
1451,1053,1106,2137,1944,590,191,24,128,1091,740,3553,3958,3528,1957,2440,121,3468,3803,163,1703,30,1036,73,1320,1088,7,143,453,480,627,1327,1292,1423,2285,2043,1299,663,142,326,676,975,1711,1200,40,158,1193,609,168,4666,1267,1088,105,586,1158,1129,2466,925,2,514,1096,762,24,552,994,1205,1407,1826,2111,665,376,648,535,341,72,176,370,1530,1975,1506,1418,421.54929638962324,493.56748797164073,703.6646402910518,396.0858125103353,0,1173.5116925280295,475.3939311053973,1618.235909302312,960.7578106819234,0,1230.7560170828867,462.42746628347714,218.55463694877199,137.03017555555766,0,0,0,3
1480,1119,494,542,335,327,1848,1736,1964,1088,1938,260,97,74,116,594,1136,148,389,1520,1193,632,2038,1519,561,798,1444,788,445,1017,818,761,1124,1896,1362,91,259,269,484,1636,2034,1953,2830,782,1509,4520,397,835,848,488,424,1688,873,434,93,204,31,1299,2329,1614,944,1607,2036,985,362,732,211,383,987,1072,108,1309,1395,1190,1156,1643,1389,125,1024,1346,1207,287.84999231004616,534.0424305794048,342.672644284021,485.8872078798789,0,643.3378680755549,359.22950518171274,1116.60078335508,495.66073458630035,0,388.2535247247299,237.457814665536,242.87937242610624,192.77678603539778,0,0,0,3
1235,457,1306,1640,2840,875,168,1446,1087,1536,1566,1832,1853,466,368,641,294,105,754,761,573,1492,1133,1255,1490,1384,720,397,1417,1075,417,932,1333,710,379,993,956,1232,1578,3413,1407,659,2801,1328,18,814,226,569,111,1251,878,252,579,363,1375,2396,2305,1269,475,109,169,52,1371,1150,547,605,651,20,870,1403,2236,1964,1105,793,235,364,1561,1397,2349,378,3523,163.7731215345692,372.6259944156394,47.934067073429624,393.5375571681704,0,285.2785305626766,714.5101995094382,699.8189153996644,206.33028841436064,0,397.9032359284953,270.1165019919862,235.21514392412342,270.29469332005516,0,0,0,3
1301,711,2064,1216,641,202,941,1741,1319,1138,1375,1065,295,1077,694,392,157,166,910,1578,1919,1197,857,1017,273,780,1435,882,1003,681,120,102,758,1255,2536,75,1859,3172,3024,695,1591,1912,1459,123,934,890,880,1004,754,714,2210,2063,1033,921,1196,399,907,2003,1797,1421,1134,1253,631,713,833,661,829,1076,805,506,72,2019,948,2676,4016,979,301,519,1173,1288,1809,135.29310253231088,729.1058792971583,292.4433509680265,692.2090861377027,0,558.7611743849066,659.6377429722255,738.0053698194454,117.65737096039356,0,264.0714486024517,384.06345297876544,305.93025068577276,387.77812704693207,0,0,0,3
