1759,1196,382,91,231,100,2029,1317,5675,359,2133,256,4226,1169,4185,816,2596,130,3120,966,1901,290,2180,117,1673,150,792,959,2886,1871,1151,623,156,2196,3817,828,1246,395,572,769,470,738,1155,1168,358,1598,436,1057,1026,5078,4538,2943,1303,1736,4382,587,3634,158,2140,189,1978,49,367,1613,3529,1333,1679,1421,896,1625,1617,10,1010,313,861,498,131,796,1140,1712,1699,260.7529743031931,484.3924878416698,258.39426987466123,2261.170157133363,0,1067.5669253025778,3022.7290462329274,828.6169490538143,1280.1827577211088,0,589.9708182018455,699.9408314033741,464.4280871774172,885.0724544591608,0,0,0,3
1089,1680,1987,591,118,400,2235,726,3162,629,161,1899,668,1496,283,2532,2158,276,589,1812,1633,631,67,23,98,283,717,901,1169,975,1410,1796,2478,1895,776,828,1537,921,979,928,536,2031,227,1657,6728,3660,2174,4625,980,4745,2086,1072,1192,1656,2408,251,1768,63,2812,2552,727,500,2034,2445,687,767,644,114,1074,1001,110,1229,1422,994,1346,1995,2040,1693,802,2853,1589,408.1387662940416,581.9126630090785,355.0802312579223,479.85455470119524,0,501.2807845908319,987.7179673422672,2030.4692235938217,1270.7846009576997,0,2022.4097120913852,1058.3405411369763,776.6348520785655,465.507402239208,0,0,0,3
1705,445,497,1849,1634,1306,1149,85,444,1138,1125,659,1921,2379,2145,1641,1445,993,536,692,1110,337,138,766,1115,1395,1721,1495,1615,2064,1567,522,860,985,579,1446,868,3054,616,2688,2732,1284,2706,171,1199,902,3276,1498,1098,1095,1203,2299,130,1086,510,2139,1579,285,765,2677,3982,1456,106,1269,1632,247,769,595,1141,1159,258,949,916,2727,1498,968,1226,7,901,1775,202,363.58490466469357,198.66392066686888,327.37780135416074,459.172833693482,0,217.43418544469955,1365.451862146826,1305.5345102961394,1519.1601973018721,0,642.1569344628289,246.86225156604144,917.5315209722507,194.78909391407979,0,0,0,3
828,304,1113,534,630,639,169,1415,1588,1117,1041,1724,2512,1341,451,158,441,244,950,970,1067,526,2133,242,2620,1061,776,2586,196,4392,1336,6428,4713,4805,6206,583,3732,870,1774,326,3650,3212,127,1122,958,1768,335,1053,226,1428,885,317,64,1694,1908,733,28,418,1298,26,991,636,266,341,1937,2209,349,52,1371,2686,4380,415,953,500,1734,233,941,389,392,971,670,533.9641838826395,590.3050159143239,918.0576789904662,724.0753256283025,0,1473.1544292775284,1064.2312476132745,2984.6048104049037,1129.100282464601,0,1273.9798948951889,1544.9681961533975,960.2677875142517,1190.6531209959755,0,0,0,3
224,508,1166,1632,1797,2240,1661,2087,1617,372,234,144,631,1186,533,144,245,65,397,801,2541,7097,514,8851,5070,6002,6656,382,4273,81,4238,2086,1176,11,3218,3123,562,2184,717,60,1226,2497,993,965,742,1169,868,490,239,725,1721,1427,204,175,676,2584,1443,4195,1079,1513,287,2024,3263,396,363,1717,2729,950,1255,1078,602,847,1387,933,27,110,260,559,811,1391,1476,96.99836827174369,632.7688351548193,605.8342362796182,528.5102985470803,0,1686.192926387725,1335.173800461097,3433.3042711513285,2055.3417256654056,0,2008.5477525355914,1570.051923634218,1164.5896858710382,1302.5393233644818,0,0,0,3
1902,1889,1321,1254,2239,1547,188,572,1193,689,904,1707,630,3895,208,5044,5447,2856,6214,611,2187,321,2364,1163,1518,1597,514,1218,439,716,655,1809,1764,1212,1789,2354,2344,780,196,124,315,730,1608,1446,269,100,1332,2387,784,1766,1128,1492,2547,76,1790,143,1774,1024,847,36,1885,2061,1357,1176,1352,1932,1883,1229,416,364,48,113,235,321,721,1595,2082,2467,1814,1113,1344,471.13467647926456,413.14510433746614,339.48395806473036,278.5325109025889,0,889.5943598067605,864.0323647065494,2447.285076520202,1455.309138527835,0,1504.9710379808694,1147.5578069698859,968.9453176306978,1056.0304053618572,0,0,0,3
1111,79,1775,286,4023,931,4024,3302,3727,4980,827,983,618,2582,1404,1258,2116,54,1416,169,1111,341,676,585,231,353,861,877,514,194,586,507,459,367,82,888,1151,1260,2928,3613,2368,1546,1228,3101,3211,32,1438,705,1977,668,946,910,670,2085,1548,623,956,2264,2383,2319,936,627,1214,455,772,368,173,724,54,1559,661,2885,3478,2835,4477,3555,8861,494,7162,2663,3707,541.2173436358227,556.0809228701545,0,1142.1870196848656,817.0592548270897,2196.7699982515483,1837.6766634889646,0,3229.0145197014285,347.33834130706254,751.2912842559432,1632.4806447557,1137.6688979945964,0,1594.4312256398512,2,0,3
2490,3103,3600,653,2469,465,3036,473,2809,2467,508,409,2538,2655,640,1749,1552,393,86,686,1662,420,1114,66,1219,538,1534,2043,4984,139,3085,2681,1645,3603,553,2594,204,3433,1947,252,909,2807,2373,809,544,118,1055,1318,13,202,1624,2904,2089,1085,949,1554,1391,787,456,293,1081,171,1737,264,3679,294,6128,8138,407,4893,350,3630,1889,2423,2017,1458,2901,480,1434,682,2630,506.11518604180475,544.6895483664744,509.4815121961806,529.4794011066951,0,1418.8501021954364,1749.5379181818917,3897.8865954475123,904.0332563543225,0,743.9778452361213,1823.9941621481482,1197.9454367997519,1386.6704592432084,0,0,0,3
1892,211,84,1058,1073,1139,2886,1264,136,454,968,419,889,1542,1973,1808,985,2196,356,1440,2799,3206,2150,1394,2256,1107,2163,333,1775,589,3051,2319,191,471,2458,2986,921,535,204,776,606,1450,1168,30,1824,2262,1068,1326,3008,2330,506,925,1399,1987,1883,4621,313,5054,4764,2508,5167,350,2290,160,2291,366,3224,3801,748,398,1766,2567,353,1426,394,1595,1572,561,829,2651,2269,231.35850702520077,91.93066911374014,172.128122443232,350.6823334786948,0,690.6587905760703,940.1890281652052,3282.0800013752105,1632.0079457612069,0,924.8560062819832,1431.351609526678,393.0365461154579,1206.2928167050925,0,0,0,3
1260,409,334,1401,1422,10,1173,234,1867,1237,363,2132,1038,879,3702,833,3844,916,1286,132,3224,1853,1638,2174,212,1418,22,1206,577,1510,2216,583,273,1681,3150,1809,179,473,486,514,1225,1726,1439,1601,861,3941,2659,3327,539,3731,5316,890,2930,1338,1526,1618,984,991,1645,4111,2471,369,532,2800,2367,113,1004,113,666,267,1832,619,1722,2373,1529,1507,2533,2231,1254,1222,309,475.05304456271307,227.33401748820967,569.7077549639496,503.95125876536923,0,1002.8152023179546,432.52867969475994,3088.2528805899055,1717.3598977603704,0,1002.2139884316407,789.8580888058096,440.14933472024177,634.8683050446525,0,0,0,3
2476,3510,875,1825,2243,312,1890,1396,2956,543,1753,386,1573,72,2610,2960,1613,383,547,947,353,391,488,1044,1073,1409,1929,1946,2539,1489,232,1053,1659,268,368,2282,568,3086,1286,2849,5659,1282,2677,845,2133,970,2349,2411,132,1025,477,1416,241,1100,689,876,1946,1403,1241,1447,1852,1508,1383,840,441,888,567,549,1221,953,296,2739,4988,1330,3365,3091,2567,3765,1077,3273,337,179.38494496165902,126.23913302957948,623.6240304311973,485.02748933638145,0,1625.3807246303866,311.5532598597907,1408.7353029200385,2367.9628730379172,0,581.6018471090402,2177.9727974845277,603.2766874163543,1388.0002002554083,0,0,0,3
3166,768,1794,268,3065,2633,609,144,1322,2263,853,1311,1068,542,532,1217,1663,291,1967,1491,903,1404,1452,1215,1906,24,1444,4837,1237,6881,7151,2883,6553,63,4973,3176,1367,621,3498,4296,204,2042,613,1778,169,1663,1327,264,1271,891,149,1396,2413,2074,958,163,220,571,754,640,206,1186,1627,1223,2926,1123,4041,2513,2860,2425,2824,4115,316,1508,1884,3511,905,2097,1652,1155,1694,625.317972450374,545.6730736659941,637.1702825219094,878.9139441449627,0,2196.8446918250734,1332.171892314519,3113.3139743388792,2971.150378779572,0,963.39548766389,1816.647144140353,949.1782686025485,1043.5992616643978,0,0,0,3
104,148,1771,2630,2552,879,569,1909,2075,40,931,516,521,1210,913,3409,2724,3319,1669,5317,8618,684,7544,2163,4096,2849,1820,2408,1548,3379,1186,409,705,2037,1692,353,333,7,640,1292,1424,969,546,494,1216,864,1955,2993,1635,584,1584,4345,1379,2613,637,937,3148,901,2533,1639,803,1495,950,1554,820,2327,2057,1052,1116,1946,1946,1378,273,219,447,655,88,175,1033,1782,2284,231.19731869063628,820.9691046558075,616.8277665907979,968.592180900798,0,1312.6503732906185,850.5141721731052,2787.04596406567,2272.2508167893675,0,2405.804388267101,1641.9548065611937,674.799091857658,1073.0145020695566,0,0,0,3
2586,1774,714,995,1133,553,2608,2102,4890,3805,3547,6801,58,6117,2775,3208,3977,111,1017,2506,4770,1805,1315,680,1407,1666,56,353,1324,1386,250,1682,1304,792,711,1261,1919,1419,470,115,385,768,508,390,2293,4716,1431,2929,4334,955,3738,390,3394,1535,1441,716,1619,1341,571,1571,256,1333,1501,1054,663,1583,2774,2960,852,361,1558,1035,573,976,761,1233,686,781,1017,1223,4229,213.21130823559767,476.1091826105222,695.3667659905523,1101.6532089443058,0,687.8132831662965,1792.5394566962573,2583.079646588767,2253.4884194005185,0,2444.025759408889,1262.0980166615634,1579.9424218854208,205.44440656877975,0,0,0,3
1173,6222,3250,6019,4805,2765,4347,218,2601,1277,4195,2360,974,338,2881,2669,437,1703,324,862,1303,2118,780,1228,1915,2029,1324,1479,2712,1994,377,740,1531,1344,2621,1884,3572,1246,1094,2522,1964,811,659,2207,2966,26,2017,626,845,243,2128,1732,380,1133,319,817,28,1639,1273,830,1408,348,813,459,939,146,699,182,3480,3251,5256,5629,6188,10684,1893,6474,2810,6092,6279,793,2783,550.5262852582899,1264.9202660047854,1277.8618435421301,2141.3698963967545,0,1561.705616465536,1103.5176795652965,2222.685089451443,3142.281988159397,0,3854.0234028520667,2558.4857021270877,2574.60355879989,1344.7602132200639,0,0,0,3
1646,3506,757,1991,846,2084,2522,892,594,2099,2358,1653,473,461,500,396,78,297,286,512,33,73,611,2057,221,2430,361,2245,3374,310,1801,123,1135,434,1704,1860,131,526,198,887,475,250,1174,1929,1239,1235,2072,2135,667,401,693,1321,1233,740,964,1196,62,793,812,1402,378,5161,4009,1028,5983,1695,4561,3086,499,964,2811,3778,1503,844,700,3261,1703,1484,1755,265,482,365.3123473105791,597.721047243919,486.5517112550971,207.62693791014914,0,963.479247311534,1749.5369724870507,2441.872811277694,884.0617504360879,0,1140.2144174155962,1787.8457775681343,840.9244535991068,678.4618651841821,0,0,0,3
380,741,733,89,4,1001,2116,1528,1250,1770,1523,1342,1083,276,139,408,1115,2633,2504,930,730,917,1843,1434,213,565,39,943,755,894,1236,1052,375,133,30,142,592,1618,1627,70,257,369,20,1414,1480,1432,2669,869,1104,4677,5387,410,4161,1079,2181,589,1881,1729,522,611,1471,2873,1612,139,788,1810,1126,513,617,774,739,513,1451,228,1618,1445,766,30,485,582,106,498.2636038022554,562.9160387293,436.5978487580553,636.5348292447463,430.3474378689682,1046.258202470309,0,879.7760344791774,2106.9830526528244,561.5341348811456,789.952602509799,858.1485104724313,305.9045232266103,0,399.915750596637,5,0,3
271,1296,1355,2435,742,2669,3283,1381,3241,228,2033,233,2269,155,2609,1899,100,201,1037,1743,439,1385,1262,369,22,1198,836,866,1831,1077,98,682,315,428,241,403,1062,2146,3172,2866,6761,2711,5253,2444,3753,4846,1058,1656,668,2536,710,2546,1851,1377,1901,329,219,1325,3113,2105,651,991,2844,1368,639,630,41,154,1082,1455,1820,2711,324,767,4835,4287,531,4089,1622,3182,3336,408.6134611103549,211.47632469813195,1303.758087152417,441.8467781434418,0,1491.7597603166537,940.7078748480559,1644.693073102393,3637.15884227075,0,300.583804912619,2213.3353522973916,355.41800864601294,1273.6065124620623,0,0,0,3
1199,2354,838,3337,1786,394,977,2813,2541,575,35,447,31,1063,1723,1995,3,2102,1673,1007,2529,2797,1347,1427,1960,691,2123,776,5530,4048,4943,9111,918,6691,3273,3565,4435,1019,2783,1793,5553,2738,894,286,1609,1314,977,1560,112,1283,625,711,61,1765,1706,585,1732,417,457,84,1038,674,1033,970,2306,1405,3664,3667,700,1205,3472,4306,779,1586,341,2713,920,2455,2272,836,2181,457.6331268384174,693.4554722694444,578.4868013185809,225.7610437052964,0,1842.3719989459241,1372.897172068932,3776.401535198498,2130.035790721362,0,2335.6673280318914,1036.384568860992,1913.46478697948,854.4390480378697,0,0,0,3
504,903,342,871,108,2134,3185,1371,216,1368,2141,733,506,51,285,517,744,2391,738,3032,142,6375,6803,2541,6248,105,4522,943,3584,1342,2764,2600,425,1225,1155,1949,76,1939,1167,554,2319,2889,1899,394,376,398,116,662,1999,1432,274,83,1473,1921,2160,4073,750,3950,3303,2361,3682,1608,4371,1744,1449,67,3747,3381,165,816,246,387,344,1221,1600,693,245,335,89,1550,1719,344.71942287074637,482.601927627988,626.2861841194031,759.3873847791247,0,1385.3678365329552,543.4046406968648,4051.6906843037877,1389.1015017020252,0,2281.8147148124713,1310.2863242762057,1154.671203134133,1008.6689167661928,0,0,0,3
930,495,96,501,388,498,360,30,1080,1582,693,5991,4311,5523,9889,1871,10458,3428,3895,1006,3634,3994,493,1438,590,2229,1314,564,671,1130,2409,1659,1347,1563,2377,1835,1107,405,406,537,133,122,662,22,729,1773,86,339,2385,3018,2250,2977,2872,1603,2825,350,2122,187,2285,2182,410,135,1352,2251,1140,343,374,134,1058,1670,2062,1043,181,416,806,1705,2497,1897,1121,1187,1104,473.78973168549715,659.3109539911513,1109.7930639443339,1154.4662516833357,0,1798.7373522835403,1137.657259635404,3571.177066245379,1344.759030489855,0,3248.63882804261,1314.1692536430373,1800.8613699477637,858.156027682352,0,0,0,3
3697,1227,5078,2027,6414,7797,1718,7327,1633,4387,3482,1314,1552,831,3000,2839,272,318,1435,3127,2420,325,267,637,447,365,822,871,1587,2502,2109,1671,1735,1232,356,84,1641,1587,3314,1787,2166,1480,1249,3349,622,1692,1194,394,217,2493,3282,1516,398,485,303,619,349,190,834,2167,2896,1780,1628,1919,1324,917,1192,583,728,182,910,773,919,931,1413,187,3626,823,879,2088,769,127.8975776751763,1039.6914188543512,923.0439439378077,872.5062249123998,0,846.7842715237454,378.7523250548562,2150.3620655675227,1663.1820505159362,0,3466.969339157584,1837.7855702739425,1774.4242020886788,1123.9777256931964,0,0,0,3
794,39,1014,1185,866,2135,1433,50,230,1296,374,953,1550,1110,1183,2267,2270,1478,467,807,243,618,1038,1812,1375,172,318,670,492,1318,2032,796,4284,1056,3474,1486,655,1721,1147,3339,2552,39,59,2306,3274,1069,1043,767,181,164,1086,1645,69,1080,342,940,679,113,590,2647,3018,1348,686,651,93,1273,2944,5766,1005,5320,2128,4770,4659,466,1928,295,1098,1021,3059,2415,177,833.3766466461071,301.7252498774711,769.7537477321796,476.94231405639016,0,725.815522360882,1070.8857461412258,2239.6005129208256,2590.7595754429203,0,212.85676286115302,1524.6126365780156,596.8258026997217,812.0750861931714,0,0,0,3
364,648,452,190,215,204,997,1633,1970,1987,2838,1853,1447,1312,847,309,27,380,414,594,513,1251,694,3152,941,3112,1742,2309,246,1047,1185,648,1129,474,531,145,2030,2656,1546,843,1718,2079,1567,840,121,138,733,208,900,392,606,1204,1964,2529,1551,806,2218,2614,122,718,2138,148,3952,3954,3154,3479,2252,5326,1947,2088,548,4500,3713,1031,2229,1472,3561,1077,1701,849,1124,493.7525866514043,475.0665383697735,277.70241922871014,1003.4660350011293,0,768.4080719253279,1893.2149633102763,1325.451529759544,2533.098724762955,0,714.1927194654118,1338.4917480637541,314.7126845017286,416.935475169533,0,0,0,3
1347,695,253,1621,3053,3221,976,266,971,238,1327,865,178,423,2551,4684,1582,2734,4618,2535,7185,1246,2720,120,3105,1776,1068,1568,234,789,754,382,416,1317,2458,2309,2073,1671,1796,980,14,284,7,399,563,532,115,314,1193,973,4295,3420,4761,3475,3599,5299,1944,1742,2068,417,940,1750,3120,938,1544,984,605,153,1384,2358,1858,562,1110,1904,1454,153,986,1286,1186,228,81,555.4247768609144,726.5888280737022,207.2164198898694,773.3281389931226,0,1091.2946096265666,675.1878770043769,2922.307428041716,706.0132216254837,0,2779.620093305928,348.6710993102402,1451.8691103543927,1116.547072919181,0,0,0,3
654,413,198,413,164,320,1832,23,2465,931,551,1510,1933,169,656,1860,2175,735,701,1892,1839,1380,842,113,32,151,313,877,1799,1348,1658,2402,2655,1694,1400,726,333,86,220,756,162,3822,3911,3585,3601,3510,8274,3403,4305,3264,1965,2773,756,2452,534,1914,2184,343,400,294,1301,11,2262,2511,1828,1482,1839,1649,1670,404,669,234,309,319,425,460,424,557,1081,1012,2793,197.10481452062,695.8086850122411,302.30135883243685,694.8574250680138,0,1008.0768323892779,1352.1650598340786,1409.586553552315,2456.7939337253615,0,1519.3881936611042,1761.3952497435068,982.8475197551205,874.5660150011105,0,0,0,3
2569,1536,1300,1938,2142,1404,3423,815,818,825,2456,2027,645,1964,687,699,417,2603,2120,267,555,917,1181,1126,2436,1926,1145,782,815,1918,2399,2513,730,6359,2915,4695,6754,6,5475,2142,1813,1205,2384,2479,1,886,1465,3451,2162,42,88,1594,1391,600,701,1289,2648,1423,1005,1528,2319,2035,648,151,164,269,370,524,891,106,1813,86,738,837,956,1375,1127,1385,2518,752,535,75.77606577690271,798.0089564972743,910.7488900926008,420.5843026246231,0,1336.521931170604,774.3712047019629,3231.146474459054,2367.8212978475876,0,933.5411535797253,726.2266741602521,1233.2277986082274,329.05758636235174,0,0,0,3
197,1251,855,1076,2103,1001,343,648,594,1161,2297,3537,1887,192,613,1132,175,1132,869,832,931,427,3369,2712,2635,832,7103,8117,1824,6383,18,4807,1454,3316,1563,2942,3609,869,141,1909,3361,2155,447,344,1596,955,447,957,124,438,433,280,201,2015,3102,1315,266,774,1651,107,2010,716,4880,838,2232,1162,1210,3741,2842,411,2,2129,3056,1353,1012,896,269,673,104,895,423,752.0359259381174,694.5991602927056,662.1513056778599,1105.9485953828496,0,853.42035510058,2010.9712793126441,2243.8654064868483,3156.109159096484,0,913.0518903140849,1741.8204724778036,1036.8918328203433,723.5236096250981,0,0,0,3
1134,1615,1001,338,378,527,340,2160,2085,744,713,246,1171,284,424,790,4173,4675,1504,4673,657,8666,6830,2969,4025,1277,3478,506,2753,1972,1868,3632,1434,796,327,1236,809,1194,2772,2551,912,1397,2202,1423,467,1677,830,492,333,1439,1527,439,1437,1869,1184,5604,1881,2469,2554,768,904,856,534,369,1615,2862,2207,683,45,29,131,59,1075,2254,1402,596,618,742,230,947,1728,778.9875142879742,455.1721430128782,110.63153647256598,1217.0413071499968,0,616.9766304326283,1588.9222200714732,1570.0740939875832,2399.6738933773636,0,3163.629469739097,1255.1392236221366,1656.285902826567,288.64584843945477,0,0,0,3
1393,581,220,213,276,304,674,494,229,3130,1405,3486,117,1636,2892,2377,111,611,2374,2662,937,204,1045,2130,1408,96,428,540,934,135,441,2181,2238,2144,2113,2077,1310,1152,733,873,803,79,857,1763,1765,514,3905,5858,3359,2918,2083,4325,2890,316,216,1311,1523,479,2385,2092,165,1204,314,685,2488,3242,2544,940,703,1389,1539,399,1543,2,1277,429,660,364,1011,342,3333,638.9102061615537,835.7453003666392,737.6669598618922,666.051510022355,0,695.6819765525049,393.50324336202317,2290.0308771345763,791.9467386367011,0,1544.8409861058772,175.99663434526383,1068.8227085608357,252.32576530713834,0,0,0,3
1253,6205,2701,8268,8991,1815,7880,3367,3834,2174,3191,3261,1312,3698,1338,959,827,3377,2768,596,31,878,1488,712,930,610,884,2082,1848,1263,1231,991,929,496,176,66,51,1135,189,1890,223,812,3007,2319,770,38,1948,2335,479,17,1383,2375,1813,321,201,471,621,717,1004,1778,1893,2246,2163,2230,1803,929,79,369,59,89,652,650,1155,2128,1401,5280,3492,2525,4649,254,3531,921.3008198038223,801.557391340587,880.3397055775048,1001.7342973054451,0,608.194872142145,1368.4195270393084,1579.6289912596912,3310.8016947860183,0,2812.441783254006,2508.560606519085,1615.2252708517744,1651.0831769287615,0,0,0,3
2450,733,1556,1427,2601,344,1568,60,3068,3380,1376,544,1812,3041,839,891,189,1039,230,1219,173,140,445,1117,1675,2268,2584,856,410,4665,3339,339,4695,2806,1456,936,1926,2689,325,975,105,772,188,1443,1756,739,145,517,647,183,4,823,1114,1183,1938,1388,304,355,1441,830,416,257,455,3744,5842,3173,6998,4240,4723,7324,445,3483,152,3472,1919,1037,943,1963,2807,796,513,434.08037533347664,223.57622887946923,423.0527673461421,647.1433772993472,0,1831.052709508932,597.8320927490444,1568.415890798711,2831.6480111422807,0,2380.505741927239,2480.301485364336,756.75664109283,1341.6917617611941,0,0,0,3
27,1060,1007,349,1216,2442,2822,2264,2157,1111,750,843,489,1156,520,171,379,2400,1917,5171,466,5108,5577,1814,5764,369,3022,808,2401,1877,694,1762,977,397,723,434,604,2028,3461,2524,1407,950,1702,1069,842,1159,240,845,1254,1183,1224,1433,2239,1308,344,6732,4710,2645,6049,642,5199,2705,2715,3820,538,2652,57,1382,490,3145,3119,851,7,1651,2932,514,1072,475,450,64,966,324.2648339620918,232.95861107468488,898.9360262673032,192.39296664755005,0,1231.3460622424552,1431.5767275733942,3090.0914933954764,2487.64916020737,0,2108.4107721907794,1967.597805569038,612.5139053266885,1898.790019493571,0,0,0,3
1452,1643,613,133,693,970,1510,2441,1769,3950,696,2130,2736,150,3215,1890,525,661,1612,3313,1943,122,741,1818,1418,448,68,89,822,578,733,1659,2383,1203,497,897,341,652,1132,224,84,76,1080,248,2553,52,4555,739,6351,7447,2367,2785,172,3724,3072,1502,2367,566,2503,739,1262,30,2157,2154,23,1354,718,776,1799,2988,2321,63,1334,120,641,1137,1558,639,938,260,2876,348.7722431538051,347.66239033623845,332.8834315066651,294.67130177346615,0,564.1098474588083,971.931750367116,2583.758014710005,2035.3066792598418,0,1833.1631811150671,749.406664920933,1530.7488203297626,503.38147481046065,0,0,0,3
5305,380,974,925,1166,2639,235,2369,1824,1136,2706,1275,25,823,2541,2594,825,1008,981,323,158,919,1954,1459,72,991,1243,1401,1695,1952,2170,1976,1115,1421,246,2580,7001,1208,6072,6471,639,4655,1970,3346,2952,1837,3367,692,1108,564,3394,3319,227,696,1274,2130,503,618,378,1017,2192,2228,1174,1549,2808,2424,1008,137,235,380,3083,750,3875,902,4378,3813,1005,1104,403,2792,2685,172.70940444028582,150.15361592312206,782.1196360583352,499.33565718258126,0,1394.7357186936888,628.2766451317676,2954.2254672385698,947.4420114241643,0,2640.2399614717488,1914.3388356205623,518.199969736825,1688.8623498722966,0,0,0,3
105,1777,123,1916,726,982,800,765,2483,2557,560,629,2108,1895,171,674,149,419,301,269,33,341,59,312,1593,2322,5557,2135,8326,4921,4809,5908,1195,4964,1265,3037,1592,2662,3611,325,1655,838,2797,721,2356,2541,892,456,1539,2716,1279,918,910,611,877,557,879,381,784,1608,593,2086,477,1671,403,494,1382,557,2435,2113,562,20,1923,3030,1375,1141,1438,306,548,1620,2319,468.4306560902228,710.27923131008,375.4105956787939,670.2438311733636,0,1025.335521914656,498.467419776533,3282.547058373652,2329.4153262308496,0,2001.0833062950567,1187.4901241946634,1965.2681095433786,660.1207746186627,0,0,0,3
1683,309,442,822,789,86,190,993,2510,2445,1499,1800,2356,1786,496,794,54,3952,2840,5910,4984,3367,9215,1941,6793,3774,1463,2030,2384,4273,1792,931,480,1633,2045,175,1106,685,2720,2273,1378,1178,2548,2174,301,1388,798,1100,1092,124,883,415,848,1506,232,2933,893,972,1504,409,2700,741,1373,1259,788,1409,1057,3068,1885,354,754,1382,718,926,2357,1579,39,443,2156,1198,1513,84.4845153551191,628.0316558398387,601.194864991965,1020.3204322087118,0,1367.5723472635736,985.8550942451234,2962.3533028039346,1700.092633039682,0,2821.7514241733716,1165.3508672913829,1739.5712904891307,1114.7580849664898,0,0,0,3
1931,993,1160,1674,1402,1949,2651,292,3682,9426,2428,7852,7180,3962,7303,131,6198,2491,3675,2938,733,791,2853,4309,2242,87,441,1687,1177,13,38,60,349,326,248,1295,3035,2720,895,1166,2095,1048,404,680,1562,1492,5372,751,763,505,1055,3309,1940,5,173,1890,1923,116,1801,1293,285,718,357,339,968,1520,649,157,131,496,1997,2492,1059,82,44,43,605,1239,1334,3376,289,507.99184194177207,525.6380536281146,100.05144019472863,1277.1931211215197,0,1097.204275647885,1792.2901196638923,3522.1915483975095,2004.8231743251363,0,2673.066828823916,982.8465031375194,2086.3027316191565,986.3704944298747,0,0,0,3
4102,1018,5811,6370,1490,2054,149,3130,2640,1232,2185,78,2059,1309,141,363,2277,3155,2377,1050,841,373,138,105,526,556,264,815,976,1224,1178,983,740,780,3856,2734,1851,39,872,1895,1016,1632,2228,1260,17,1133,2704,1891,509,1560,785,108,67,1125,2094,921,173,132,495,433,1521,1852,1924,1568,838,759,1394,1055,679,2926,3761,3688,5823,148,7545,2851,4293,4216,882,3692,26,380.6845780226766,836.0504776993623,653.3279022821498,1179.1542175720895,0,1013.6408264271918,879.2360833736411,308.46448280321727,2641.9571682961896,0,1970.0506704266818,3120.248072916938,1706.6555409768175,1636.799513691569,0,0,0,3
2581,614,3289,3192,215,1257,903,1894,375,1516,1334,654,2411,1188,226,1208,2838,2093,34,203,313,1206,632,1838,547,1877,563,3761,5400,906,2058,979,3812,2858,774,1273,1175,2045,274,1410,799,1493,2625,1915,1193,2562,2941,2156,201,371,190,340,179,756,18,678,514,193,1556,460,4032,219,6375,5039,5066,6347,2131,5768,628,3183,314,4302,3661,34,943,1723,2486,377,1078,355,129,703.2934412137582,345.9484278126672,585.5373774928239,840.8023188891634,0,1821.1277309678198,1884.4715079189073,2026.8614903150549,3458.6293790562436,0,1503.2423318697865,2153.161928281736,171.8811634228123,770.867651370264,0,0,0,3
949,1612,1257,855,1825,1405,1194,1850,2729,2127,940,940,1680,1772,561,1353,3608,1124,5204,4077,2178,2769,2011,4587,2761,1249,1315,1890,2303,766,2847,1183,957,1342,61,915,741,2297,1344,714,660,571,327,1231,1538,924,99,1259,1627,191,1065,1623,2624,4639,6325,1791,4765,3099,3091,5341,1417,1917,305,2657,1808,1383,2546,404,3098,2307,457,1292,3673,2816,977,594,121,757,727,454,807,493.4977894060007,186.30189852569538,568.2337984826049,218.91797143401374,0,1001.5380696708439,70.98567250916243,3458.778459289224,618.9798739905435,0,2885.7455329298755,1446.8173698430048,1298.6336079321165,1234.6397070081666,0,0,0,3
980,1356,556,538,803,599,62,4542,2173,4961,385,4059,3400,164,2923,1745,423,867,2190,2039,405,1491,2334,1961,1691,1400,1414,257,760,156,646,16,501,555,1052,1772,1096,804,2925,828,6396,2095,6625,6078,5355,7859,1176,3633,627,3697,2173,2072,2644,130,1403,578,2434,1213,950,857,491,427,414,693,714,1894,1739,904,545,1226,1058,177,823,1298,410,2903,2026,1695,414,3830,7094,542.5718568488229,804.7864356296586,369.31935406018044,0,1760.4658419646325,217.61937526667288,2761.6733220838923,1551.9863605712821,3098.7231618638857,0,1565.056030483283,1314.9037943279284,1891.3538875902045,566.3252377604382,1148.0042801870247,3,0,3
2505,2999,286,3983,3792,542,2073,528,2309,577,775,528,2399,2293,1491,1589,2339,1705,91,2202,1706,1037,1603,123,376,1338,1974,1388,819,371,1225,996,2176,8501,3559,4370,8116,1848,5514,3019,3262,4909,19,2693,235,1875,118,3818,4272,1394,22,1291,1914,319,740,68,703,691,810,853,1758,2989,2718,983,540,1452,1292,128,880,1491,3219,995,1144,787,469,467,968,2637,2315,519,212,160.90657931097016,158.77515105971958,651.0721971262406,934.3596721833733,0,77.49096721554068,1982.1974036318998,2482.234869943988,1455.7897578109319,0,2806.3613716422183,1127.4772517990884,2516.595894125773,1026.181213383903,0,0,0,3
1758,2424,1201,264,492,334,909,716,174,521,1719,2943,2209,1496,2337,2714,965,179,151,1113,1531,1457,1423,7246,3168,4028,4128,4473,6756,530,3383,447,3171,2205,1100,1554,915,2136,1294,568,897,1609,1077,593,1457,1669,1945,2308,1620,344,530,739,651,1474,2064,919,342,1049,2977,514,1315,1755,552,1486,1948,259,461,653,85,469,1155,1690,1745,2489,2541,1441,24,1179,458,270,272,318.7903615187474,716.9038396821493,774.206876685517,968.0392713352824,0,910.9671467731425,1761.6802498703855,1651.7773567574147,1974.3848021664392,0,2202.3450714928945,857.4980092222977,1024.3080212915665,650.0121757168296,0,0,0,3
1697,545,270,689,53,92,780,961,68,959,786,2967,513,4289,2256,2661,5381,1221,5685,2656,691,713,2382,2644,421,2643,1592,790,182,2900,2960,754,90,1073,1566,1225,25,269,2070,3202,1835,621,1412,1433,514,64,442,239,1803,616,4116,206,989,712,694,2927,1730,11,42,2165,2996,1183,456,223,1212,1121,309,152,721,2432,2010,1364,2146,3261,1779,34,404,239,233,199,119,440.4079308767998,542.0579106343552,230.47389952940586,894.9572534876672,0,479.28468053965594,964.6199248457688,2016.585433414214,1441.562163231982,0,2244.1606933603734,679.6443257096296,1415.0554165944152,356.5870169236655,0,0,0,3
658,609,1598,3504,6708,1493,4196,756,3231,2847,692,2260,772,1502,870,523,629,1370,2784,1440,398,921,282,1171,2490,2121,1425,846,1261,569,770,1348,600,158,478,819,1256,1049,328,1642,684,1394,978,785,772,159,251,996,883,1406,1995,2573,2647,2204,940,1156,616,451,628,130,659,540,129,178,1524,2779,2614,1411,1004,1496,1277,294,220,913,2085,3322,2973,4330,683,2962,1396,905.0429209697692,0,996.294614509712,1107.7690614743506,913.5859752581823,1056.9382422154597,0,1454.707601757999,571.144019550315,1169.7430349649217,1481.1715223802787,0,1270.210558328823,990.9275783982597,935.2436856392269,0,1,3
2638,3069,458,2496,51,1913,367,2196,2361,218,1678,935,284,363,1402,262,829,1163,1257,1949,2164,1535,838,962,996,414,1075,1617,1680,625,3877,3314,1913,332,1770,4326,3011,1240,1453,805,1870,547,3063,2350,572,1725,148,421,1028,2835,2973,986,14,594,2149,820,1679,1467,169,288,1130,641,1236,1279,121,687,509,4071,4359,2755,4009,1862,1856,2974,617,725,245,2775,2831,901,90,307.9967792167247,347.0881706951778,256.51656549899576,708.5869254864953,0,606.788770907966,778.354691578239,1645.517741755064,50.50311185268414,0,3025.4330284314456,1074.6956945579334,1454.0446742280806,273.618903677833,0,0,0,3
1698,3359,2029,440,764,917,1939,860,203,553,1707,2148,2709,1964,1142,1960,1999,426,515,396,620,1282,1347,1898,5415,23,1693,1020,1555,2764,333,1498,1161,1180,1601,306,1421,430,1049,1735,1404,457,280,181,603,1328,2356,2442,1608,757,116,110,380,800,2202,2105,301,802,488,3692,5893,1219,2647,3212,2425,4906,65,2816,944,2243,1860,50,70,2313,4122,2745,382,365,1220,879,198,564.3047094230594,303.2463082060584,505.0179358281878,100.23883571507406,0,700.2809168469465,433.8831765179141,1743.1730404741256,1345.8741558629724,0,2731.4005684436443,1074.7633934821592,554.2713289164687,1144.624149906741,0,0,0,3
443,370,562,410,755,1624,2022,1670,1116,1913,2223,1540,940,959,1443,3242,471,3728,3609,1376,1676,3000,5143,2787,1272,117,1255,1097,58,3395,2125,1554,2172,245,2027,1618,313,978,2332,2420,896,156,106,426,223,348,515,1305,927,836,193,162,3073,6540,873,4267,1240,2543,2835,69,1116,128,2006,1144,323,515,870,2793,2728,1003,304,307,235,1258,1650,1551,890,596,133,38,512,191.27287361094378,157.14977598490918,774.3810399665961,678.8514555673246,0,863.2844331389279,1943.8166456893796,879.5011370792681,1754.9163165611747,0,804.8553177418021,2297.7972454298583,667.8531709819499,861.1676602354069,0,0,0,3
1543,1030,476,460,309,773,983,152,2268,1366,210,2463,31,2184,486,1095,114,2821,3353,2090,1057,1428,2309,1639,22,645,27,884,273,399,163,2212,2279,1504,1220,1585,1685,2025,1143,757,162,1695,1001,449,2344,2062,5756,4259,1958,2014,2892,4994,2301,1647,1012,2057,2974,225,2298,278,2205,2390,694,99,1390,3225,2751,441,80,596,840,602,1761,662,388,1089,949,872,1317,1720,2832,452.20885133985206,405.59953499973267,489.09031738860176,248.01396521440597,0,1018.5791525453484,153.6481676097127,2421.1590858616996,979.7091089436844,0,2132.3305237835816,921.089248590566,939.2996831689927,634.1434293006033,0,0,0,3
543,1094,4114,4742,447,4416,1155,3131,1348,2377,2856,406,716,2155,3155,1114,990,634,21,50,1078,1940,526,1080,1136,128,754,2459,2693,1531,559,442,102,1058,1722,480,2742,2409,3747,2381,519,1730,821,3255,4266,1710,660,1158,3237,2364,1405,2794,324,2110,598,1191,105,1932,1292,230,117,989,991,522,2207,1748,91,531,500,384,750,916,993,3744,1786,1592,303,2903,6888,2944,2136,185.37778756571367,625.211291713274,78.6820459036374,176.238504767743,0,431.4276561603348,1444.3568102675363,2594.374716493041,2320.6986699836957,0,2093.876907090405,551.3798750247935,1363.6853230716329,47.28851499758565,0,0,0,3
1324,1615,2389,938,2104,290,2301,1703,108,216,1321,2949,3145,1366,806,1789,2700,298,1400,917,613,190,345,431,849,175,1508,808,3125,7164,1915,7779,4603,4603,6432,1167,5769,2792,1454,635,3016,4106,595,2744,1695,160,282,2690,3226,761,517,300,1860,1206,55,124,2130,3286,2267,1363,621,883,1703,854,242,763,2755,3736,791,2448,2518,1565,3768,1080,347,1498,4151,2866,163,504,788,741.7302739865386,653.8720427549797,456.8673811417575,880.2584407242229,0,515.7958147368007,1372.2894007380676,1673.0654561481726,3878.7550400221317,0,1645.3869179503924,2417.855796706784,1371.7506311434079,1301.4679534402296,0,0,0,3
1710,639,828,470,1056,2338,1845,1246,710,1608,1867,354,656,620,45,21,98,45,42,1226,318,2176,5117,693,2459,1686,3986,5252,394,2185,1018,2005,1558,1387,2020,253,2639,2211,502,147,2166,3884,2285,859,863,1466,381,885,1229,697,1250,1782,1026,896,1984,2774,1659,1048,1823,18,4548,1493,594,3159,1803,1212,449,3125,3290,855,281,1708,1823,693,549,1449,1258,295,230,423,869,178.68486685805715,101.78210601941448,393.1278508941284,592.211540133101,0,261.02246071937947,1294.9875833840827,864.1267880302871,2230.241323917692,0,2088.705435323332,1249.059806122672,956.1514036106464,186.89851026929094,0,0,0,3
1557,263,69,289,31,709,506,280,690,838,1110,5588,2161,6109,8414,3292,9573,2220,4407,1320,3761,3495,68,1941,299,2201,1881,274,1481,138,2534,2685,1604,1214,2302,2375,2339,876,379,561,1178,212,1152,1250,1310,1597,64,2788,3667,1711,2856,751,3801,2796,1868,2599,197,2527,1510,49,811,2501,2805,1511,446,97,112,198,1418,1520,1560,1236,780,218,1411,1706,1290,1068,1754,1405,224,439.437510592507,645.6428279892125,536.349286557945,1416.3155938269404,0,1112.9673669968945,1935.724140236991,1623.9314861371026,2891.1840426992835,0,3264.7195545809504,1558.9278367436964,1621.835515465069,773.2080433981737,0,0,0,3
581,409,594,3447,3980,3916,5890,2200,4321,4048,1394,3799,1326,1140,975,4001,3896,976,617,780,1949,633,975,142,1859,1593,980,593,1964,2875,2011,474,233,1249,1061,155,133,96,581,1793,618,2494,829,818,3678,280,4639,1664,1486,568,2674,2609,679,1970,6,1339,377,418,312,2062,3364,2188,1090,1728,2561,307,1647,669,494,488,1,583,917,1658,2764,1076,4749,5022,1766,1959,1901,406.3426546034739,106.87826234144569,235.6327945860458,398.9096028746391,0,577.446261568988,462.9288408252179,3386.378967876426,1061.2866680065333,0,2610.6522468968533,762.2735918266991,1513.2126065731775,310.9300790370473,0,0,0,3
6614,4194,2443,3532,236,2629,98,1762,81,3391,3928,1613,549,1558,2354,1280,194,216,381,526,983,396,1413,3018,2316,1217,2446,2825,1328,946,419,2315,464,3521,1778,1382,4027,69,4499,2003,1729,924,2700,2776,906,3352,2239,26,302,1611,1504,81,970,149,1087,811,566,1589,2362,1748,1109,1016,1242,659,173,334,1394,3267,3989,4373,7511,2872,4273,2731,4060,6093,1365,3220,580,2607,1700,581.0826211002915,242.18647540487405,457.3957239203558,853.8669569373395,0,1886.2173920309397,1664.262481171349,3957.426816441842,1506.8473605122572,0,949.9110902516513,1850.4497925031687,1107.7752292893144,1657.6348993383563,0,0,0,3
1576,1931,1002,2910,2092,62,205,894,667,239,1070,991,1158,761,307,149,486,562,1064,1377,1730,2669,339,2740,5630,1683,71,1617,737,3166,376,2173,1522,984,1417,259,931,1002,2705,2596,1819,1771,1883,1997,1415,890,12,300,624,784,849,2225,1695,1108,2490,2989,1815,973,271,3791,4429,4706,6716,2999,10792,2888,8654,6856,486,3316,867,3392,205,3678,2983,21,478,932,1585,166,1387,623.8618777830624,233.9514597444812,603.1424816554498,960.6237327269454,0,1495.8242560541664,1507.2378785677765,3552.2297617179825,2231.2057529639665,0,3547.960913586857,856.9812335271927,1465.0220076157818,1300.5651845232642,0,0,0,3
547,879,916,562,1334,1620,1498,1094,307,290,599,359,937,1268,319,3438,2690,4484,423,3626,3734,2083,533,74,2247,2409,330,2204,1017,887,454,1098,1154,672,1951,1595,596,1330,2555,2857,1176,947,722,803,188,1655,1577,1337,2295,723,874,7090,3348,6350,7706,3516,8478,2116,4672,3209,2831,4528,1086,1135,981,3727,3747,1180,657,247,867,418,815,1623,779,301,1510,2202,2278,2078,1617,515.0861551030167,1012.1416493866232,334.70990668329813,1485.2971765060506,0,570.2100051735325,2071.7614685207445,1211.582994232592,3270.434170460154,0,3204.1757482826347,1785.305915731825,1632.1964971517918,381.39355526329985,0,0,0,3
1802,2327,1459,978,135,2527,667,7086,735,4308,167,2698,3409,572,843,799,2081,670,1980,2625,1346,829,1457,1840,602,554,72,1543,1559,1124,1530,2421,2492,1616,199,100,1185,744,468,81,367,2357,907,4354,1421,7116,7863,1233,5346,741,6445,4673,1160,1413,2026,2247,539,1975,120,2664,3097,1299,220,736,1496,108,1531,1972,2197,1114,165,232,20,1207,1369,1407,1817,2736,388,242,5612,457.6822997604488,365.7812850307107,856.924577845559,829.7821523455895,0,1505.9980245670977,1156.2465185764393,3175.049445160177,2549.2960727325285,0,2283.3139352962094,1394.2459000782776,495.3983303780226,1444.186975810824,0,0,0,3
5316,1123,4303,3085,2107,2237,796,1927,1050,3341,2166,429,643,2477,3061,1650,244,442,3,142,412,1484,943,539,1160,1805,2626,2132,1377,2443,2663,240,712,1043,991,3462,2380,4182,6915,840,5293,650,5583,3121,1700,1047,2298,1994,1246,2759,478,1094,196,566,540,2382,2164,804,590,2207,1775,54,18,470,730,117,178,312,1252,610,2417,6333,2225,2044,2963,3261,6937,2135,1457,842,2047,290.9237008742502,615.8376453226343,819.0218667726085,38.393173042430796,0,2131.7892279725966,339.68329467228295,4068.496775389566,1424.350151308387,0,2583.8960023162085,981.0802095319043,778.5413117290634,925.0609470119979,0,0,0,3
1329,1383,1636,665,2103,2017,1596,1475,2286,3060,1265,335,815,1037,68,925,281,614,655,66,352,824,1501,1415,497,2720,7137,514,9274,4983,7670,6530,5074,8004,751,3668,605,5048,4027,1095,3152,570,2172,565,3276,2449,463,336,1455,2211,143,1428,108,2440,2531,1389,2014,2540,2030,1499,114,349,2381,3859,686,3711,2756,3994,4649,1445,2909,1029,2861,731,3890,2219,160,242,2024,2003,13,693.057451098021,604.9731560737476,895.1551111610166,1273.8320734914435,0,1583.0464277777833,2311.1498910847904,4246.724846401872,2546.8788419558737,0,3473.590161783276,1096.675945338431,1731.9431885420179,697.5336004742069,0,0,0,3
1477,360,2309,2309,942,1370,3511,3084,1409,141,21,894,1084,239,1030,690,1070,676,2087,5858,2563,8864,3219,8375,6804,3903,7064,322,5518,971,4248,3193,1025,2226,876,2425,450,2217,2555,1231,1220,1803,2484,1077,622,1191,347,91,1462,1758,1733,2317,1489,1857,6,684,3086,4359,1565,5781,4476,2185,3117,1140,3093,164,2836,1625,292,159,2120,3325,1940,201,204,1416,1154,180,1525,765,1043,678.9716331899704,420.95814115440055,1081.5937112077024,434.07867124395057,0,2105.8540577399945,1316.6176234031345,4167.664644404514,1803.4302992545531,0,3535.79704328009,2117.5982423013147,1651.128352074606,1608.6716704816276,0,0,0,3
1672,1283,894,1229,1672,1798,521,831,262,1918,1507,6880,61,10562,9652,1901,6455,534,6427,4617,1228,1622,2335,3118,593,3181,1055,1790,2248,413,971,584,551,1803,3311,3007,2344,835,329,1137,793,284,749,384,1412,671,156,2097,1167,4179,5489,2359,3418,1642,3744,2867,1415,2520,351,1396,389,1426,516,1844,3241,2513,1568,1474,2298,2169,1705,205,6,794,292,703,298,421,36,712,1511,272.3810456731347,527.749747402995,632.4378264262579,1260.0870399185014,0,726.63823530007,2159.9505056626235,1936.5824594009061,3516.688360721202,0,3037.6119996417783,2094.825780372266,2034.0301678066035,988.0969399042617,0,0,0,3
435,335,1236,3786,585,5304,1736,4840,5863,2525,8209,2922,2439,711,3886,3760,114,1393,1463,3353,1490,854,199,1413,1386,336,1080,822,4008,2845,239,203,2219,2019,35,694,639,1579,637,1631,6636,2862,3679,5498,2618,7604,1642,2653,1072,2423,2281,337,856,750,1022,345,1045,267,1438,2457,1630,1585,2484,3321,1853,437,555,313,220,1465,1483,153,477,1015,2549,1064,4728,2232,9617,6489,5788,637.9380442743708,807.404921162231,1016.2672150888098,1634.444573091363,0,1964.7712653130898,2326.2685512187104,2429.319534584243,3545.585926076733,0,1277.7632198674946,2567.222441099122,1760.804060798103,2503.783903136172,0,0,0,3
7444,2446,6703,619,4426,507,4661,4578,630,686,2146,3700,1528,636,146,954,60,1141,1614,260,2206,2245,991,647,2327,3067,2045,1124,934,1910,1816,2988,2265,3452,549,5893,5208,670,1619,1534,3673,1288,1475,559,981,277,1605,2011,887,233,286,872,520,409,183,2201,2503,1870,2153,2353,1872,896,180,707,1138,233,1409,1301,4215,1963,7471,4636,5328,5854,2150,5780,1118,3937,1536,2374,2240,747.351256812562,678.7445601383167,375.66670902843634,569.834502676358,0,1188.112724029164,817.1561543734947,4642.618454736888,2462.134797048364,0,3398.1144959612593,891.9329989671347,1762.4707020324277,364.2808879376514,0,0,0,3
595,1574,923,2739,1546,378,643,623,1677,2459,2791,1336,637,905,150,261,1659,2069,1033,1354,1533,2826,2020,729,137,3502,5891,92,4119,1393,2000,1118,2767,2967,483,2549,1356,1,1238,3059,2905,1390,136,916,1297,545,643,302,357,183,119,60,198,613,1080,522,223,919,1583,208,6365,2755,7824,10373,562,5921,1798,4399,5175,104,1870,1529,4214,1616,2045,1602,999,2231,825,715,474,321.39725599190376,697.9832672344253,450.2230528214668,972.4076877828043,0,837.9238524472257,1460.5414345855197,3607.8721599249907,2111.911432335711,0,3068.279151781166,1215.5968339812746,1986.3986871231657,764.6357817765088,0,0,0,3
1841,1332,745,1564,975,611,1117,2013,1307,139,652,988,387,2825,3074,1142,1314,4122,7180,961,3631,92,4274,2336,1980,1823,1161,2085,518,655,1002,3036,2368,438,969,730,495,1585,3681,2764,265,386,139,208,1309,1037,886,1266,574,1126,1619,1327,5064,4764,3073,8726,581,7424,3428,3154,3707,2141,4719,2297,217,982,3528,3387,746,1186,325,957,194,762,393,1197,1448,1588,1156,1384,3071,302.738349233404,705.7139989779421,480.5297792879673,1096.233321375393,0,1485.1894491949506,1682.63411984464,3767.593791226319,1449.093154594365,0,3102.286612061234,1007.2627989318098,1869.4503906632203,320.06211593031344,0,0,0,3
3113,735,714,1168,2385,461,1973,2769,3414,5258,2941,3884,3164,3177,4287,746,2090,38,2246,813,1816,2395,287,1398,938,509,212,1439,1586,126,1791,1547,162,682,2386,2271,793,79,1362,2218,949,2347,645,2855,2330,9925,6853,5184,6233,2636,7165,2692,3014,2082,2088,3248,399,3618,1442,2648,3675,1648,688,2445,3396,2178,387,698,169,5,347,1294,779,319,291,860,1187,1256,402,4341,3747,540.3619953076144,525.13265323163,1184.0651869077196,269.0112406929908,0,2040.3458193404372,547.8818701433529,3589.1515353824175,2831.8687705502775,0,2315.930773903457,2734.5021535634114,1276.2152100100511,1942.8538467142193,0,0,0,3
66,4947,2399,2905,2996,527,2003,1371,3701,2437,699,1246,3016,3105,530,1158,68,1262,19,800,487,932,1927,1605,1208,1750,2589,2135,1142,861,911,1532,2169,806,7070,3456,8614,11112,1898,9752,1800,5872,2411,4026,3810,718,2332,683,3446,1883,609,1034,426,1903,1425,376,1174,3691,3406,2220,1077,383,1041,1201,56,1769,1801,46,1346,940,2570,3101,4732,2933,3303,3721,1896,3462,346,2695,1139,144.60234556014865,743.00055906839,1031.5025083321716,919.3030815576158,0,2358.526023282338,959.1027431977569,4970.686304803294,1116.6186508407827,0,4051.7140120135805,1141.452899200843,1950.3708226625845,1378.9121988393872,0,0,0,3
1803,1762,343,1243,404,1859,665,2067,3477,2584,2330,2000,2153,1102,664,619,259,233,38,1410,1961,1539,2214,1636,1500,1067,681,7219,3159,6666,7077,2987,7434,1397,4901,2743,3924,4913,1043,541,1994,4061,1918,1567,1741,429,838,1033,1662,66,2424,1973,711,748,1389,2221,1855,962,61,528,1875,335,1149,3067,1819,5056,3695,3605,4729,1440,3697,357,3585,2158,1046,575,1594,2074,475,1217,1213,290.71591027809825,327.35937395584983,949.6966646362006,113.12882489189707,0,2162.8558400873603,921.1563249970667,3467.0112304367162,2191.9602079397314,0,3527.0820259833545,1015.0519303627606,2062.4077054898507,1265.8796577107612,0,0,0,3
453,1690,182,629,397,2768,3299,2405,1192,719,1017,580,557,1806,1862,613,3286,1818,4022,363,9831,10414,2856,8063,414,6885,2697,3290,1872,2594,3323,669,3511,133,4287,3624,897,1081,3393,3132,859,1491,1019,329,388,460,887,375,789,142,339,53,535,2454,717,6468,2580,4192,8534,2426,5355,2853,2543,3760,746,408,2291,4397,2557,102,402,559,1344,992,631,459,1063,1871,959,830,1696,491.5851689908631,802.2111015606106,877.9495648995586,1125.8663093258388,0,1569.132990699004,2092.8017258259492,4533.417101097521,1119.8757467054547,0,4088.738545346499,570.41386931735,2638.167412077506,778.9640844535975,0,0,0,3
1791,2085,2582,1584,169,495,1785,3066,4954,4386,7467,4276,13410,2749,11031,5908,5627,5609,2003,5155,631,3262,1432,2944,3269,151,1803,54,2291,1992,915,1146,3235,2918,1395,685,804,900,49,560,914,1363,84,408,1851,585,2685,1167,41,4012,2653,1929,1947,309,2027,78,2105,1018,1315,1328,951,1474,476,2458,2966,2032,2234,2398,2070,427,945,432,311,388,288,296,1545,2178,2089,529,3136,560.5237534612722,718.3953214124172,1198.048181061898,1358.8694369807436,0,1998.2898413393389,2440.960888278952,4539.615698930777,2846.3529044539137,0,3718.2737229224826,1266.3010568114853,2283.836076013758,905.3917082992821,0,0,0,3
7554,703,8916,2234,10794,6621,8410,8818,1463,5349,1179,5377,1553,4030,4452,762,622,1612,3065,1415,669,50,1112,789,678,569,816,1622,955,1122,484,1218,526,326,1623,1095,5738,2255,4361,7201,116,5413,1717,3845,5437,1084,986,931,2982,2245,286,930,102,1635,1227,25,791,1794,2298,1896,1634,713,19,348,433,1324,1184,23,324,38,3613,1540,4467,5,9159,8863,2766,6658,967,7166,3310,639.4777349198235,1027.4504876221204,2336.5067513241,2557.7153089002595,0,4022.612914512158,3487.8792098990507,4605.890861246695,3086.3684111029306,0,976.0152552635564,3303.2597017421294,1558.5375227449936,2592.481728714051,0,0,0,3
