161,64,766,905,298,321,1829,882,1063,1125,614,2003,395,866,187,374,253,3052,924,1982,447,1577,366,833,226,1028,1633,1086,940,995,1341,132,997,297,160,906,1435,301,974,633,420,1091,895,275,413,24,492,1776,983,766,552,275,2477,2147,2411,2535,3565,2416,1194,350,769,163,2289,1194,382,598,622,1328,464,7,863,1215,540,455,99,688,17,813,1216,696,548,253.9709986944298,730.5613087474725,549.5247084703686,493.99673086313686,141.02558556649868,216.40150570320174,499.7465936761719,307.37757923370395,144.68086671264498,205.65353807884264,261.23587014541573,101.64467891445679,1,0,3
1196,1591,1145,240,227,280,203,161,283,1551,1955,655,412,779,2928,782,885,204,260,69,448,115,201,1411,518,855,39,1632,1405,77,421,1543,1668,15,637,163,171,1301,1571,67,916,788,275,329,538,1067,1477,128,635,2031,5404,648,2700,270,1971,775,1508,11,1875,1656,501,260,782,1157,163,677,599,135,949,1770,1558,309,132,304,623,411,182,797,2107,1753,703,176.9256800343902,131.1255977907499,296.5232356679557,125.51789499606146,629.5619930753445,646.6047739016708,615.2595002403515,273.44558962874896,393.75558953642957,211.31943468547053,193.83118300985228,297.1848019851927,103.08962723486945,0,0,3
120,1149,59,1815,2658,1428,4331,4068,1425,2677,456,2159,363,711,654,105,322,1456,2269,535,77,956,980,413,167,66,334,87,482,563,426,508,1293,1656,581,293,1118,2273,403,1508,1644,846,4343,606,2247,531,2883,1660,518,321,1487,483,926,1092,215,835,1061,63,227,1650,1568,892,527,433,528,760,146,850,401,275,477,109,646,398,859,1745,448,2242,37,675,1252,46.38879164157574,279.5851079827092,86.61499534215041,579.4818777564126,235.3373564229272,1009.5157878552571,308.5066471609571,402.6959843556593,696.9511288651653,333.6500224083008,485.63952967359256,246.55975626498193,0,1,3
575,62,187,926,2070,1597,565,162,918,610,575,470,174,912,2067,758,1733,781,3475,4240,1687,3605,6,1488,519,2262,599,814,836,576,763,860,932,315,228,345,801,1150,1565,1520,1214,0,521,121,333,483,699,1250,1652,256,653,1000,2199,1610,1474,1707,939,511,959,653,296,157,150,632,1113,919,675,29,137,564,724,675,1172,1804,1343,471,242,2043,1867,643,3771,73.7178293588775,352.30782000464717,221.3158548876395,361.66095689550883,273.348642124355,338.07690728116853,563.1920961092907,523.2846005214831,278.30511002369417,586.0545049494701,176.8316456105139,278.9414661366261,193.39820122558987,123.27127104215127,2,10,3
501,2912,1472,669,181,1822,699,1126,1217,876,930,1159,1105,542,259,630,764,60,308,417,619,1176,1016,970,923,383,812,1532,1056,45,302,1288,839,103,512,555,1753,1122,220,673,663,67,974,1174,1660,1638,387,24,806,1291,242,301,636,1005,786,341,229,198,1620,1666,438,368,1333,1148,302,1041,887,1623,707,1601,2654,3544,5485,1005,1027,447,1163,241,801,700,634,130.61825938154016,219.0535628517139,419.18636565956524,350.04083117568297,599.6778919777463,461.3325397279137,496.28406082990085,149.52125988145647,470.71410061774145,297.97772281868845,299.8026643564909,230.6992189371268,0,1,3
635,622,657,653,696,1009,1568,986,558,616,26,1156,1006,172,140,517,535,316,1519,1384,405,2161,1640,2114,701,2114,1542,875,888,140,173,475,1308,995,310,867,680,798,1798,1571,1263,479,204,251,33,154,421,1314,1434,499,1766,2924,60,3515,940,3848,1068,2771,2136,609,864,883,414,351,210,638,882,1126,1196,1136,460,584,901,41,261,1146,1635,774,196,354,210,149.28402714342965,289.9790101478854,350.48396046448096,164.2264602625627,583.0597069615479,391.8416674813284,520.0492524827959,240.62603025633507,463.74798812062534,579.4826776657851,154.6458597364715,196.8338719053499,134.99182437144722,4,0,3
1010,1214,977,855,1137,1540,420,711,1429,1946,347,2483,330,1726,1156,482,5,345,79,462,1048,1948,1627,385,72,934,1036,170,644,792,26,839,407,716,1258,1060,845,1142,2215,553,1904,1733,1596,3647,95,1709,542,2485,2089,275,605,1053,598,69,663,1234,849,398,705,924,715,1103,1066,829,796,491,46,129,92,894,1103,277,2,371,43,857,762,1215,145,537,366,189.1725026534555,135.81437731841248,353.96973612513585,72.43485743646251,284.3182552966556,247.33267940608877,605.8797739278864,558.2483074611326,263.45968843991466,407.83479622447754,82.96500736081276,151.97034264396785,148.49154805324264,3,0,3
2513,2015,154,566,1222,1274,41,105,503,133,22,534,627,439,540,28,685,1326,1613,1360,1236,544,214,349,998,145,684,326,208,654,1304,853,1706,327,1388,382,3278,2040,334,203,1191,1372,413,611,214,447,1024,1230,725,203,240,9,596,519,703,1024,1458,1151,828,4,503,100,693,674,1049,1606,1085,999,478,1465,2090,998,1724,1394,294,945,598,361,826,172,210,111.25909432383547,170.1742402937817,211.7355611911373,66.45141233003709,558.7933568189586,106.47813647955752,552.7926822387165,117.33270977713951,286.77089863993154,251.77359080199668,107.17183958682845,375.15213669903864,258.7829244740332,0,0,3
382,1341,1251,480,935,1559,896,141,463,467,81,955,809,3,475,56,300,64,55,1144,2168,1389,874,100,2256,2744,180,4679,903,3669,1933,524,642,2766,1592,402,381,180,24,506,951,391,388,1136,1432,572,543,670,462,681,590,306,589,103,72,673,316,2065,514,357,580,889,503,744,1030,1455,958,193,79,732,758,254,297,481,339,269,459,768,744,1251,1873,26.211614346037493,230.95080863045226,179.79165574690444,278.28062441189024,392.903027059537,520.8041954557615,637.737964504974,283.8416425716442,413.4370755556628,300.53321904878356,206.63321436643898,216.17450269768287,88.9344554335814,0,6,3
1063,342,532,107,509,13,699,497,309,1466,2790,1774,346,1620,1245,3110,823,1287,627,1054,261,899,877,196,620,81,979,295,732,911,529,740,1020,64,584,211,102,2031,2648,1371,272,527,1611,1413,62,332,355,342,502,1054,725,386,89,362,254,1429,1495,456,664,1671,1679,17,597,297,467,246,397,585,1293,782,624,1001,381,91,2940,4439,514,4067,1167,2321,1699,171.17467329865642,143.89533897517705,234.95444576536227,229.79553185950752,451.88992536762794,580.4134660544737,251.11769834520297,567.6121604573583,385.7009536970814,596.7543447434551,192.18443859453953,143.13176443749668,236.27144030616245,8,0,3
244,1361,1689,1348,817,87,222,436,23,627,1182,1174,932,694,1065,977,721,254,257,449,268,16,386,763,976,1008,723,692,819,525,787,736,113,938,1438,2425,763,461,839,1018,647,571,559,785,993,4,518,695,1234,255,293,1128,1725,1004,1132,190,846,764,109,422,243,44,1374,1138,1520,2041,2031,3748,1742,3919,1327,321,472,1586,284,272,779,698,314,315,955,96.54948743055677,337.7412963710535,217.4221255714152,348.35444254384214,552.7940111758265,406.1034240283368,481.4808571448759,221.48275048546083,300.8723235427793,172.1593684810389,342.65804233493867,287.4501990368797,0,2,3
708,58,722,880,432,1051,1939,1870,722,269,278,170,338,389,187,1052,970,465,319,1560,289,1488,193,314,798,1725,745,875,1613,638,253,972,1213,83,1232,392,116,792,2207,1132,416,410,499,618,92,144,1194,2016,1320,30,1997,3883,743,3661,2767,3281,3272,769,1833,629,1935,184,570,185,8,804,1402,1373,757,685,937,422,121,161,107,475,842,644,98,74,617,113.09055524122411,156.07691584789822,209.54916387661763,282.9007186709495,106.47147512810879,814.4061901764261,528.2899761561496,499.85795126230585,313.60061504388796,313.9767341102931,307.1228638044734,264.3825637973155,254.4651404820974,5,0,3
1550,1680,1193,745,76,1745,2617,812,1317,1994,1352,2460,1265,550,799,964,65,159,636,1472,947,532,688,869,790,752,579,365,829,855,793,914,1369,1035,481,132,226,1241,1030,787,1518,966,4460,1965,375,479,1000,1055,1066,1065,126,114,587,1131,876,411,483,1198,1137,265,661,1017,370,975,1328,1169,702,437,786,350,411,288,471,946,607,132,1699,2391,1781,229,1107,73.68042177347846,197.75629712881,126.92071605214234,121.88619195917869,232.81289140343605,221.0158519412624,692.4229931053505,25.171967244969306,560.2143991309397,206.86408031638885,243.41575649771266,206.0446380208494,39.29745974769531,4,0,3
417,817,6,422,22,255,892,1589,929,1008,1182,1201,641,210,614,585,39,12,316,1246,1208,254,243,1114,831,2211,580,1629,868,2926,2305,772,1663,400,1012,106,299,514,1327,1669,1262,612,110,306,149,705,597,352,740,1703,1136,156,326,92,1084,1719,1092,897,1612,1470,1422,1229,1670,2595,885,2107,945,1276,2123,1102,77,397,114,175,725,1817,1504,188,272,1174,709,58.445063778666,172.35220883484055,173.1888167966096,184.20622405954254,390.6082316400923,199.92522800222415,648.9810990134085,378.1932053181896,535.9091979763247,241.12404341576817,246.41901123052358,280.46822574223376,166.83114781158326,0,0,3
177,188,110,592,1334,1065,468,781,1303,738,1588,1441,1146,2801,965,2261,52,2647,1949,420,419,1911,914,225,162,554,732,473,611,769,1326,1128,1013,1021,720,124,159,720,1190,338,268,247,608,90,1006,595,2419,1838,422,1330,1420,2528,1912,721,141,221,615,499,1292,300,779,481,566,1477,1274,1449,1146,685,427,273,614,827,212,586,253,348,863,1390,771,1192,1840,118.68860801839637,164.77447758467588,93.2228433147385,111.2618676391061,431.36010871886253,252.6166035109577,411.8815363464873,460.3073077532576,272.0606672146518,514.2076281863244,116.83574005420363,205.64980452445354,35.36635336693916,2,3,3
406,1917,1568,2605,678,324,128,590,136,208,627,345,421,1303,1465,422,215,326,246,158,1260,1593,961,423,819,330,426,30,415,691,1684,1468,2200,3400,2364,1010,3109,585,2011,512,208,131,686,877,718,199,911,370,33,631,1438,1520,823,358,572,700,7,502,549,103,815,1207,1264,1473,804,1595,2009,285,2775,221,3923,1415,1382,332,1872,1935,30,93,1135,663,768,96.49852525815629,212.6849234878656,189.28952449615636,283.7465404247049,568.9455767655736,441.1161978866285,458.290534767567,450.70229009128894,451.4651107934559,277.2219846661847,346.93249852608255,185.52343270398734,263.01984657560746,0,3,3
1524,956,679,926,1133,707,156,625,1448,882,369,392,159,274,165,1122,1308,453,100,56,1367,1089,1374,2853,461,4146,2391,792,580,1390,2544,872,168,376,983,654,820,881,431,702,562,1109,40,137,1196,2349,1170,333,620,1097,872,76,416,175,954,453,1179,378,2596,2495,736,1945,89,1397,454,852,1007,222,690,553,517,1079,628,62,331,1337,1200,304,135,45,228,130.78175848481388,90.42325435614941,266.99292484346205,169.67594311452171,171.57159584266856,227.1248779888783,797.8607657326102,487.8537641899764,579.9743003324804,254.87869151083456,283.33198956100955,216.96190412012848,31.452366624147285,0,0,3
389,335,152,392,173,920,1089,139,728,1878,1601,1641,1100,702,1253,479,676,704,391,96,600,178,401,1007,1467,1152,546,526,246,879,1220,1393,1332,1234,407,391,413,132,1183,1286,1056,1544,378,1354,1434,1490,1935,2611,2676,396,1653,51,1220,89,57,693,1532,1476,634,616,763,50,1072,1023,95,822,1439,1503,497,279,187,985,979,563,1017,1236,729,409,1252,1296,52,132.17079096738573,197.14748026930445,143.65164747129353,317.0100581523357,570.1297179996526,317.65413518220737,308.7173466629395,51.551554891137,443.72297322288665,69.36200114932902,276.306784959623,133.76334021060845,1,0,3
336,85,1350,973,204,190,1342,1870,1048,635,560,943,1267,738,1516,487,2885,1807,1813,824,1659,2786,1408,625,399,267,35,1048,1824,1253,169,0,924,1025,631,662,855,835,223,323,394,135,478,1082,939,575,320,233,68,1200,907,934,1667,1150,350,248,1261,1906,1721,897,476,185,381,547,376,443,225,845,27,677,776,936,911,1108,1392,1564,704,32,169,544,385,100.11302169139005,111.4376670048091,122.20939843979843,125.91850509877275,136.66150015640835,127.30011380738978,506.0044042803104,522.1476785783747,510.56280395558497,234.64578319623044,172.41102949985353,247.97090513217825,72.65217147622629,0,0,3
157,365,441,1002,1450,652,1417,812,2901,565,4727,2584,1069,684,1045,1034,995,620,973,1583,1056,476,517,537,539,245,627,723,684,1257,1975,1058,245,26,207,340,765,888,1334,1867,1137,173,1471,1033,1346,865,0,1432,449,169,413,364,499,232,110,37,256,225,160,933,1289,1430,681,220,1673,2853,280,2413,1833,1313,1428,58,94,908,1953,915,690,1287,1080,610,683,145.96155901215567,113.13429362406801,167.4645909399474,366.0260240302825,403.40506904962643,269.62304005531354,308.65210976894707,627.6074463520457,478.1258968444521,336.68827512686914,188.25015610380737,338.8181263894528,310.4266779166902,194.154064585889,0,14,3
323,255,332,467,667,987,1449,1521,1387,564,195,1018,835,347,671,163,916,1014,1824,39,2142,2714,509,1160,32,114,1103,683,412,362,37,385,950,1370,1407,1545,675,273,667,215,328,12,585,1410,1315,648,2496,1356,6103,2129,2066,2037,76,278,303,497,55,302,696,850,789,1076,959,644,1301,1252,287,375,456,878,679,128,3,850,1597,666,234,1119,2130,1601,992,97.18124517042975,156.59703954137794,256.2706180360466,125.71067637050139,419.19345489480156,287.57845127711994,470.29890791758646,545.4627368743147,129.98707226437855,546.1177681173472,233.63042442322484,189.56241736285276,353.7490613936587,9,2,3
1197,2699,1912,14,161,565,411,199,313,736,837,957,741,898,458,396,1064,1107,523,1246,1559,1292,50,575,262,728,989,432,971,1690,1157,44,1366,436,1788,2003,1827,5297,166,3543,791,1676,530,1155,503,2256,2422,1283,234,57,581,45,1068,1149,59,163,1551,2084,703,262,330,1287,701,857,548,778,572,1273,2032,183,1243,68,1905,2425,812,823,635,866,1124,767,968,117.56512810821629,242.50375458124495,207.77775225167622,246.07434885041295,294.66239156023966,195.902945932483,1087.3690918610582,447.8591981871513,550.2529708387348,227.19342581383836,248.5420418621576,262.92211306946035,175.0810086781238,0,0,3
1177,1591,946,1036,1309,284,435,395,1121,489,381,1160,1588,620,205,409,1105,1181,72,786,433,303,312,1337,657,2830,1231,2747,2592,2710,3078,954,3178,1430,49,1408,1456,644,220,93,131,308,598,422,207,245,724,383,522,1215,1927,1326,778,656,1559,228,444,2098,1825,1433,120,198,74,45,136,645,565,96,367,208,966,1248,260,106,1577,1761,212,250,371,324,1036,112.5182616199169,169.14001630695245,350.8848667285795,168.43316517785127,424.34052990581773,549.5600797789089,439.3219454429435,457.1147239970215,398.40735229427384,352.5521625515765,139.18317148434625,166.59510695534175,403.0726412454528,0,6,3
1819,1460,78,475,266,361,247,63,1213,1809,162,812,2669,2122,691,1837,1228,1745,213,763,167,1447,1041,187,285,506,28,569,701,1158,1384,1164,1064,478,379,836,596,367,375,349,693,730,125,451,442,187,788,2073,447,980,456,399,1933,321,1271,183,608,1338,987,888,1027,1799,1708,41,1001,87,948,167,1027,390,163,791,1981,1053,250,569,1259,1651,859,54,111,27.315316642399672,55.68511375313931,164.20893545261094,347.8342003411415,233.5328737565656,281.9032546737742,561.6149532365483,345.86288057670026,359.38426662530304,141.57410009622458,306.9592860073126,130.136797362228,152.42964338954354,0,0,3
797,94,1751,175,3027,2846,1414,3117,1851,3878,800,2578,1706,178,959,1562,1294,894,51,180,358,1038,749,386,402,315,298,712,1219,1211,1231,1093,580,129,138,105,408,467,1934,2294,232,849,393,3291,2189,216,607,235,961,237,459,5,298,601,315,388,739,520,904,1420,1002,1331,1501,816,509,1199,821,12,695,453,214,498,760,749,1237,3561,2579,1931,2560,2950,3399,159.71489579518163,417.6251345011278,411.73943775782703,644.7481168440606,288.16554610304263,693.990963658635,125.32885703827694,361.47573859548334,733.3240728540344,463.4348954432315,409.12819754959236,207.62115863060623,1,0,3
1403,297,334,122,895,1518,1022,187,743,660,1132,1403,596,897,973,876,707,70,804,461,393,145,648,421,477,1010,1855,1193,642,27,472,2413,671,849,317,966,1251,481,691,923,409,151,283,671,1083,1087,831,436,75,811,889,408,411,569,217,769,43,155,206,474,1349,1867,37,1705,855,1911,3181,1163,2378,250,1979,1257,190,1438,1849,1383,544,466,375,264,163,93.0587444953355,74.09159460703128,69.27908639834251,315.15698956660316,258.07060423953294,572.308878003125,237.69153785157397,385.62437049803015,308.65086388824164,194.38241079639718,361.4364903189285,13.545401711127804,0,1,3
696,717,44,690,1394,1308,536,645,1359,1653,711,729,237,639,273,1127,112,2389,1823,221,595,548,1370,358,1225,1180,870,1323,1242,476,306,863,1318,148,488,112,327,664,1918,1307,853,1322,1599,567,671,582,174,496,283,363,2650,3281,360,2215,833,4837,83,3565,1178,1085,44,1619,54,891,421,851,306,273,1355,1729,604,550,108,464,441,1398,1576,693,371,551,465,167.87558831938327,234.72132381824517,309.6863194250008,273.1442593650302,789.1843093921534,394.85143447302397,612.0522013350228,88.23421775077327,503.05315643779846,245.41947386733295,245.70162602721592,134.94156052808614,150.26306770989393,3,0,3
54,679,1306,1142,1548,385,542,268,395,1742,314,897,1076,355,451,232,357,11,50,75,1041,1718,1266,870,761,362,185,470,1267,843,431,961,41,1024,885,555,810,772,2450,3511,1543,2080,3551,1227,3718,950,1119,364,2069,613,379,352,683,486,845,49,480,303,612,930,328,1553,1346,520,355,1933,1291,1329,2597,714,2970,2366,557,86,958,2120,829,4,12,317,494,98.86298787179021,116.77972634408069,148.52965125737055,297.4344910457272,316.44034527160403,282.69398411147324,648.4135903266774,329.77262699820716,318.7671461126827,712.5881676315984,295.4738639035316,276.8204036438602,211.31410801147263,2,9,3
336,1559,975,42,785,1336,591,707,1066,944,787,493,61,339,548,795,1525,310,80,194,2155,2552,2213,4374,541,3274,1131,2930,3100,722,528,1286,1828,577,969,450,1313,1205,559,852,256,315,669,1579,977,635,1597,2276,670,748,217,399,194,389,140,727,2479,3006,1188,1509,64,1530,1499,38,1052,565,116,133,852,1514,403,658,69,1312,1512,792,564,713,821,162,916,248.8872887829919,142.41290951221887,324.5736631668861,161.8138174517875,321.21022419126075,459.1692559403464,621.0786064634289,710.1793285975932,433.81706145096246,525.1784393524727,209.36229889325642,421.7996232829606,255.77797718303515,0,0,3
1063,758,590,164,210,250,384,127,336,85,1656,3128,1469,2079,2337,3048,4307,553,1297,253,697,36,205,543,775,653,157,332,699,1227,1548,1310,272,597,1162,689,504,737,467,260,809,212,275,398,679,219,2473,2067,123,926,148,2522,924,386,819,626,675,936,1043,1063,97,954,1019,393,719,1385,788,734,1066,809,367,619,126,929,1789,815,474,493,136,325,2681,64.5411652573944,212.4393732282287,135.39693579073992,373.26354434180894,308.33536559627277,396.9988414863147,539.7422160751131,300.5133726372351,643.2066407343042,109.50732725627529,266.52155270679714,311.74155613464694,0,2,3
2505,59,2238,2403,2395,2407,712,767,981,2181,812,306,762,857,577,407,1398,1122,429,587,1088,930,811,758,483,317,189,1211,1131,254,967,1979,1281,64,234,397,637,1041,61,1247,3174,1041,163,105,696,516,796,611,734,522,414,1060,1206,497,67,222,183,354,678,1046,1300,221,1053,1611,1067,969,180,218,67,133,671,1521,777,325,164,1092,1765,951,331,521,479,120.65397641347751,169.924967310886,201.99196740324464,258.2338812433812,272.5978717888951,158.07029560931798,347.56745082219743,414.9577245429513,154.79661405218525,357.753642883477,355.7371461583537,274.8921362655695,154.85194382883193,111.20769077497447,0,14,3
523,1465,1726,972,797,964,474,551,483,723,1696,847,883,1233,888,2964,969,1420,1407,435,483,1227,1004,377,159,48,674,1079,800,260,611,688,27,348,741,1015,1201,1067,1312,531,357,53,721,141,236,581,1476,339,482,1666,3002,3282,1143,1853,1447,442,252,110,232,282,831,658,645,978,1792,1469,790,142,145,327,227,330,577,1155,1834,1228,1109,1016,1515,3485,21,110.9075535534345,82.27920725306248,198.04989149930145,176.22502502223668,214.16208785463004,320.20032410957924,526.7322357323927,372.0891506465934,440.0480354540576,231.33623605682757,105.45667741301438,288.58970773239645,130.4707947394224,0,5,3
3963,914,2166,1415,978,1527,441,127,311,583,51,1204,1476,1006,1008,1135,894,570,579,385,3,548,424,671,1392,876,30,56,22,499,1364,1977,291,2598,1147,3785,5621,1328,4873,655,2580,1580,74,1124,2224,2257,1065,644,39,964,17,1130,706,530,140,1077,1884,737,22,1140,2080,681,256,634,987,272,501,689,936,975,762,1332,815,4340,527,2257,105,838,794,2406,1053,56.675496666382664,263.1046015634122,221.54582689485844,243.87412392313627,302.33334665564104,362.8396435325623,1289.8549580379745,185.3851010807656,890.2860118406476,336.1081956822174,435.111025570891,353.65629038419615,250.67393510879725,0,0,3
75,571,870,313,357,169,400,642,1707,1751,1081,956,600,438,151,356,201,616,227,1434,1522,29,1005,1272,3793,634,2574,434,836,2023,301,836,7,955,976,42,414,1386,1228,226,770,392,235,1441,2566,1371,286,132,431,268,594,250,876,1086,2117,3051,2472,750,1107,32,840,657,680,897,606,668,160,626,622,165,139,761,1284,1050,1168,1267,244,213,6,166,1005,130.79702073695975,185.58309936663167,217.36403174532788,303.8152922430721,641.8611886347601,284.59527860471337,310.3297624142289,147.50576679772217,411.7572558485947,196.06096505116398,101.53950160214471,129.15993551789313,1,0,3
1115,562,435,1165,456,467,524,704,238,553,3017,4797,945,4149,1035,2202,1431,515,370,1782,1633,542,103,314,532,456,426,807,1420,1220,775,313,148,498,691,51,112,1406,1386,397,981,97,122,1890,2036,546,813,1626,487,372,175,346,327,841,1185,1684,1031,450,1105,919,84,834,237,232,263,754,1198,942,879,962,1142,653,675,1193,542,456,227,201,551,2551,836,195.39260559366895,245.20839923320676,303.92657845860816,334.84177430545907,146.76243602586888,367.1926526710825,691.3076403896439,360.4935769882333,580.288956679674,215.27735646685392,160.84504939216586,112.87935917607781,2,0,3
4678,2894,4170,3207,1241,1915,309,249,1903,2178,1291,227,354,956,276,70,234,350,6,151,16,284,710,929,628,894,1139,1081,998,528,177,82,85,866,868,1312,3425,1752,388,327,742,2134,1288,3,195,377,349,322,617,153,460,81,589,634,840,1059,1178,1143,1502,881,401,469,192,794,212,1059,822,314,193,1634,3038,2488,1667,1546,340,128,892,1032,64,192,577,324.2269623025197,196.81969510129116,330.53215784530994,355.45630898285657,236.2798049982266,362.3945430979377,473.8398267771137,641.6209957729352,606.5487140130305,519.9244855664489,233.8453116663151,160.81392953346892,287.7400578091666,0,0,3
870,635,433,641,1015,825,382,307,256,928,1166,1338,1638,622,98,250,262,510,547,1265,2618,3257,1693,994,1318,1683,634,558,4,477,1567,1526,153,386,191,185,1000,1733,1655,512,93,59,16,185,753,1324,1340,522,1698,2099,921,754,1974,884,1717,961,390,866,947,63,610,160,326,230,1496,1022,319,326,768,1319,1001,586,1835,2658,855,2193,1121,2802,2155,322,1408,110.48371511363865,173.51982105247336,202.09019610238443,96.52691312400324,162.18565431669876,483.73767805809393,398.43581266459574,265.97485523241414,367.1514136769698,283.5957350120728,270.9532971812845,337.00072050454503,227.45149307395556,118.30391321645443,141.9193247264195,8,10,3
68,1676,1230,672,503,339,317,175,1110,1505,994,744,653,472,706,715,452,482,646,104,138,746,170,138,93,333,1271,813,386,1555,1,746,185,1652,514,1956,646,771,312,2723,1785,352,291,1064,1467,224,1067,105,990,26,828,180,103,868,1064,712,134,314,97,358,211,830,797,221,2623,4029,830,2665,25,684,636,1564,390,304,786,642,741,349,240,878,978,18.797257443644835,173.79523243410955,139.3090940002617,288.3803462161197,341.722037988722,148.35594094554477,466.5239803000203,413.12853938087795,244.85475015490326,369.80477127194683,94.70664412360433,262.2553357152359,211.12707061308532,0,4,3
617,471,535,436,1098,1444,1551,1499,833,439,135,565,240,528,920,2035,1851,979,2314,2283,6249,537,3400,1215,722,397,1288,562,648,880,1366,1311,280,333,40,39,590,1641,1556,726,208,208,723,258,94,871,1412,2009,682,1007,1454,233,1868,569,930,1420,1334,943,424,156,484,11,60,651,1508,1021,94,431,375,1087,1017,861,876,1051,2602,2355,853,3315,1432,2976,2436,215.43664123402328,151.2624450871985,305.01547294833586,405.78857017496205,436.7556095814136,238.9160411525213,330.1470335898039,673.4499987607923,291.17479725834494,319.9967695286334,530.7468486408135,398.4991135622838,445.3433278001823,87.50652280938608,4,9,3
397,982,729,1220,114,354,95,88,929,1617,1921,907,140,861,928,61,198,234,408,658,720,613,200,263,1267,2092,1203,462,476,1411,1849,1073,842,2146,778,2283,1307,523,1001,1315,214,387,893,1261,482,218,1058,1242,599,616,971,656,330,153,83,281,241,1478,1152,416,1025,1583,1002,744,504,2147,1415,2396,3947,204,1246,1085,2292,1377,197,845,1644,963,469,1460,789,174.42708081661397,19.638208598252586,267.38894635683863,273.19730747805056,275.11167391624804,209.7251668523777,119.26762767047147,716.2677534232066,184.513198303266,517.224763961767,84.87073356732125,278.9457931702332,136.23238862704304,0,0,3
405,76,1167,1117,147,438,1427,1872,617,62,977,1486,352,1883,778,669,558,278,29,223,9,447,463,51,873,334,1245,265,1095,1530,502,329,333,472,730,472,2067,23,2819,2388,125,2777,371,3967,2532,61,204,1335,777,427,515,223,707,1278,231,838,516,406,1374,1623,1520,782,542,773,192,1139,988,840,1154,209,268,12,365,1402,1799,200,3655,1871,223,600,1064,48.253695823443714,115.29257550702603,352.4389479030702,35.38200024502995,136.72595417527313,73.52985119553946,529.6471046693857,385.3268693958808,609.007086178373,116.18853272540963,484.22216633422136,253.94361757788607,60.08782634610773,385.2164343446143,16,0,3
1045,378,377,277,1386,1376,140,51,990,648,895,1400,366,325,1488,2277,559,813,139,1086,320,709,344,1759,1626,2032,1039,484,1160,2487,16,1396,274,1374,553,960,450,649,1240,1006,344,716,1341,920,284,58,161,957,1326,1112,663,1048,1194,447,488,285,990,1627,997,51,153,1350,11,2328,2414,803,2008,1037,229,488,62,371,760,1253,1454,1010,447,940,1778,1034,439,22.394394330522257,71.89925950474057,51.22888382403209,119.68675455817367,262.84361914454,499.18101110360476,197.15490960963564,336.4981599954367,531.2070338136732,306.8459432896251,261.66492141675855,160.91253497193313,51.72112623987447,0,0,3
590,84,509,171,273,1329,2382,1241,27,358,1269,1639,706,306,2903,675,2147,1637,986,653,1395,1488,1077,462,269,107,44,856,970,787,474,552,778,1455,1021,471,941,809,462,517,182,150,588,835,914,856,1137,540,1954,1699,491,170,555,1288,2034,1269,628,237,900,523,1250,1165,183,663,604,1445,780,443,1020,2001,1092,133,237,139,542,1014,702,119,345,229,1006,122.53869508155492,123.31841275504195,144.12882309156006,189.34258478361144,187.51764250331223,118.57823500229586,174.0498593938168,557.8255123699203,209.77766196878534,488.77876168867743,97.24590343143964,332.1363066041858,123.3191882445866,0,0,3
141,1755,1367,1743,2711,348,608,737,2338,1852,99,414,777,491,91,187,169,412,894,368,82,257,699,356,576,1169,1714,1276,868,377,179,295,27,370,995,798,1292,1895,3025,2640,1328,1240,1142,1342,423,988,492,1103,672,14,473,297,781,156,730,1724,1596,949,519,323,52,88,386,121,1312,1832,1144,662,543,1980,1654,164,1903,3005,664,2646,482,1016,211,1272,770,95.32481803528275,70.16863764161452,167.16717304782753,79.08364360918061,451.73691560476874,232.87346506655808,790.2358635166975,264.24827165529297,480.8900997940561,219.0764278570533,132.66161342648425,233.13639303122005,0,2,3
87,362,85,371,1316,2229,1191,970,44,236,711,2117,1777,1029,790,310,1116,1419,435,470,771,890,504,1915,1480,466,594,1220,695,130,465,1146,601,786,970,130,209,1046,1707,931,583,1157,1591,1272,936,2060,55,3169,2351,1597,288,1976,1830,416,930,1042,458,411,473,180,470,819,1053,880,1003,1382,1076,495,468,466,413,756,1143,48,2220,3083,265,762,404,2305,1588,167.6355587015307,86.53734460889281,308.7943170464709,82.66083516478761,209.5198148660065,291.17829101839675,295.9325237419785,747.2480709565813,25.247886444910414,519.7118207085515,98.29458683740062,56.918538441940306,317.8000101210437,95.33503624595282,0,9,3
433,501,1158,665,244,205,1127,1221,450,885,1383,1039,520,573,73,366,459,946,441,558,494,178,103,1139,2891,2508,1703,4793,320,2377,58,1871,677,961,260,1411,1002,156,162,290,1071,1334,637,583,792,105,730,880,881,1364,1289,786,28,1133,560,1078,1237,283,704,3042,2987,1486,223,1659,785,1597,114,443,248,1277,821,492,42,305,437,423,1002,1830,1206,609,1015,233.00735684910455,72.26483319857488,218.16498246026222,319.22239875905916,219.89207580083462,221.50872606583832,750.9464105410875,290.99684867978925,537.867425829755,394.7031842185347,315.7511066179004,215.8377947499394,105.87968657945353,0,0,3
192,64,403,127,952,659,863,1562,712,231,2362,3011,556,2735,2741,2931,4258,214,1333,508,1807,636,288,880,851,571,464,1323,1019,548,545,864,825,1232,755,341,633,611,36,269,727,33,756,780,796,547,1005,922,3310,2211,2387,1864,795,1318,1128,1174,1535,1335,1351,790,704,716,54,306,389,1064,755,588,1062,1477,772,491,748,673,81,361,394,431,552,1296,1261,221.52729062240556,77.57061366755556,285.7215855326798,136.22954229829244,409.6758749304138,505.3966216070074,404.1370697390052,790.913739900157,109.57089244407217,583.1380838656949,111.05514671709392,372.9436107430751,394.7727807460791,0,0,3
1045,1602,133,1644,1003,1538,61,2244,1998,713,635,1412,754,113,34,1,385,588,175,37,776,1310,1257,716,1131,1450,1120,504,231,325,675,682,98,460,610,1331,426,2011,2002,2419,3757,1610,8,431,1145,534,436,388,144,619,796,413,47,361,289,34,486,1321,1258,1328,1308,1430,716,18,300,408,4,520,1035,1287,147,399,1573,3394,3955,1798,4248,702,1505,483,397,77.53064540011158,227.56384678042727,100.64269339102013,92.95172650535814,487.67717777102996,487.25225555839063,560.1929035852845,530.0197558466788,612.8029974092424,223.71224283391274,476.36012666775633,38.629184867399225,1,0,3
529,869,41,851,1111,250,294,1019,1850,940,391,826,543,418,1197,1257,311,476,429,674,669,464,847,1383,2480,2113,819,491,283,1898,1555,933,26,637,311,715,823,579,472,466,124,960,1377,1378,1195,744,332,461,533,301,672,1117,679,163,367,717,893,950,807,1279,2332,375,1897,1118,1799,3116,544,2205,93,2003,1284,605,422,352,198,1434,1941,1593,735,235,845,79.98866955320308,91.53092791777324,139.144173554704,108.84417985501514,223.23338963963258,464.00932036503986,416.9271322582611,225.07880069295376,608.4734446165621,76.9769790466709,407.75861077192326,66.31523496373136,286.8596182841253,0,0,3
299,808,791,344,121,228,1447,1709,1077,765,905,1211,485,1670,1072,576,2531,894,147,822,1536,1741,298,125,184,577,115,1087,1526,333,177,966,1327,481,480,883,1104,937,390,93,108,109,979,1177,333,59,536,588,1452,2944,873,3520,4256,745,1986,913,2446,1208,52,1249,1740,658,198,407,149,310,669,91,89,32,864,1284,1239,1289,1617,1089,615,64,969,372,999,114.24791986285777,79.1345450819246,178.87457876840529,185.31891047394714,264.1199964031501,313.8573375849853,780.2023825450638,178.24103584688282,552.6942912462235,275.66913750346566,249.65298189694474,249.6250407597164,223.34439728351563,0,0,3
863,119,855,1953,337,59,663,486,1468,551,1800,582,530,335,820,641,56,271,479,535,1639,1416,441,559,1343,823,396,475,723,998,175,1076,549,614,629,172,251,1563,3269,2901,1260,3159,2065,4200,643,2272,605,1529,896,146,224,759,1277,671,660,1386,1167,694,665,810,1487,1005,281,157,373,200,167,798,1046,752,479,209,311,1515,1915,1472,128,1928,536,341,230,78.37258212293953,176.2786884229709,272.74297791720693,198.36861378726766,362.74989854183184,232.4486331117692,797.3100801085044,489.1548771220414,411.7117962043572,406.59228435240993,166.50292049448296,246.299742492461,2,0,3
163,296,329,781,1339,816,732,1384,1345,506,453,587,31,184,117,145,310,707,458,199,45,1338,1884,1118,738,1047,1106,1585,236,2199,1940,1544,3797,161,990,1666,2537,739,771,306,1209,236,1088,1111,518,163,808,1030,539,218,890,1262,1228,481,688,1435,700,17,303,482,731,920,432,1649,714,2421,1333,161,364,1663,2283,475,556,272,1231,1000,363,558,655,1171,56,72.33410750353146,162.34239595040506,266.0925173659641,139.91932131824058,359.07306416287645,325.809572911879,655.567122299642,512.5047483148302,386.86478414390604,278.88560559101586,53.8800173407795,168.2383073358242,79.2872451192217,0,3,3
957,350,336,1268,2273,1426,612,267,552,421,295,233,384,1144,1880,149,1036,791,3093,2209,1591,1664,258,982,377,2057,676,1032,1195,687,275,844,613,337,685,949,713,947,1340,1488,374,299,117,173,166,466,550,523,644,719,247,181,203,2746,130,247,789,1582,1182,224,761,449,643,962,714,1143,981,797,676,234,581,153,817,700,892,1094,485,281,1716,2801,1183,73.01418966436174,66.06158480805193,96.63934063986223,98.81942407129591,217.84350979874517,132.2004058626369,150.26170050587274,568.3274532238811,326.46747146801374,510.12657126411796,51.11505060708906,155.04477116827445,235.42500904456676,99.21278309910363,3,6,3
3172,2498,3647,3146,1018,1883,46,897,231,303,1564,2067,1683,735,166,32,262,353,611,100,522,1098,1107,408,49,29,1114,1827,873,525,1683,1639,403,1380,1356,644,3110,2006,2071,721,2146,2449,972,38,591,962,493,1190,2337,685,735,459,1880,911,442,297,1629,1299,187,126,1504,1422,686,1434,124,511,302,546,1082,475,1763,3401,1417,2837,1986,145,63,941,1795,1297,780,215.75302401699474,181.44029139835442,426.8489599749344,463.74465464768065,336.7460838673555,117.04061741784527,778.7383992088705,580.519867000461,289.2257879208824,688.4284940557189,418.02203389454036,504.57690059732823,262.95863508644146,0,0,3
912,1171,977,221,948,79,867,55,1443,1047,684,1481,1917,942,81,588,55,197,751,989,230,784,414,1799,889,794,1096,40,2760,1858,738,1064,878,441,350,365,248,280,298,120,760,1079,689,792,1374,1016,584,640,319,263,960,1543,948,10,270,521,34,302,98,1044,2530,2700,52,1582,2007,3005,579,1137,365,451,148,45,97,105,379,535,211,1258,1465,960,759,131.18031315101138,94.5405944002261,247.0658459034386,141.9927546072304,46.88023304122965,378.934195624181,372.00852593782554,474.25691104344924,295.18054885193624,494.21284092944484,182.75454295751877,66.251675218415,91.01314133470467,0,0,3
1026,1577,1174,237,263,276,571,587,454,1005,1099,1105,439,378,15,1828,3075,296,2881,156,1411,418,254,279,273,168,316,179,584,961,523,407,730,176,566,574,905,1477,1783,2263,897,1360,2040,832,4092,835,2439,857,2061,2456,471,159,1475,1605,244,1421,1365,200,566,1554,861,379,164,1474,1747,203,360,991,1503,1,1294,567,191,37,868,1818,410,1408,1929,450,2340,167.35274741696523,14.328347892485864,261.81264133252625,104.46791610335715,118.11043362575751,427.79012444331806,260.4896929075944,792.6580820256843,203.17050797156344,380.65017932081764,543.4650281936939,184.44453308113415,299.9141613821042,166.95163407539127,10,0,3
1015,226,197,725,1860,1016,503,849,1482,1205,335,874,298,1053,91,775,313,21,462,1745,1380,727,736,1377,1163,61,453,62,797,524,1141,1122,1342,3601,2352,1712,1050,1348,1414,980,2199,200,289,541,967,870,297,234,183,1128,1143,793,902,569,1021,795,820,104,352,257,288,77,1246,715,1496,2622,2724,181,320,1078,769,173,479,262,672,926,897,392,252,633,834,21.774653233908875,132.59114070723774,85.885990472597,176.38793110809925,229.5726348483238,208.1306581692925,646.6227351891666,449.45167756090086,254.62157338635456,472.80290965091547,61.03669906514169,212.73507339234675,42.515380848014324,0,4,3
29,1171,1601,1453,1006,902,301,148,211,672,580,1886,1504,1027,326,13,1164,3229,1436,3834,2201,1701,1743,359,473,1415,1325,957,926,516,590,1101,1347,759,474,1036,704,84,770,732,36,659,120,542,323,221,1719,1773,1425,3,805,730,3647,3002,2074,1531,959,1327,679,264,1131,1702,965,666,1806,908,96,948,1721,709,586,196,1461,1024,381,554,410,733,623,1500,449,89.8324344679128,362.40051503217217,75.44794043736414,251.14027319860585,398.5377897630098,516.1852845716592,818.2019754936142,272.03767230172633,551.3736057582113,20.231628436416386,337.7200414521099,199.93262247703302,1,0,3
26,1180,1917,1751,585,1927,91,3483,3270,1726,1951,1366,2759,1634,58,544,997,401,943,1488,1108,244,223,1030,1264,547,400,1184,152,544,602,185,506,1560,1277,238,282,847,1359,146,1774,1859,659,3567,1953,158,70,874,1384,255,717,543,46,236,1099,1143,325,101,1115,1463,654,463,663,504,253,1029,1578,961,535,1346,1049,409,612,418,1014,159,142,257,577,4392,2876,102.08828506237441,197.39383291554813,183.1231225974728,197.43929234085292,266.8992679542807,273.99124630017207,817.5086456896748,297.44507742439305,728.5370092741889,307.5132904534782,511.70582743726607,198.2426166651188,1,0,3
495,516,665,990,898,874,1474,1355,485,69,305,935,1008,351,123,532,938,331,257,1182,1702,1299,114,206,2384,1544,346,499,393,796,950,688,24,728,830,723,920,1524,1260,1014,252,118,4,180,464,677,1067,1263,1047,218,403,1500,2222,667,2144,3937,378,3304,1094,768,33,1843,1146,269,1063,971,235,698,1558,1088,720,572,402,591,568,206,391,366,470,61,57,81.54271002014677,60.41648720029289,158.84516706302873,39.08763687681345,287.15265067461905,127.51044733206835,357.73632389885756,419.8845001286585,487.53370512368747,338.1007855805729,244.42787799055694,331.84385444565964,156.42673359441244,5,0,3
260,348,828,1464,1680,552,1586,572,3720,2627,2619,2270,960,1680,1002,748,1770,1974,1600,430,851,363,288,116,813,988,213,445,1006,1067,425,92,252,47,119,811,1231,1014,2466,25,3563,1677,3870,2595,2029,3373,819,219,1967,2128,477,571,336,650,950,1588,1579,1342,640,133,283,120,343,446,294,1987,703,1340,204,3880,4876,1906,3430,943,2360,206,2189,312,1446,614,803,113.69095915718466,362.6706794582074,119.3409072583084,304.82391472631303,697.0957254051067,357.0578038016589,1143.1201681711057,274.9405021675134,298.24118690682656,880.6546738803578,327.9581819517149,513.1702442328544,206.53896118356454,96.32547315125586,4,8,3
1001,99,308,941,2047,1114,300,332,1341,528,1160,1231,959,371,279,450,300,887,197,1254,1428,225,2269,2947,1145,885,1904,1867,2888,0,1250,186,1410,754,173,242,642,594,367,1022,1385,1315,852,490,307,409,566,380,374,367,179,573,383,309,717,1226,1125,954,1421,974,877,1124,2213,2670,2267,2681,1250,2677,1353,707,351,1197,169,1653,2372,717,438,624,1770,778,696,83.57050042012635,120.68549673276966,93.53916836755012,185.8835473061292,415.4254212551274,398.1709826023207,626.5124751836446,566.7242513728332,604.796529242958,274.82366230345224,324.541516958405,173.86018612276104,390.1424685573793,0,0,3
195,1026,707,1309,1408,517,310,1142,1867,1175,142,23,1039,412,1948,520,686,1227,1506,410,198,195,1022,453,922,750,812,887,620,301,445,440,206,438,743,1241,1416,1374,1285,887,330,206,121,36,436,336,1595,3273,2506,1080,782,1719,2650,146,804,66,899,838,277,890,12,1008,627,589,1604,1451,1000,846,867,344,212,759,765,569,1015,459,595,1036,1526,2391,1853,84.7533941161865,115.29527652653441,13.15500350770881,235.32064716708396,78.3059862292714,351.36919068390756,514.3958488558653,312.1743735569231,259.9773989865199,343.7919922608828,194.69200303146832,133.20902476869608,157.00606514504122,6,2,3
2415,4101,1408,3343,88,2067,417,1130,54,1220,920,35,717,98,1332,1758,759,764,1373,747,189,316,278,172,279,768,65,1448,350,1238,471,93,183,23,574,3314,3317,707,1409,162,1001,693,145,77,1119,2112,1469,218,105,911,634,1171,1558,215,274,1292,1751,549,363,129,1100,665,22,899,1659,941,298,641,1090,1702,1228,4227,1665,3850,1787,1759,701,1152,462,1975,2034,324.53684304630065,190.33119884319416,553.1504887716895,442.2188104309734,521.4109925241316,904.0296472812338,617.8986319617051,362.9058987515422,238.54336418672307,577.820404353026,401.63844924639915,411.83412195092643,293.8729236308074,0,0,3
113,68,622,808,512,923,1236,1244,653,576,1034,1027,835,182,239,363,489,21,259,337,179,63,1710,972,54,648,1055,681,12,432,325,206,252,581,1491,1132,900,1454,1475,573,19,197,300,140,1079,673,4041,2719,2204,936,2517,2127,327,484,879,608,914,1431,865,204,19,303,718,800,877,1327,1043,654,497,329,461,917,1073,1065,12,799,266,231,441,637,1605,194.9500083495099,113.75508898815312,133.1603522705612,300.0329344289071,261.1915907613324,392.2076079692329,445.55779229952446,323.14657204861714,200.52993385596764,186.31192129854128,368.680028860175,72.10931606723018,115.65178774607853,151.7363002483334,9,0,3
1544,794,313,1721,1395,3756,1372,770,362,1103,712,86,201,97,758,984,223,952,977,655,1161,1509,1455,569,283,382,107,683,782,529,1313,661,66,260,1305,2315,189,5057,4552,2066,2464,1653,2201,248,1368,810,1899,1257,77,374,433,503,801,1633,147,414,487,931,199,873,113,1685,1615,111,1500,3125,2357,113,2588,425,1600,1590,213,65,1152,1377,485,837,1354,525,86,87.15956528755821,260.20764616067555,306.0879264972358,134.13824160112082,366.98125606068874,380.4356908424361,1089.0107035378792,385.104764740635,344.74974185174955,502.2569834718776,495.0933587509843,232.60235310582297,237.20293033222825,0,7,3
78,232,12,261,293,742,1393,1955,1521,575,744,1818,3737,79,4793,959,3894,2616,43,505,2501,1483,392,664,361,26,225,834,773,604,544,695,609,940,1021,1118,972,665,388,564,624,289,838,694,244,1361,1015,918,1978,193,3131,1242,1000,1379,1810,1530,601,341,509,807,672,373,270,891,473,498,127,48,652,1619,1633,1206,343,165,751,452,245,150,479,2353,1766,10.340718521768366,249.2815603917971,287.53780628818976,404.13172150861544,562.80718019243,356.3917622766066,750.4730915306927,300.1309365299954,708.1581405730701,146.78878861274032,315.4676681344318,247.853866837445,0,2,3
496,72,1513,1446,3989,1589,1641,1425,450,55,1392,1507,143,1414,49,1744,1191,16,812,1202,134,751,663,419,925,1692,1809,792,633,750,83,282,991,1904,836,645,1343,329,1331,1132,1777,577,262,47,297,109,798,871,37,307,1534,1413,243,790,295,678,1594,1123,476,397,753,87,444,595,1115,1191,1149,902,1428,768,1383,2789,441,3381,159,1792,65,1129,621,557,64,112.7276765133267,298.08829047966293,290.3610014453548,331.9222709892596,698.4603061397431,318.4803201957802,405.3355008560465,110.05453070402254,610.0680315398988,279.9111336505145,266.24809399429944,146.50437930934453,1,1,3
