635,989,1777,1087,2818,764,511,1068,2427,2117,2430,1699,598,964,1194,100,14,143,2121,2396,567,868,2578,1411,240,1510,1149,2167,2536,2576,1802,6987,2361,4415,1121,1615,389,1939,853,154,1804,2212,900,176,337,204,647,278,17,798,1033,90,485,903,1085,1918,2242,363,548,1014,819,1121,276,67,2353,3982,836,77,2340,1384,1309,1124,1429,1795,1168,2762,5545,2386,4034,645,776,1515.3577599589032,1459.2918277422204,1792.639894142914,1315.860184808157,0,1482.8423280983047,467.2839658617663,949.3871322815581,877.0167155297203,0,398.366965274513,1089.4413887832268,1027.2815564033635,793.1360125841445,0,0,0,4
1304,1077,267,1482,1471,531,217,732,1648,2695,2123,474,3,1040,250,1117,655,200,905,839,1162,1186,529,882,335,1864,3028,934,1546,1000,489,1,81,327,3721,7425,763,4520,3858,2383,370,1002,38,485,1228,1146,520,2078,1980,708,393,339,1188,80,931,122,821,432,953,1758,604,702,1234,1998,2638,1308,1958,2088,18,219,762,449,2310,1643,2459,2659,366,2631,1957,961,646,854.7657143036213,592.9338334555997,709.5028660635427,1272.0772046110305,0,921.9783864061023,350.11463954223035,992.4435856760491,1131.3749936006996,0,1274.1172412591602,611.6987079718732,975.6852032804927,353.536819770037,0,0,0,4
463,798,1014,233,128,884,1976,1230,122,891,1415,2215,1421,108,141,118,831,603,1716,2585,844,177,1386,715,1782,1128,1915,2072,355,51,1552,576,5772,5682,3907,3894,1256,2788,2067,193,764,500,618,53,600,649,1442,1420,453,617,852,859,2271,1156,95,37,387,2040,2354,885,355,1262,147,2211,1158,1075,692,771,818,2383,135,2563,1697,3336,2179,4758,1031,3254,586,1512,833,677.6641383683972,372.5415640579229,991.3298744837956,2203.181417585967,0,1219.7659908769388,1865.208881140986,734.2268252985455,1359.3835260301676,0,919.5609516744677,1267.145272671245,600.2685851224105,1001.2939266536218,0,0,0,4
380,300,452,1715,3123,1967,264,391,1377,901,395,495,43,309,236,1205,1166,152,172,564,1790,1543,669,1800,30,939,225,344,2716,3800,510,1918,1998,4928,3769,1328,2849,1888,716,1560,729,1256,2648,2001,1183,2987,1634,186,481,183,55,851,1301,1894,2354,750,1221,1488,1348,2112,861,2078,2158,316,1170,322,950,2684,1353,2428,2835,142,2884,3186,4322,3829,258,912,1223,2148,2803,651.4855480514161,845.9302923717353,1098.4725768510575,1572.2266227655036,0,618.6755207699753,747.7041546407249,717.9618916173363,665.0014224997257,0,1154.0508602042164,303.5611467464438,947.4490621988016,1134.0459771100666,0,0,0,4
2277,594,412,386,157,37,857,202,1722,1320,772,945,78,501,2256,1468,812,919,24,846,422,2380,3475,1565,529,425,800,2096,1569,569,5377,4772,5046,5408,503,1872,495,1507,1159,3717,2072,133,404,846,698,508,1185,1124,315,2183,1616,286,1441,2044,294,2037,564,1107,906,342,411,382,1212,1956,1369,1222,1349,25,1598,664,1311,5072,1572,5908,337,4086,800,340,959,611,785,486.6312912934218,878.0204886583681,165.72845010978625,1199.6556482849358,0,1077.529213061066,2298.987485118779,846.9379582385362,2260.7378532866765,0,782.2307234505747,1215.9713242269443,561.5294653245336,1003.7372815826661,0,0,0,4
1633,433,276,494,1165,1325,1717,2428,1752,796,0,787,1437,616,415,797,156,808,1724,530,851,1016,735,1506,2231,884,561,517,372,980,4136,4258,2926,3365,237,41,1961,2658,606,3290,1932,638,1345,92,224,1915,1878,40,1717,675,206,371,911,206,111,132,633,761,902,2052,1041,1006,1395,132,1975,2143,242,1306,896,585,2457,1603,6433,1483,1177,112,1025,1035,249,1088,2495,513.4745178028093,489.6879539966142,1000.496337023837,1118.8776648657351,0,931.9079782897021,584.2352340636775,1342.6872299181714,1077.5135411465308,0,936.0056777256905,147.62124869771318,719.5763596735642,297.31391391713237,0,0,0,4
2672,2068,711,52,449,1694,1999,659,130,1390,1229,546,1279,437,258,442,2516,3380,1350,700,680,524,1318,313,2081,2493,536,1546,1983,439,3215,7086,1188,5739,2058,675,1516,23,757,838,732,896,1813,1242,867,1055,117,8,340,387,1521,49,1537,911,436,1353,1191,259,1085,526,180,783,85,1268,1218,364,2,63,543,1734,2801,2564,4950,2890,4390,327,1959,1202,968,520,821,810.0292232833323,602.4884570214007,538.5500990484761,1582.1125150328387,0,1101.2963281969119,1593.648061249538,909.0753533607822,1633.3888927658827,0,767.723080733035,1007.7704360617062,649.724583212288,1213.001177959587,0,0,0,4
1695,2423,2095,605,31,576,769,312,926,194,623,683,933,1299,1712,1396,871,368,2098,2170,589,689,1019,882,619,276,1316,2217,2264,4097,1398,5419,2598,2237,3740,3248,687,93,1109,112,2041,2292,386,9,1181,1226,59,583,507,808,46,1508,1941,1427,1838,2072,522,802,110,1064,304,519,546,1306,388,1077,1103,225,855,1394,124,1909,2902,2468,2040,1113,731,1171,1369,1048,392,470.6333633571087,702.5776853386284,498.53423364280354,979.0701230153486,0,268.25205497814926,720.0858801122637,823.1566447045764,1107.1615825222223,0,831.5728771494437,1169.9374732253602,73.32902979183126,933.8448077634939,0,0,0,4
1382,697,221,594,407,296,552,74,607,2485,2183,143,377,1083,692,1081,1116,484,1447,1049,1123,958,847,2335,1549,539,609,784,404,4194,5082,3522,6415,2149,1008,2943,2464,2417,2657,858,704,1083,940,261,1460,2533,1391,82,617,846,408,581,155,311,971,674,232,339,316,1277,1395,1652,2090,800,982,1402,1033,244,125,583,2001,2337,5565,77,931,1473,268,2035,2488,42,1669,313.39906799930344,765.6301733861106,380.6073484713514,1381.1472623783266,0,612.9463455311566,1455.6998811648693,650.371278051487,1276.0829073509522,0,1099.665419292825,1007.879143773425,660.3777692605282,563.2133513964187,0,0,0,4
803,487,1593,1109,1730,3206,1503,336,1069,1872,1069,24,271,545,813,160,967,1413,1102,15,1249,1693,1328,732,864,1498,732,294,4695,3823,2890,1263,971,381,1284,25,964,499,1413,519,1291,1623,1425,1480,847,980,1478,991,249,692,219,124,227,1190,2871,2896,1164,243,833,1393,1644,1267,495,1278,556,887,766,183,944,770,1430,4382,735,2528,1500,2055,471,915,994,874,883,477.08674883738416,433.8843920571107,487.79081724984565,545.6786292138974,0,286.0553180767664,820.5830622689714,493.01065765247233,799.1970518895407,0,701.67690853196,1367.2036748174041,366.3993069685582,1328.6237540150955,0,0,0,4
488,1120,2125,1842,1751,774,1137,1463,155,316,442,237,1216,1476,1095,1097,1116,680,828,1542,802,345,237,200,1067,338,2106,2693,132,2943,4779,3597,5782,1797,322,1175,1519,2651,2020,1764,3233,1007,577,1768,2915,186,1082,502,937,512,898,39,1139,1823,957,525,878,1671,1641,268,1228,746,252,293,1126,2974,2508,382,259,4629,3856,5264,3136,3011,1513,1038,192,1475,11,1900,984,1065.1129357295263,702.7764916256804,1444.519216542688,1314.9762692240722,0,2173.4101649251575,440.4636802632929,1382.4616240764924,497.65101496980014,0,642.3130610261186,425.1076625985041,1135.5410419561374,534.4639459162846,0,0,0,4
147,1143,1201,141,987,840,69,1432,2286,2095,1298,901,91,1520,2121,1096,340,382,140,149,98,534,1565,1473,43,1219,547,2982,2097,3820,2343,502,1675,2699,435,846,250,786,846,275,350,1424,1451,423,583,292,26,1626,1277,574,987,103,153,1073,983,474,635,455,917,625,669,1812,2249,148,1691,533,60,3340,648,4584,28,2275,89,1073,3168,3197,157,3241,2296,671,1130,826.0727973170233,437.53934993507175,847.2055649088575,937.0203362407016,0,1423.8854764341127,375.0613265148982,102.51981693087357,573.4075850995541,0,604.9771414702124,953.2393216799458,511.48964417006283,867.7525457713244,0,0,0,4
1254,655,2549,1907,133,904,408,519,1175,1736,1259,407,157,93,309,124,801,760,80,499,579,1748,2721,1405,793,3197,736,5160,473,1845,1320,240,1522,573,241,542,1461,185,852,1006,260,986,1404,1280,1139,2146,2226,1445,333,465,631,1145,1518,401,1433,1872,1141,307,593,1673,2685,1561,537,951,133,756,3711,1731,2607,1972,1239,3748,1271,1856,1091,933,1541,162,803,387,1235,825.1978128477839,538.1330013380821,980.4287081216166,500.33672711613,0,1056.2930760447123,1503.3438313372603,790.9192722534661,822.2916136548655,0,498.3839440021761,538.6595689709261,633.9094993615882,632.7049288325666,0,0,0,4
2025,675,454,1143,3152,1856,654,921,267,5,662,356,2041,1466,864,1005,262,1218,2096,242,1793,987,492,107,1556,4456,7489,1474,4168,1059,464,865,280,95,669,538,787,499,830,2164,1559,158,595,1782,1012,541,166,483,326,287,6,1007,1384,972,990,698,1412,2459,1187,202,315,376,2042,1432,1187,3428,2302,4896,4078,2999,3919,1783,2076,1121,1905,1940,75,174,1077,1681,1377,942.2630934106737,847.5539280100026,1188.299640092732,2081.804389231657,0,1457.3800362293978,1813.521217850415,794.2546978391629,1646.1551602164182,0,605.3067168478084,894.5284866271306,835.2023789869704,788.3476157593574,0,0,0,4
821,781,1105,1196,388,1663,1494,171,724,1207,1480,2118,1602,600,1817,1533,866,1005,916,370,702,951,2322,813,306,2359,3079,3044,2732,130,1094,2899,2259,9,673,33,520,142,1188,2130,1510,1064,12,781,795,187,887,1117,510,112,59,468,1177,1008,2,236,527,273,1251,963,1354,1823,46,39,3409,590,6326,519,2426,710,1104,406,846,1136,2903,1879,745,636,236,2093,3129,767.8476588294161,607.7189339388535,1153.8989776289388,1085.7301099347546,0,928.2605035764477,880.0319700060878,792.2667926686707,379.8124074060844,0,1000.8210188873345,403.29413879760057,1023.9415454485396,513.0662328528359,0,0,0,4
2040,547,450,450,459,559,504,613,1286,771,929,1771,82,1282,119,1798,719,503,741,1176,1189,2695,1760,3405,2618,5568,1666,3743,318,1040,851,1785,724,495,716,1449,1183,400,408,595,532,595,429,139,641,1447,2001,1522,980,1062,372,893,1637,1036,564,617,747,2162,1418,1154,1752,575,1003,1428,1022,4952,7148,2946,5543,728,135,774,862,3307,3138,1567,1036,913,211,92,160,566.9502161383858,904.6561329367305,854.9044133328466,2162.3192703956956,0,770.4094122607797,2090.940375003438,462.4964400264155,1359.3477267929077,0,464.5803849493093,906.7689826348013,185.0268222885089,889.7943794692765,0,0,0,4
324,112,120,550,1030,1559,2001,1070,356,1302,1096,132,159,92,902,997,1488,2605,989,181,1465,1642,1252,1787,3924,2373,2742,241,1413,2452,1751,987,266,1878,3012,1806,194,271,392,568,7,1948,2447,1143,328,640,811,157,303,251,953,123,102,1783,1518,1239,2264,558,795,3198,2247,1715,2030,2343,567,5264,2359,5864,221,2215,1190,880,2036,1871,693,2473,1350,555,1079,424,467,991.92627972173,734.0912390719343,1265.1272907317752,1684.9909230602648,0,1760.5472678971162,934.4906313246813,678.8977619033304,476.0696666223291,0,168.71355156817262,481.5624695039609,495.9523822304552,543.0255832969788,0,0,0,4
1101,910,536,1021,555,557,1086,424,122,457,990,467,299,2029,2328,394,2065,353,46,2090,1664,1481,5952,2060,6330,1544,1429,2473,1934,1765,3269,1292,139,170,986,2087,2140,625,1069,1074,683,1142,1675,1291,898,604,523,1175,383,130,867,2268,3131,1949,207,582,24,809,1440,822,2534,1043,95,3863,5730,758,1250,918,97,483,346,178,288,465,1226,1272,714,342,24,891,950,1019.9313459916859,97.2121211916221,879.7812889648624,1218.0581311243411,0,1630.9962270036067,1153.6098713846027,1324.4510798132276,724.5378545778171,0,727.2463056167462,575.7868617837112,890.8007731871412,609.895736221346,0,0,0,4
836,1474,1442,45,1105,725,240,252,54,1444,2027,453,1380,554,770,1517,1411,1535,2181,403,1318,4167,3154,7165,6692,409,2549,1159,210,1428,1529,432,1523,1396,458,786,2372,3312,1785,62,193,573,60,588,410,1708,1031,433,1458,2064,245,2005,489,119,1768,1668,1116,1335,1759,2850,1053,3787,2876,4999,565,4769,351,1808,352,1604,479,1013,49,1613,1957,1001,363,1099,464,252,74,893.0346918703259,137.3372665381854,1312.7880196453762,1171.0522785093415,0,2827.510256391655,1158.6043590039715,1849.977681577782,780.964920615897,0,1335.3228210135012,564.2832372870274,755.9355006144629,573.0343062137829,0,0,0,4
599,526,936,1309,75,484,179,161,1105,1424,798,248,378,905,2291,378,2537,2077,333,1021,800,2640,1039,5763,1535,2626,1194,1729,456,1589,7,2688,2263,5,1479,260,1088,150,1245,617,896,2090,1868,360,36,296,1472,3855,2305,389,98,550,605,704,2266,3341,841,1292,202,166,6057,4214,5751,3622,810,322,306,804,1970,1234,55,402,720,117,1010,1175,253,617,290,261,710,891.648920145408,449.2459114192791,1237.5457460648431,1688.0608144265673,0,765.9721029515371,2034.9570361693093,895.5998488315123,1312.6882913629681,0,198.52399085801636,622.1781868201006,862.2423645362342,370.73269809102635,0,0,0,4
1218,113,965,470,1013,1777,60,1987,1162,1018,246,412,1656,2351,315,1916,163,257,1685,5781,2577,5326,2382,2022,2026,1744,789,489,516,388,1730,2900,2329,716,774,1401,425,234,60,358,2022,2274,1233,1267,1585,409,730,154,533,182,220,1327,1113,1076,1611,339,1286,2807,946,479,3549,3748,3158,3259,628,2280,1798,613,1931,1675,1361,1203,159,970,1179,309,280,825,1215,1033,465,698.0816224947558,378.95877726527874,668.642904466034,1223.4679547764483,0,1134.414594625792,1281.5848778621175,767.9839467657353,1306.4183499319975,0,966.6817908403809,749.8372024044926,1010.0830312846689,741.4343246736179,0,0,0,4
891,1951,1274,109,380,346,313,10,1732,3100,765,1449,981,943,2757,2132,1749,2464,3133,2148,5367,1593,4946,3253,1312,3172,495,1108,876,1739,449,1086,618,211,76,486,1869,2517,1730,1019,55,1096,2108,1517,343,741,64,1010,1192,2076,3226,640,495,1257,900,1764,1866,2295,6063,372,5891,1682,4207,1642,2278,72,601,834,1682,546,340,60,687,1084,1104,1100,753,650,239,114,570,829.4712313495455,306.65974205720886,1511.5334409981738,1664.2076969764648,0,2581.228421217309,1389.389990095882,2072.235470355855,478.74635756200325,0,1373.92621625445,215.16149830520874,801.6303500811241,143.14628713815503,0,0,0,4
454,791,1615,275,113,1059,927,871,1954,1024,1122,2285,936,1426,893,479,62,527,1882,2921,8075,963,3032,788,1507,1752,800,813,1304,596,1013,40,600,696,2164,1480,564,733,729,530,914,348,604,1180,2522,769,483,1693,775,1456,1205,583,298,1846,343,2071,1129,882,3010,2038,6166,4421,465,132,605,900,1938,518,1872,2405,1363,33,300,312,1088,1674,618,454,175,800,21,912.5740282341326,575.6706210887704,1088.4317135952442,1515.09337075058,0,1458.2404748531706,1115.9258754044058,1033.15469199013,183.70878899678664,0,612.5977368054913,512.5462793800529,1086.7826883553662,438.47523338563536,0,0,0,4
627,402,839,990,2169,3532,1808,1198,769,206,1240,1719,1206,3217,935,1352,4245,2636,4211,1500,1794,728,563,37,448,1409,1051,342,218,188,422,668,1043,1750,1580,890,122,599,1835,1573,103,608,677,2063,2143,253,810,307,48,1249,374,1872,1109,1534,1653,532,4236,5845,2579,3669,202,915,647,279,11,761,1298,1155,133,1671,1979,1664,1011,495,953,1458,196,806,103,248,1425,938.5039717475915,666.6004932838895,890.3321858774682,1203.9029508831745,0,812.581965096445,981.4917870597758,1031.6249512214642,948.1205318075092,0,1432.786247527668,348.4519482477476,1312.5342312227012,152.48754962330523,0,0,0,4
623,2175,2301,394,73,1059,346,2263,555,1893,1335,284,1081,1026,1620,6370,3387,5217,1834,2276,1546,1594,1060,796,180,159,892,1019,73,1055,462,794,597,1817,406,1250,383,72,397,914,1969,930,736,1556,702,1284,975,1272,1242,417,317,2117,1216,874,1442,992,5911,1304,1150,260,779,177,421,1299,2084,2120,1435,307,2081,2149,1332,687,550,1560,841,313,1020,1189,795,1938,1071,597.8536480773591,1112.036891340946,843.1025651881284,1657.5762410857446,0,912.2422882655682,964.52482662765,617.0549022049721,360.7497876996095,0,1158.3520703203235,668.7578902034003,983.2734462375,819.1824288438316,0,0,0,4
1416,3396,1820,1783,1102,827,261,493,1533,3385,1072,1782,5037,2737,4356,2568,119,455,1724,616,141,1332,2021,1776,14,1016,651,278,238,1474,1756,164,1154,1304,2370,2048,249,330,456,2009,1979,695,968,818,916,750,185,2946,2005,942,823,876,3549,3508,3596,1474,1389,95,170,271,1207,1186,781,1036,582,515,1077,1252,430,660,423,449,384,1267,372,496,548,255,1958,2370,355,850.0151053234266,1124.3798544610625,816.7325391110779,1223.46733904847,0,903.0653686195701,516.45501683174,660.8356059311692,921.1252509201563,0,1374.4832656485298,622.0296709297396,1239.9352554737554,246.2408615213628,0,0,0,4
1306,721,176,1610,89,3082,2055,317,111,133,1667,62,5358,1726,1971,730,307,515,1240,1354,1359,572,7,348,755,646,434,766,1043,921,1111,1473,198,983,949,2041,3422,1541,745,488,101,649,472,2303,3627,892,1682,583,160,1805,2153,4198,2137,658,1824,714,2163,1198,542,392,1099,1268,223,1272,930,188,135,525,586,2514,2041,609,713,1172,737,2272,1157,453,916,1396,941,759.7785605260772,1013.5722781635782,788.7545497217094,1289.8409950981372,0,881.5400912607435,182.5822227054716,1182.144617873208,602.189047794664,0,998.9506539397889,540.613896397559,570.2734764992183,96.78693632003262,0,0,0,4
863,1312,1864,454,1125,2536,737,2221,1654,4700,4189,4435,1044,4016,1228,918,654,680,308,2196,859,1019,803,967,1278,694,707,1178,1611,1258,2096,1562,151,361,292,1223,206,1451,1619,85,1078,440,335,2766,2532,534,1489,1678,2550,5467,1748,3071,611,1117,1162,216,1207,1818,1393,1433,1489,363,990,1839,708,1115,1017,85,480,1478,1087,405,1081,730,999,1308,747,1449,201,688,2236,464.78935196565993,1213.8641828144957,951.3173895673899,2291.5905543702725,0,790.525622608148,1697.3742784070266,823.6631835074401,574.1382024833483,0,366.46703376315673,806.5727951081918,543.6648512423411,810.7442576885445,0,0,0,4
143,3061,2638,397,327,62,2127,1872,3708,2002,1388,620,539,55,840,951,1100,488,56,37,31,84,80,785,1403,1763,1984,2083,656,180,56,1360,2852,1052,1436,1262,337,644,10,2464,3513,1153,1251,281,84,3584,192,7274,1970,2616,1085,163,88,1421,1336,41,701,727,96,673,106,54,633,800,1341,2227,1438,79,84,555,461,1212,788,2524,666,1537,129,126,2485,2897,131,475.0867297178736,1006.9174380891224,898.7952900812612,1570.0998068369408,0,1246.6169459781943,733.4306113024186,630.4267854165121,734.9628444747668,0,1106.9705579143347,350.8431551382248,854.6105762739124,124.17956239920598,0,0,0,4
1399,518,718,1627,4227,1498,7260,218,3513,1200,689,212,723,696,544,979,1187,992,1,1820,2525,1027,737,1425,786,1046,516,336,869,1413,407,1292,897,1292,1638,9,2671,2051,650,1271,1082,1083,2219,516,1191,409,4282,790,2533,2435,2814,2048,1105,227,1155,1231,1115,133,1866,2015,1159,935,1348,320,483,93,422,1957,1168,1062,774,821,333,23,2683,4188,918,2012,843,228,1560,738.2283793480497,916.9162978540985,1406.6986357290052,1444.3865136971922,0,778.4318724204451,273.4298000561299,742.215401036755,419.1912853067272,0,1470.8746160612945,605.7786916217567,1337.02563168557,693.3250384018362,0,0,0,4
1646,1502,7615,4750,5958,3540,962,1188,837,1466,2344,1107,455,598,528,822,1466,1192,149,203,296,861,1644,438,373,881,897,2528,1320,739,1125,963,1983,2488,191,1562,163,540,1024,552,1442,1130,443,4067,4592,2244,643,2630,151,967,88,859,82,596,1347,2789,1394,586,881,692,802,1205,1416,1512,1098,378,896,129,4,1238,90,2810,1907,60,558,1229,1271,2718,115,2860,1096,1237.1646227387369,635.8631061958732,1454.2586156828456,2178.214596258787,0,1269.2968023673582,1548.4988906632198,711.592386936731,694.1350076902607,0,681.7138870189732,729.632586355067,746.8542911523505,806.1250575170527,0,0,0,4
3627,100,5583,986,5998,3166,1411,194,969,1694,977,992,1391,595,193,803,1800,357,1335,628,445,601,1046,103,368,283,318,423,1752,3055,1694,762,31,699,1282,1580,1759,2845,771,411,195,2851,1695,4486,1199,2380,1641,2662,347,1920,98,1511,645,11,828,1163,252,1499,1345,706,35,1157,1710,898,446,569,325,2188,2102,742,1121,1726,151,1882,289,1816,669,1268,454,2267,1863,1102.9048983963473,589.0849486524273,1068.0350062269167,2197.014348770927,0,1223.837932489429,1273.5428446939993,819.5483890927137,432.9715263522992,0,494.12506032294317,610.2468324726788,958.7712956651429,695.0963110662597,0,0,0,4
490,4553,1434,4908,1658,863,2848,1512,482,734,1047,1059,990,19,724,948,1523,1689,1008,236,387,0,858,2121,678,1960,2040,560,791,1033,1340,2442,191,2170,933,47,1658,1103,2721,4125,2130,2737,5008,2219,2446,1029,568,1032,18,367,548,450,41,318,128,293,747,533,1014,1357,234,772,642,2066,3334,1513,273,271,291,1106,1488,1298,2537,322,499,1025,999,1670,2223,745,3732,617.7056193906343,975.3941698374376,556.2435563888981,1530.246121856849,0,1891.9590812171389,104.25236858384471,1283.5772035456976,746.5036414770834,0,1305.3068756458224,603.3975970568011,904.3312886843307,588.5695259208337,0,0,0,4
3719,3948,3198,414,124,232,314,63,605,154,827,1401,920,88,47,26,1008,1435,516,140,339,1275,2497,1467,937,1692,777,956,717,151,125,31,1417,2066,67,1996,1360,636,973,2116,357,3462,1668,2019,2091,1441,406,124,373,617,715,212,115,730,466,191,316,71,1177,525,1276,1028,91,1004,1535,518,1514,401,1485,70,476,2226,1466,791,803,765,61,1783,1249,4225,3638,815.3036657049896,725.6964910022389,1225.648871136782,1140.513054218922,0,1105.3536730386343,994.9750062838859,694.3045415483518,726.3855344552447,0,690.0872569233892,784.033753589626,708.2086716084563,508.86161056580016,0,0,0,4
4229,1783,1847,516,76,778,723,435,798,183,961,622,1033,752,1163,192,1817,1128,158,740,610,1067,1428,196,36,30,799,1475,219,2784,2005,596,1344,649,1620,2903,1423,673,4007,2030,3726,486,241,3408,1446,1614,1707,141,468,598,93,1584,1657,993,945,1154,270,150,699,2075,3073,1149,658,91,22,2027,1066,2521,2486,340,1009,2423,629,1821,848,1633,1985,4450,5177,4789,4983,887.7408717360727,152.22441227837834,1299.3756885579185,2092.0088977782175,0,773.7783952786483,1378.1426700047234,332.493075634306,693.1809045641376,0,372.2063453828222,360.33106421447036,316.0427375230631,463.9493313904436,0,0,0,4
765,2645,2587,1635,1423,1065,80,879,1262,707,282,1744,2849,1788,430,1329,2155,38,1331,297,663,2130,1085,1333,1689,516,340,416,1902,3253,1654,109,198,212,774,56,1283,6542,5779,4513,3589,656,1473,1981,170,1459,879,205,607,1364,186,1952,2040,1502,2163,1986,1159,406,200,670,778,134,846,36,682,1789,762,454,68,129,2021,2423,49,1465,99,630,3448,73,8743,4582,2091,1026.8915823155157,135.15463445850955,1039.6006121070843,1861.1457951028524,0,1411.7022720814755,1299.8092796526307,414.4965597589636,1161.9465174679806,0,876.949515703327,850.1842443328428,1082.2858365780692,609.2829295957754,0,0,0,4
2984,2005,492,1004,808,1291,1904,1347,223,175,308,1524,1493,588,1050,2317,1271,461,291,516,5,93,1895,3163,553,2023,634,85,2022,1463,2116,2967,367,1377,187,2840,901,5968,902,3339,1663,1007,2383,2649,596,2368,46,2265,1632,311,871,2229,1725,345,900,1393,1748,709,734,970,1016,1838,491,2030,2566,1362,363,819,50,1444,196,3105,2940,313,2679,296,6704,1076,2614,293,319,761.4774146802711,874.0984347501234,645.1027724011092,2347.416961038059,0,1406.3615617969656,1572.5927095867155,934.5010017606339,947.2503184667744,0,401.87220692002165,431.43791037918237,727.9427312018533,259.18835252662086,0,0,0,4
1261,294,393,538,1302,1451,115,133,1249,1335,647,319,326,114,319,701,809,270,527,1034,153,1344,539,271,1879,2453,466,2071,34,1437,298,4,2208,3663,956,287,4448,1744,4668,710,597,291,263,78,448,238,1099,719,428,557,910,835,858,1159,896,1968,1101,1146,2339,851,877,909,929,1692,1165,1310,1682,4,555,370,440,2569,2147,1767,2936,5788,1795,4023,812,243,1071,783.7048124132464,973.8914692423549,859.4462184397116,931.5193243385615,0,1671.432490410546,480.9166962160832,736.5446791992339,1377.0791140026515,0,954.3657990228744,942.7216654658777,716.7341626925381,795.8553389707715,0,0,0,4
1026,798,1279,1514,2047,1682,515,62,382,67,1524,1486,117,719,326,1457,2154,1408,554,526,595,1735,1018,395,341,103,1093,1190,639,1948,1191,741,1041,4137,5241,2904,1862,657,1812,1557,150,1466,2019,2113,2101,1200,622,176,195,95,1112,266,1419,400,2089,2031,587,1282,906,1311,2272,753,811,29,128,1059,204,2568,3088,989,368,1184,630,5266,5235,4245,3552,475,122,272,362,1074.8286072075516,509.48131167337027,1497.660681907164,973.5991317609249,0,1565.2566762355625,378.1986036704845,848.4391579253366,629.1280559273174,0,1062.516597324242,108.08510439222432,1087.6542588223394,193.5952155532407,0,0,0,4
1110,1282,124,817,1560,823,1545,1136,1537,1494,61,1030,2788,1693,512,1108,584,816,804,26,233,123,522,1641,819,605,1154,1159,1960,2598,1566,2171,1459,4967,769,2098,731,1350,2852,1305,1489,2290,1316,850,355,498,370,629,1244,433,1231,1091,617,1723,2889,1186,314,534,542,1443,817,2127,2043,252,964,2206,911,1378,1510,275,740,5917,3950,5813,4396,1050,2269,2393,1309,1870,1460,719.734852515852,671.519161109211,1417.5946607396008,1424.4972803256428,0,1401.9470496420327,1091.5481984552246,490.54207443851794,1262.7441075787597,0,803.3478964832449,735.914316061317,852.5035815052461,577.7286607641241,0,0,0,4
584,1357,1232,889,561,1306,2836,1300,345,372,1167,615,1702,918,1209,1996,330,1525,1085,152,553,635,2181,2662,414,1564,1429,1017,1047,2089,140,3322,2301,1307,4995,3329,312,998,115,252,1462,1256,708,202,405,689,173,386,1715,961,1364,1903,833,1357,1551,534,1572,207,413,475,1026,2466,1133,721,567,898,290,1062,304,1678,2750,4790,3155,3034,1534,1930,2010,1821,1806,860,1445,932.2120606737407,820.5483401024578,1687.3984110178897,971.6199513447117,0,1219.4386105909555,472.8278964714489,1135.9251112711854,625.0850784719004,0,875.2514347689121,431.0403766242307,564.6353443145103,178.14153876336434,0,0,0,4
2315,990,806,552,216,904,1189,383,1218,246,168,1211,1015,118,138,489,714,1658,657,3030,1329,242,1343,569,2145,2993,756,1259,729,3519,1024,5207,409,4081,1133,514,1482,1670,380,1474,963,2285,765,450,458,1342,103,1321,1671,1363,1371,610,164,546,825,1226,198,2426,2437,1758,1638,1059,986,1656,197,1744,1178,1791,2589,5530,3301,6085,1995,773,1677,276,607,1592,2218,591,1564,517.4674072195879,459.5237834786086,272.5390609750983,2357.220279142131,0,523.8117648545134,2128.9868419980535,386.86592197353957,1109.291936119496,0,775.3009351630284,1081.3566002907273,266.40552387309225,949.3141878751389,0,0,0,4
1486,1194,1952,1286,13,455,398,1380,1331,3,310,668,213,807,320,1700,1642,292,689,1702,227,2144,834,1212,810,451,478,5106,2159,6343,2305,1016,2093,1484,1001,2558,1102,1084,912,178,545,704,734,1843,1279,1018,1134,886,137,352,72,529,946,525,1863,1677,1276,987,27,1523,1832,639,192,323,1161,4666,704,7515,3000,2671,2579,391,1888,709,173,1063,1660,1378,875,1155,748,353.6199604062715,660.7994819570218,179.58785624144238,2231.7535434587085,0,768.6169803614803,1880.2943665879307,450.1550873421377,1283.2115863605966,0,766.9264762421652,1123.3402070353566,543.9192634731227,797.1195272227401,0,0,0,4
568,503,313,1725,3252,1291,553,442,537,1360,528,2004,2752,1233,939,1805,259,1776,1003,1173,1548,260,627,835,3135,2019,6905,258,2007,1926,408,2276,2179,526,1823,268,102,1823,1220,1310,2386,1499,571,118,700,637,570,583,115,996,2235,873,388,53,27,1226,1973,180,1268,286,715,43,1319,4080,5738,2552,1722,1644,201,515,361,1506,1876,552,199,314,895,2984,4524,1877,400,711.8814823491311,490.18419802500193,543.4223393161122,2259.6575192255054,0,447.0687251418958,2097.4293500452254,264.17866569245336,655.976454690373,0,207.8076528462549,676.7782314555715,184.09375021520705,869.9514118085508,0,0,0,4
129,936,443,1063,8,881,284,352,1355,1400,254,294,218,1599,2138,202,1608,219,1324,1464,767,1431,6486,4085,5739,4524,166,1115,896,1110,2562,1089,1272,1806,1258,1235,1246,175,1702,1364,309,13,128,1136,1143,298,666,834,1023,2233,1488,1115,932,154,1412,1457,464,1416,758,728,3935,806,8105,1658,3421,1472,213,598,54,157,1963,3471,2819,495,121,512,163,113,155,1164,1567,697.2294824568119,591.5634233305922,359.76853553165125,2064.915599859134,0,472.24253567420214,1904.4810406795923,265.8861172587397,1643.38396494307,0,679.412901046876,933.2995375793406,178.73828244979995,747.844792785158,0,0,0,4
200,977,777,857,1947,653,2481,3047,636,67,1549,221,1961,640,2375,2575,506,47,1057,986,5567,6435,3395,2599,2101,49,1844,846,1625,1825,482,958,2202,1177,1018,1384,187,921,414,504,1168,757,430,756,47,1447,972,362,750,644,587,1152,407,1382,849,600,1774,1527,3166,1154,4972,200,3880,1216,22,305,253,906,1197,1490,544,504,1926,1736,416,182,785,125,1469,1481,688,780.6269456532243,735.6709643625696,373.1874060045489,2307.7023549442547,0,790.3404076725421,2082.181717264713,464.69005505732304,521.8814527545625,0,372.6638912040114,1175.9286047357962,255.6097185723644,835.2650436059038,0,0,0,4
1207,1534,399,2423,2068,840,1399,834,2109,2428,146,1504,746,668,1767,806,2475,6290,1909,6160,834,2557,198,146,1740,3062,2175,737,1184,517,1007,1398,604,95,132,34,591,597,606,1285,166,2200,2974,1128,372,530,693,948,554,3038,2473,477,137,215,2058,6066,1594,6764,2111,2627,1875,1139,165,291,257,1072,1870,1820,1129,1224,1044,63,75,29,983,1874,146,1485,1526,1723,2390,546.4308231008913,606.0081043020531,120.50835635210149,1971.332920006857,0,877.9616506431247,2139.7176623975956,439.6096487514805,1103.3540742852326,0,796.3577465528483,1525.040484033038,355.9569403283402,434.10952939920116,0,0,0,4
1161,1717,2284,22,912,482,298,1852,480,2969,3303,802,37,1351,3131,2353,6385,2019,4063,1380,1348,1156,1554,873,2324,896,446,1405,1042,546,1184,322,522,1135,2036,2050,900,741,1283,447,892,585,256,313,416,995,1357,22,978,597,935,2326,2423,72,2376,3229,3204,2005,1522,1331,1589,890,475,222,1530,1740,947,746,1112,287,247,410,324,1562,1536,960,1557,2540,764,1455,1032,884.7657963533071,451.8130956517214,926.8980215015258,1813.4307377792718,0,1366.0612230057627,1258.9980539508658,1330.2830706697257,646.4067124317224,0,486.5230301661366,152.65051337447014,451.9622939435262,581.820185126564,0,0,0,4
303,1175,120,2656,2644,76,1408,1060,1165,2276,795,2135,6090,3203,4612,2392,297,2694,1240,2510,3796,2171,880,1296,1037,314,1079,209,684,449,403,1111,816,605,1700,727,1503,1672,227,282,391,968,1073,698,3157,2338,764,1060,1354,713,2710,2458,4964,1977,759,225,864,579,99,169,518,479,734,656,704,2010,2974,826,1083,1138,1139,1955,1200,1719,2416,335,1076,170,1392,2684,740,738.0484491836802,600.5559160327796,778.67332322152,1848.7626169675445,0,206.81136584598997,1482.5178700079364,502.4372448224201,970.5356903594072,243.17705878145892,587.7421567206993,0,17.178448745995023,711.3423945383641,307.82341747207727,0,4,4
2669,2598,554,48,850,3428,940,5996,1346,4025,904,736,995,513,950,1254,217,440,867,467,1406,1785,274,1799,1523,1414,2177,1138,95,189,448,1105,8,1703,1920,1408,1194,1200,885,2055,734,562,369,1090,3521,3095,5550,3345,1035,676,728,159,145,1609,2021,1461,343,1211,1441,1639,596,149,412,287,1955,1895,940,1218,1770,459,1326,969,610,142,99,2783,3518,599,1391,653,125,411.63260810577304,1016.2364523733806,820.9566938019802,2059.8102232650303,0,521.7283296889292,1206.7983259806335,353.69983140518525,1034.1836666662853,0,377.27140079096137,1354.8981576043261,556.0772321144624,924.5518679225361,0,0,0,4
1237,807,1735,3129,2890,5397,1956,837,3190,1634,802,1285,140,119,1270,707,1026,1203,256,397,770,733,1096,1736,763,954,825,849,1437,358,292,933,1700,1673,362,1522,961,367,1149,1119,1116,2893,3583,6359,2854,4223,861,2570,2391,694,667,726,363,994,809,783,985,21,181,332,2262,2743,906,229,812,130,1115,605,1211,1477,33,1120,3045,1007,1374,781,505,828,2271,667,1476,189.36101449280233,1284.3354901798375,641.8672284567156,2303.664470366342,0,463.305628068557,1546.7805114896073,1101.3686456687653,1303.7981015654095,0,536.7475865013444,1249.2666846271072,246.9053919104211,859.8353255045901,0,0,0,4
1192,4725,5467,3043,451,4066,36,3437,2505,248,469,372,812,2378,1141,901,1322,795,901,1186,1042,877,1530,751,718,523,12,444,846,2458,1990,5,1048,162,600,1965,274,2866,4748,2359,7277,692,2499,1308,1138,22,219,777,123,1548,367,1267,1249,1014,1511,707,870,1524,1767,279,446,720,918,1580,274,1050,1357,1346,2079,1376,1721,2028,628,715,1292,56,1501,594,1179,2143,3100,8.912610372031203,943.3277153704523,591.5484948147376,2705.0581653735885,0,475.0060262775621,1969.150918421265,981.8357122088787,609.9071794217659,0,1220.857308761914,790.8510022467945,934.6487106300774,859.1476620197318,0,0,0,4
1847,905,1909,1548,1354,2404,956,773,777,727,446,350,464,639,2754,3969,1837,390,39,948,753,1327,1109,2151,519,801,1833,165,1768,1153,671,347,1222,394,1305,1704,4589,7116,2444,3743,1462,1742,186,1906,1287,457,697,582,395,48,914,1134,95,705,1857,825,46,1432,1200,787,1093,283,753,1190,2076,2469,906,1184,986,540,1251,447,1849,2387,689,693,4939,4726,2450,1135,3813,1052.6648672271283,603.0230584529686,528.4972474169483,1325.1607543466343,0,1611.767983457917,1342.142477591568,848.7288916406623,919.1748629949494,0,1603.9925243055418,113.19839172415102,1292.0993517657753,26.395513733920637,0,0,0,4
1999,3555,11,2265,713,1141,82,604,353,528,1596,2238,956,212,571,1129,790,2070,210,1174,233,632,2423,1690,579,498,379,1103,2065,343,1598,780,1038,1439,2441,5051,3314,5876,2240,201,1426,1481,644,79,607,831,890,561,20,1636,2941,1881,612,1304,1385,829,1241,404,46,1007,661,2570,2016,1040,771,181,1554,2485,718,743,348,111,108,1243,846,1154,6221,757,3566,1612,1071,1129.4327135576484,1073.667491757147,675.1118175330125,1106.1447295750615,0,1344.3079297541915,1449.9746714462199,383.0933085927271,1024.2126652326908,0,1228.1682164342021,546.9795060773273,1032.4035795291566,573.8555245950632,0,0,0,4
1828,1551,1277,2630,1068,72,387,6,832,798,1434,2196,1084,596,388,483,677,551,1825,2297,767,1325,2206,239,1540,209,1509,502,673,593,1793,634,2664,2183,5497,4924,7086,1105,959,1794,1781,1592,395,2227,2697,1503,186,259,803,1030,1550,132,818,674,436,1072,743,321,68,810,2366,2951,611,1754,249,457,1091,6,2787,3286,981,1291,1561,2379,1586,4937,1611,2013,200,512,401,997.6050197524772,266.8530068334679,1271.5742221927055,1789.9907568169297,0,2010.5409545691925,1040.8971223377987,1192.511996157117,415.0842623679632,0,748.4830261360275,361.9893308884308,1134.48586737247,181.21694424514737,0,0,0,4
604,816,1820,4,1632,567,350,745,1997,936,605,1001,1097,1532,260,1277,1806,1956,2508,862,2041,2212,762,94,137,944,1398,140,2860,2556,546,3424,6185,3562,5633,453,924,1383,1452,1607,1810,121,1270,1332,415,933,2268,824,1214,573,834,236,116,1782,2212,956,424,1185,934,747,612,1358,637,713,804,1965,187,1935,1832,564,1349,5572,1584,6544,2180,1992,1346,1600,880,1218,563,957.5618828624004,224.36928309019333,1348.357182251094,1803.993009468541,0,1733.875169958899,686.0529401096292,1189.6543795435734,316.27558128073593,0,1259.1605055802115,679.5847933569769,1008.3752919344066,689.7662714347715,0,0,0,4
1680,2155,1799,1241,272,1525,1893,722,538,126,105,1383,2210,1481,1248,1905,483,1720,1443,319,119,351,1546,2194,188,1871,1780,1086,866,2430,906,3586,780,1153,1940,243,111,174,879,1278,2067,1446,722,76,36,614,603,306,844,218,1715,1879,1214,1384,667,1489,2067,232,792,217,873,1362,380,2964,2694,1099,616,881,378,1634,2067,1117,2951,1526,1645,1623,230,1156,77,1296,1516,822.6601637683789,993.8716783584823,856.1029850718298,793.9786262330435,0,487.6202620892615,739.8539480795249,278.7065465303035,308.8078655629579,0,176.3824551099572,589.726957868638,339.48190303434626,508.8504206446153,0,0,0,4
361,159,383,125,738,737,796,2085,3308,1268,436,128,249,1368,1574,664,1937,533,62,506,107,1750,1958,325,161,701,424,2111,133,3775,554,1690,605,1965,223,2228,2786,1954,600,521,48,1536,1272,8,1472,1154,824,606,146,27,993,276,1750,1083,639,461,975,155,64,1828,2491,378,938,202,144,1463,3892,1783,5245,2680,1802,2776,389,3747,2583,878,2225,651,436,439,686,682.2489144592791,324.4660222127469,1350.196073075972,1683.9988314402985,0,777.2772494419222,1295.8223777647552,974.3267481723128,284.3372958656831,0,803.1409354787841,449.8247501519678,402.4301899872138,548.6626620101657,0,0,0,4
1642,3378,2079,37,171,399,999,1571,819,954,1181,180,842,950,263,361,888,2298,2789,719,861,735,506,806,2597,177,3795,2619,1338,3815,960,636,404,1003,203,2252,963,603,908,244,84,689,1768,1846,541,666,1031,1044,1469,1091,1111,1786,70,8,789,1638,2708,856,1155,721,744,98,1273,77,5993,3997,5056,1849,1402,1141,1367,628,38,398,892,410,1155,88,1709,1729,156,939.69738537188,627.6914248263588,1469.7801001669482,920.100770595484,0,1676.8794724129698,1248.7266172659924,545.4588999598499,900.8095200976583,0,477.8600894702848,265.01781082081976,714.3090206966544,520.60742970798,0,0,0,4
950,416,241,825,275,307,281,151,846,51,1675,2263,778,633,1167,78,2040,2184,258,2282,1314,4719,2373,1655,2321,3080,1567,762,38,1220,1034,310,1237,1990,1645,1590,1048,208,928,833,410,1373,2428,718,1289,684,109,721,561,3213,2723,130,1116,571,795,1706,97,2705,6693,2366,6435,2086,346,3656,1635,2642,3910,1179,913,46,795,204,896,216,2489,2458,1198,721,876,422,351,749.462142404439,659.8174766248956,980.9272614271695,468.434291426895,0,2078.3859819581153,1004.3160520153996,1100.4048518347427,330.8975284310018,0,371.60686073723804,850.2040894920449,222.84228348778868,593.0771186107967,0,0,0,4
46,669,648,780,1646,1174,1021,1059,604,3073,2731,565,87,493,256,1092,2175,145,3234,3636,3109,2163,853,37,1018,1380,342,1277,903,122,984,1046,686,1217,1869,1876,749,582,862,116,133,4,1533,2424,371,896,1065,1914,2352,130,2337,2107,200,707,255,1198,5138,135,7375,337,1464,3384,1868,1976,2354,732,2596,1592,624,1338,2095,1601,643,1780,720,596,1946,1421,11,543,472,1406.535070189447,158.48150354519453,1766.4489865468088,616.9882544368173,0,1789.5136895257326,955.2009016993187,1353.9244938608451,192.01892897802142,0,268.09230434786264,179.78854670232582,449.4094901689394,385.8991488814711,0,0,0,4
935,555,1132,2444,1911,957,1413,264,1169,383,1770,1909,222,63,322,3210,995,7534,386,3884,1178,1200,954,2313,154,2102,551,70,1347,1369,744,2202,554,373,488,139,934,11,625,431,239,1204,720,884,1754,903,209,1098,457,150,60,675,1974,1977,157,1104,6018,6020,3058,1375,2629,1127,3023,660,2246,1752,591,313,646,1697,1306,1058,1523,749,790,593,125,925,2035,33,2002,1119.1746235403064,936.4537044025706,1364.3718412476328,1108.0830751838462,0,1868.4175577209717,1069.1936135511735,1514.6348413487112,923.6424297785388,0,782.5610226498605,715.3631833343532,504.1116419319467,200.3548900523665,0,0,0,4
1737,1259,2213,902,2269,1911,76,308,116,876,2012,808,2241,3255,2882,4266,3649,2077,1940,40,2118,1771,1242,954,2506,2147,1347,2637,78,437,2259,2155,591,1245,90,173,95,2232,2916,1568,435,131,494,1249,798,2027,2067,532,333,542,1621,2683,8,1855,3431,3005,2687,1300,184,772,114,443,747,1186,893,1841,2272,602,277,47,787,1855,315,1551,1491,1138,2115,1165,2095,2934,921,436.47600431322456,1233.4424257995938,1248.2693601378933,1308.098779841166,0,1439.3378981323322,1702.9188434175271,1109.6240463041613,486.445298042006,0,653.5685955742533,178.6354293955945,285.0578748356465,1007.0540812348187,0,0,0,4
467,1192,146,1219,5,2768,2747,718,52,601,2845,1683,6901,722,4350,41,897,225,814,788,2442,1248,452,1047,1061,809,1745,126,1040,265,1045,2262,732,664,3,320,1656,1080,245,383,175,91,765,224,1606,1141,323,583,983,338,2360,241,5128,758,2334,1949,1712,661,435,2181,2881,595,801,1269,1693,999,520,541,281,1956,1508,187,19,1625,301,3136,2105,264,942,1689,1014,762.622863131922,813.3175635597818,1495.4539227602902,968.691249867024,0,1641.1544549493203,111.94107366560152,1909.144733873488,822.5278316262664,0,887.4027457559382,420.53839463421536,316.7086180611848,509.86544195715015,0,0,0,4
1804,398,2379,1286,136,387,48,1834,6318,2642,5353,1424,1377,573,613,1826,2566,1752,227,431,795,353,1588,511,1221,25,572,1239,1693,315,648,630,1510,2512,1830,1086,3,395,220,506,1973,1611,1103,1378,1128,423,1379,474,3537,4024,4163,1203,3452,727,2826,130,3161,2650,825,252,45,131,221,508,520,1611,2726,886,278,1067,1751,383,1811,478,211,1883,225,1850,392,765,1211,670.7938340556085,1250.875591594542,1774.0964592583628,816.0338520237312,0,1620.2283550475224,536.8079506315979,1453.0759593399362,563.6191720352676,0,673.6917061105755,436.36327801275803,802.076339083012,391.6682691106189,0,0,0,4
1141,1956,2515,852,980,4518,1182,5305,81,2582,1067,672,826,1701,1326,704,1040,350,1411,1315,121,286,597,250,1687,1557,1603,2996,1591,1381,1888,1544,1949,481,1669,1595,541,409,594,1509,2293,565,2026,1435,462,2331,1282,5325,733,1710,47,1409,1774,1334,439,139,271,166,310,1058,1136,482,963,668,731,1289,504,222,911,530,1141,397,1999,1717,451,1029,1955,788,1035,655,1382,715.9643429049706,1288.7624951957073,882.6574285874287,0,580.1847274849664,1214.1423858119338,693.4767723818759,759.2060722090204,425.9831341805496,0,714.4782048291116,467.3039390598445,925.2189497753444,264.08479430324036,390.18930935994933,0,3,4
1968,3796,2855,2030,1452,487,62,64,255,809,1605,224,718,148,810,566,664,1713,1794,1195,760,498,629,1112,426,952,1447,411,1258,50,68,163,865,2469,2636,307,739,118,642,3639,1050,5423,1848,2211,2271,455,4339,3788,505,2578,883,402,220,1587,1314,911,1924,499,257,1839,1480,339,1023,1008,1318,758,574,2053,887,704,686,1737,1763,560,1431,1365,737,3128,4254,3341,2999,523.5405947523683,945.3830498888547,1197.8566571821582,1334.5722481960383,0,1513.0199354271576,914.8388540947312,1454.9933749437523,394.3845334500345,0,891.97294384613,859.2711155296528,557.9366969994824,496.7406825348666,0,0,0,4
16,8,1277,1642,1871,2013,1606,1137,313,196,1229,1572,498,1279,186,16,1912,1997,683,776,1908,554,1615,1353,294,299,868,1474,2755,570,1580,987,445,1283,1028,1375,3654,2831,6675,2055,1725,3129,1348,1426,1857,147,100,1967,1857,249,971,269,372,1208,1076,658,1567,1016,1416,1324,154,848,1,11,218,897,1542,583,809,667,121,1019,1596,883,421,1427,1126,4756,629,2559,1784,772.8595259631032,570.9371512627698,631.1633377668513,2224.300832483932,0,1447.7190999983388,1034.1338005549133,506.70057186852455,666.6645563055495,0,272.7090492583095,814.0824323657462,494.56655243303624,729.5539329200132,0,0,0,4
2770,1075,221,684,1761,2026,1572,14,870,679,307,725,2050,2150,914,1002,1513,1036,88,41,483,623,1231,1147,2576,410,137,864,99,2587,3142,625,1206,171,1902,3045,4020,4563,3769,1254,246,103,1921,3334,1819,1245,1659,529,520,6,654,728,2188,1360,207,1209,1175,162,716,35,156,245,878,1389,194,1727,1563,1320,1463,224,1479,1856,598,1088,3299,6213,1929,2237,1348,1897,3042,1040.740565696983,754.0280267000495,534.1059575746445,1362.898321297051,0,1623.217891257979,1139.7178555525368,415.365548021366,623.9589707948454,0,611.6535189853852,444.4897024160524,459.01657782946916,758.064339871442,0,0,0,4
463,1960,2007,195,679,408,954,1637,1965,1531,1341,649,210,48,474,1527,1133,470,622,374,1732,921,1080,826,887,2273,2032,38,673,479,1169,192,3276,1353,6769,588,2366,1578,504,2064,2439,367,1060,204,169,457,118,1920,3129,2297,980,1332,1595,281,208,104,462,1132,206,1406,1639,1536,1452,510,1645,1724,923,760,636,358,1078,301,1865,2141,6271,1742,2345,3263,982,1649,1105,1134.6066108236464,566.3122646289488,1513.5440544147502,648.7154972230355,0,2069.9148563407143,450.3657220995264,1451.8815900412944,501.0369669205462,0,515.7410573890168,270.87843754031184,485.29055365189106,51.80269941698232,0,0,0,4
975,1954,198,243,1275,1272,33,1818,1975,1885,1326,677,503,419,643,1065,211,794,157,1567,2608,1015,661,925,80,1812,1533,504,1006,528,474,3708,306,6715,1589,1101,2409,877,2442,2649,595,3034,1902,626,712,1409,886,1367,2537,740,15,1555,1547,318,677,132,209,178,1599,2790,1575,400,11,17,1167,290,2133,2361,605,764,2576,528,2537,3908,2401,2158,1255,2009,461,2032,1052,1033.9481618135799,1030.1919786346398,1450.195004914835,349.13957059637727,0,2281.115571381687,299.90879490301444,1064.8942688537911,423.90909439631196,0,385.5771655726103,194.37702007412497,583.5781717576604,225.08478717404546,0,0,0,4
1296,813,433,525,150,249,1487,1194,612,260,723,1408,247,1077,509,805,2320,1133,106,390,180,897,1196,189,991,200,979,312,1610,3799,5405,2026,539,2820,441,1891,123,2179,1975,284,17,1196,753,2155,3778,2373,73,337,1238,49,1128,487,362,891,247,1921,1944,1359,1285,870,1313,2337,455,851,607,307,818,662,758,3414,6261,876,2634,260,487,349,960,2455,2299,1022,1228,887.2646672586667,752.4688719730825,1182.6632396754337,649.791887667547,0,1943.4316716828507,359.942493184694,1072.292233153297,750.6823576355546,0,527.7640072541585,388.18769245966547,561.9144439531997,307.8485506228919,0,0,0,4
1424,73,1608,1445,566,1249,1112,89,729,269,828,1020,1136,1995,1300,1424,1305,119,434,441,1124,1028,430,940,892,926,2224,1008,4736,4258,3547,659,2086,1692,1428,1313,2217,803,491,100,485,1599,1372,1192,493,1613,2170,188,857,343,8,2084,1709,14,185,1473,183,2159,381,1300,149,766,895,1771,292,2226,2793,2258,4488,3185,1944,2285,512,1959,1093,914,1089,572,728,3028,2635,479.59881714427223,1576.8937022212071,1235.4312139695357,1126.5579838123128,0,1461.5821675499465,1404.9523210960174,61.878661847306354,839.4833801585978,0,412.48427227201,578.4533634359975,278.7681556537379,519.9091000659616,0,0,0,4
