79,204,164,126,494,12,1505,1482,765,1084,1129,221,82,356,51,345,512,772,174,726,684,1240,1512,804,535,1049,1039,686,845,783,12,439,612,1241,1675,683,75,780,1189,546,841,1645,1060,71,27,244,682,908,388,506,843,568,1018,2269,92,774,910,157,56,592,629,74,154,910,1424,1467,1552,1657,1023,67,91,74,478,711,167,1126,822,129,389,613,229,381.6703268326839,559.502870214042,217.1561409195817,165.53773426478426,0,299.1391366277269,60.9161060348746,226.42569354121702,125.52873258775264,230.84653812442485,146.7561402786944,125.56369512872122,131.3319120038478,74.98031682007968,78.63081796781091,0,12,4
1022,587,556,1523,1310,102,69,204,1289,1563,715,937,1652,1127,660,1131,1290,786,671,441,569,1177,629,174,383,433,121,56,428,276,324,293,284,5,1204,1231,647,1197,1620,460,321,55,273,702,165,704,71,394,333,1253,1578,615,352,1009,745,49,452,743,150,219,263,984,1786,1275,619,712,710,209,376,1100,964,141,173,340,555,1066,666,133,356,950,1845,559.5461956708917,0,401.9683606804765,209.34310767169146,145.76751585254962,107.77367915977479,145.82138613680618,165.1760686741969,0,87.67631305024416,132.75931769940965,188.7485212135237,195.29048023348903,67.63888544439418,105.44603492270437,6,0,4
1666,874,1017,1281,203,520,401,839,212,81,793,899,319,309,473,2,490,105,431,168,284,368,430,1105,1312,961,576,474,178,473,806,98,967,813,530,1240,1877,1091,89,437,387,1140,1220,358,268,776,235,244,640,1201,590,115,605,723,635,850,450,170,429,515,544,406,388,1164,1056,858,1372,1718,776,264,4,369,129,436,515,746,105,289,503,225,817,271.83701085952293,126.24755293447063,0,215.93522054149517,652.0852403008296,118.18106759671754,101.93245069984312,111.71369831389464,183.57467333847222,102.96403441805688,197.50533122612796,149.7272185766218,92.44118160805213,0,110.10657206840602,0,11,4
1043,765,65,151,29,54,312,110,1078,1396,1237,1052,719,63,650,662,461,825,913,37,726,325,165,721,473,685,1040,686,1091,1319,344,498,149,920,517,66,615,1061,486,89,473,363,106,38,448,338,100,136,496,61,1174,1458,1034,858,838,99,604,576,1,199,319,1066,1685,1339,1254,1731,1201,202,641,360,561,558,280,906,294,465,133,161,665,1263,707,84.89169738408039,199.88246868695757,89.03754918087871,812.9058108645831,0,39.400126903348934,140.5532351370376,128.656317398744,55.32935816512974,0,217.63025440871309,63.60854061896592,81.3454945053235,24.91620326202766,0,0,0,4
179,740,973,561,585,1038,1119,850,864,1075,572,537,708,134,3,61,743,1491,1113,246,96,367,1111,1724,1249,1034,1473,1047,95,230,310,380,402,1068,1803,1460,747,790,790,153,651,57,348,292,742,328,99,232,600,536,612,814,603,65,177,721,627,566,1621,2514,1792,510,342,306,499,1114,433,107,216,203,622,648,32,144,379,957,1738,1644,1048,758,626,28.371495614099167,117.16906834732923,13.490113106390375,716.2701755269455,0,126.64852940322679,89.55421949322856,207.80224582988205,83.04397787609024,0,164.62950175431922,114.27971697206016,40.10580089798615,25.952671530217476,0,0,0,4
149,412,48,139,351,170,517,684,660,1412,2148,1463,203,170,268,415,701,265,1076,918,820,1398,1286,576,172,139,568,293,226,736,1227,637,137,893,1110,285,59,847,896,359,152,96,495,845,155,692,478,355,999,929,108,718,560,836,1370,977,210,10,50,343,769,373,776,1331,1070,1024,1367,971,35,176,54,260,393,26,364,342,348,752,647,542,653,64.42842368896608,238.34761093127173,113.73933465867529,718.2704702786652,120.32684944100471,98.40641655135384,95.4762895114003,0,162.61889437436798,73.95616759405618,204.82697730310358,39.153805487350034,26.901279093667636,34.74796181579636,96.54285363376967,9,0,4
136,115,542,55,424,217,1137,1124,957,1407,1288,301,163,73,170,463,88,622,907,842,1129,1326,560,612,1097,901,1080,1491,879,331,346,381,201,132,368,1043,803,694,1462,1346,211,84,857,495,79,609,1088,337,544,425,259,992,1023,88,526,121,317,206,383,1100,1730,1858,1680,1499,919,19,381,443,442,356,377,1285,1144,520,745,1046,26,1055,821,623,1339,8.183044556678105,244.8256201117997,68.7343685792216,713.9089606214624,0,144.09262645951043,94.71701538827028,121.75957345958523,144.38409163348373,0,218.6695019945637,86.06924208894172,139.67730834843724,141.79493920179198,0,0,0,4
1280,220,150,1040,849,443,942,1605,1064,243,437,578,37,93,947,1503,799,102,26,173,946,1666,1499,984,845,595,43,186,99,200,591,1187,1909,1606,717,760,1188,208,666,72,463,125,526,12,233,392,694,302,538,1187,828,85,309,826,716,685,1476,1794,1052,426,597,456,329,914,329,390,333,200,825,1056,612,189,436,1174,1864,1640,723,576,879,130,538,73.61679127718143,250.3902711967161,79.75890353983418,770.2118439799774,0,60.34196301082689,97.69979217491759,135.8844114841833,268.90565563066895,0,111.54764453314199,138.9266384156863,79.38661159816212,63.7978588069767,0,0,0,4
367,14,254,147,370,384,535,1135,832,652,1406,1772,1078,286,169,674,1050,786,69,385,317,850,1227,431,291,49,129,98,452,149,600,825,764,850,316,647,1043,878,845,1306,1314,447,350,193,168,501,265,688,1092,792,398,254,300,859,781,121,221,489,569,549,1588,1986,1308,659,912,795,389,1162,340,286,84,56,730,1161,879,356,172,722,1378,1174,661,48.240413552506375,41.096961786284425,268.3471238172981,576.2461662505718,342.7844357496291,100.46628599846667,58.644652790890746,279.132885564212,0,90.2984991584634,75.51472774973298,243.66789052544664,143.82261473596864,220.25583879711897,120.8126706366927,13,0,4
391,35,24,956,1017,50,506,492,945,1309,1029,508,346,52,566,650,348,911,573,660,1548,1932,1137,461,271,22,773,713,1357,1085,258,39,164,274,716,204,648,929,889,1088,1102,305,433,283,424,1306,1502,511,119,96,79,729,718,353,856,718,1170,1303,370,64,436,586,81,53,676,949,215,78,522,301,316,258,124,100,3,270,491,266,1335,1554,1139,124.07928160303301,42.85204806012408,94.10330865921054,749.2603097601227,80.75417778477116,34.208087023131725,118.28122264425703,116.46867538111722,133.35082069176426,162.95648757918505,115.03031866935454,59.006950913849124,98.58206064717137,0,141.6025249973147,17,0,4
1130,1222,643,74,139,66,450,273,720,1158,771,1158,2144,1461,202,693,320,827,1222,297,499,4,436,167,151,743,1159,730,589,1053,1099,664,606,798,761,765,949,1032,382,697,709,93,294,676,41,888,726,54,56,32,773,1479,1293,1554,2302,1514,47,211,163,115,295,676,1446,995,637,865,711,127,668,383,180,774,995,482,318,617,782,997,979,945,632,41.40158981363419,154.8170609104691,113.05257946942666,791.336098620787,0,125.97033380919493,149.5124339183027,171.17456792054293,137.99097059895072,0,81.96517884992346,270.34351121867036,155.89083290423514,199.26982166690522,0,0,0,4
64,38,389,156,61,1287,2104,1367,390,618,854,300,1413,1020,685,1212,955,184,359,86,127,323,1123,1656,1280,1032,1282,347,200,273,253,88,145,389,566,462,1358,2180,1687,542,561,695,148,829,91,299,165,107,1345,1348,565,502,317,540,79,180,477,1016,240,480,334,524,1442,1317,644,836,685,371,1091,507,455,585,615,1147,1455,922,458,548,157,339,624,2.6715947582224624,366.74436064593226,195.58024884475338,617.9298627705416,305.7864806030202,112.6024626205301,186.59989755937744,179.33838824181151,238.1978872344208,44.197805367170886,156.21478242958466,229.0032342335355,89.48782420439149,97.53642027194961,33.83825370791245,11,28,4
518,304,346,490,10,495,99,1056,1005,736,1376,1701,708,53,270,52,836,651,260,306,202,841,1523,667,627,910,718,1178,1681,1168,300,184,311,291,286,348,475,450,816,1592,1310,355,172,493,254,80,310,584,150,597,656,521,1182,1376,508,41,456,381,312,11,1042,1428,1350,1719,2055,1062,65,241,157,725,1043,182,759,594,107,344,497,13,519,754,950,74.71208595782146,158.404536622929,73.6919940672074,743.0136384413236,0,64.2094424520257,199.1479605885173,159.9387624100697,133.5631130314344,0,268.9169551098856,25.396954117608303,106.31557345733812,83.02382114484271,0,0,0,4
1650,1588,729,586,1049,838,563,1036,1470,996,155,81,251,372,615,349,862,176,27,302,269,568,1392,1491,1458,1472,886,20,128,125,358,117,958,1813,1538,930,1181,1352,407,486,388,243,738,713,13,138,504,337,125,642,1255,998,405,497,590,238,182,1032,1292,547,520,1057,894,67,766,503,164,454,380,725,1105,803,434,174,954,1450,1245,882,1243,1300,211,85.05556478440637,143.026742899656,102.51703932638947,784.688502099111,0,40.50682041335756,99.52051337586306,190.6169189453464,224.47428172142872,0,308.37509755515777,43.109692905040276,103.7485480542875,159.39612583414254,0,0,0,4
329,494,442,21,357,112,423,261,466,1623,1822,1098,691,421,480,1193,925,134,155,296,630,1126,352,31,525,87,933,131,1171,1500,682,219,312,402,1046,668,339,680,719,1408,1768,970,580,1163,556,505,575,116,27,85,460,1070,599,127,40,41,499,803,429,21,399,1081,1157,915,1066,1207,699,230,287,222,584,937,5,571,407,652,1459,826,387,1003,752,44.333598272838685,259.33410992645236,75.40741515601201,328.7798601665424,579.1981669437375,244.13149689233475,126.39937301542543,107.51800007558468,145.16443224869516,109.24415225128726,193.63313269132794,37.39367828281373,51.36601406718964,226.01125280512287,137.40332074747624,23,0,4
344,182,117,327,411,154,1094,1389,952,970,1017,406,303,335,28,48,8,785,1480,1164,1203,1863,1258,146,619,317,664,827,123,578,118,9,684,1173,746,460,927,1015,626,625,838,794,883,1048,982,450,401,438,32,208,408,394,1010,792,174,178,243,898,1622,1295,1159,1706,1231,137,361,226,355,302,873,1671,1341,746,921,781,336,814,218,7,622,788,330,36.18344365835309,297.7382898750159,0,432.7496709932738,503.60351684375735,177.4649621849038,56.473328048359626,0,214.95817414727617,52.46117189793335,232.49135854064255,64.10851424798693,36.441312792678445,0,44.269774006082415,2,0,4
368,340,581,951,1114,710,283,333,682,519,399,1376,1991,1415,520,361,340,330,987,628,207,626,506,650,819,151,137,394,1076,1674,1480,1025,1151,891,200,409,519,638,31,35,776,1351,815,261,195,49,352,257,37,25,298,431,385,1070,1721,1256,251,105,275,138,530,48,545,447,610,1617,1521,600,498,421,410,1224,1025,326,63,69,443,547,171,308,176,14.342679936626807,163.59965417179322,55.64221586176311,679.6272402404887,0,101.44919910970219,60.80027156371242,178.46574528739308,152.7029707814863,0,172.33884526958616,185.5161757125214,59.8788864493341,34.5245275564655,0,0,0,4
182,1007,1349,590,147,768,1127,670,283,603,652,401,198,78,799,1326,657,437,411,176,612,827,25,900,853,868,1361,1228,463,268,340,247,911,552,570,960,716,962,1237,537,24,77,22,339,473,106,63,578,698,120,9,555,625,244,182,163,213,587,77,1185,1142,857,1309,1433,460,418,428,424,620,417,315,578,326,586,1037,440,766,1200,890,1060,1461,17.805348340227884,65.21600054813105,12.074039163827695,679.3524077247034,0,53.715174764678935,36.14763654304297,45.63303464467758,73.52039412371286,0,125.86144389403489,327.82686660740205,215.83510623864822,177.81638286408216,0,0,0,4
764,638,1260,1271,120,469,10,280,101,326,1161,1745,1568,1367,1388,839,238,728,611,664,690,49,1011,739,13,42,178,356,819,600,508,1245,1295,575,640,1101,901,511,838,1333,816,66,10,213,278,392,835,1233,442,2,12,226,1006,1714,1660,1180,980,757,19,387,225,81,229,1017,1995,1837,617,393,639,116,351,25,612,486,296,774,923,1639,1623,599,555,35.16428242382537,131.53880588960064,147.5364710342047,659.3517256526139,0,164.59159304168608,78.02475148088034,115.95911755340106,182.2537418554636,0,94.63132097739802,171.5326655934473,71.56255945097719,71.22446657957612,0,0,0,4
1162,825,310,722,630,85,361,651,1664,1990,958,402,786,771,400,878,1539,1068,161,25,5,939,392,478,258,94,641,655,310,808,409,735,1170,205,695,260,371,1234,577,535,12,652,374,654,1060,133,698,84,342,207,112,325,6,500,598,1048,1672,1418,698,405,95,364,242,254,107,562,438,275,1005,1663,1099,532,185,469,947,741,10,151,42,692,1276,64.87651669573711,644.4163898850184,250.67013090514126,61.329909233889374,0,155.21406186296394,47.0768430975054,183.97306482330006,88.38518127682369,0,90.66848735136875,94.18112768867468,294.7411210616991,130.89355797583426,0,0,0,4
716,959,369,102,61,429,935,448,499,904,868,1371,1869,1178,335,654,450,386,408,261,453,479,1010,1661,1048,265,185,80,634,1065,436,101,362,1029,1045,672,697,858,522,397,587,598,173,124,574,839,868,1211,1790,1068,152,670,803,1337,1503,335,488,128,718,316,58,643,1345,1282,1531,1902,1290,484,540,148,481,193,102,581,979,545,605,1549,1845,1249,783,54.159053155243306,202.34198849551473,67.11751003261865,669.8275784565617,0,219.10322339025504,138.65384194917368,345.8016533489383,42.40494653522822,0,103.23118364798296,193.5526527954623,207.85326868003563,151.66614652320354,0,0,0,4
