1433,101,2954,2048,1189,3891,2942,7607,2326,4770,800,3570,1582,1183,89,902,1340,3161,1714,278,1561,2005,947,589,273,526,316,221,314,81,1095,1364,402,399,958,2730,1052,1043,2231,1787,58,479,377,2398,3379,152,1033,2111,1660,154,8029,1622,5181,4638,3165,4080,3827,1230,1223,1757,695,476,135,1039,745,1317,934,422,648,731,146,415,235,868,1360,2515,1024,293,1980,880,540,889.5742252788355,1607.022927190878,2754.4390470307308,1348.7691961436044,0,2577.6104248896886,846.5752256128343,1756.1012623412205,344.93414586935666,0,667.6957154119818,532.1984033101702,142.36646510268153,1050.7851886722192,0,0,0,4
60,32,620,591,2834,5089,2736,5602,3659,2838,2447,1770,1619,2742,45,2304,1903,422,57,317,1676,2311,919,401,181,180,42,163,291,867,1606,376,1887,1044,1596,685,1795,2556,262,2833,852,1027,287,1425,490,199,3995,1468,6074,913,3494,1846,1158,1365,655,851,946,1219,1016,1097,1998,1188,527,356,30,565,227,1156,2333,1935,384,1600,1670,494,620,136,76,744,637,2430,3536,297.31591604406333,1338.1277089010018,708.7130225697724,1351.5162973161464,0,1482.9588236023278,1989.9998528750812,867.9082180407086,1932.0254061815876,0,711.6844412921811,1067.0666783711317,196.17756949370926,548.4573687936655,0,0,0,4
2959,7193,1965,4739,821,3029,725,1262,116,853,129,890,1070,1290,1455,1540,142,296,56,512,857,334,1271,742,37,1100,1548,1094,1338,371,2357,1538,1299,2292,1359,2379,1767,761,3315,2465,1464,915,297,547,283,197,622,2072,1910,438,1658,1495,61,1095,1507,283,1193,526,802,607,553,342,897,400,2523,1578,1132,2703,482,2111,1163,115,41,1064,172,244,4065,1117,5385,511,3995,428.40167452876494,1584.0582083621089,580.9951222394805,1400.5756120582191,0,1702.6527831592678,1299.635680859458,430.0822100918643,601.1311050012993,0,623.1010584543508,1126.2847740751831,631.275499330316,267.57287546740935,0,0,0,4
429,2805,1599,518,62,1106,1040,221,1134,1117,503,675,364,580,707,430,274,2092,472,1940,2047,1168,870,873,1032,2114,915,584,251,582,4026,754,5503,478,688,1946,223,1627,1451,1234,2442,1461,566,128,500,263,1584,164,1200,1287,87,157,102,604,1104,1484,699,840,521,262,625,226,1013,723,2063,3495,1150,396,1900,839,2598,2806,684,4275,420,1718,808,132,1343,1596,1328,627.8853877455385,966.5803176877655,613.3521337525226,1168.376694906039,0,1231.7797540550828,1632.9374364854593,799.1489509700909,470.8392660296423,0,563.2644811398121,461.22721424296407,429.81467701957376,464.36482890797834,0,0,0,4
2494,882,342,414,1006,633,177,122,174,981,199,2334,1364,1565,1893,348,1125,38,437,792,174,1437,1403,917,5288,922,5781,1105,4292,1555,3476,709,3829,1241,2378,2511,1072,226,219,594,1628,855,154,337,507,432,192,1501,1529,1234,218,2120,1491,1203,22,1764,1881,96,3126,2317,1987,397,2946,3297,3157,812,1566,299,1539,217,1842,1282,371,134,2044,1277,681,98,779,80,699,530.187519059583,906.0014789434929,925.6898134270734,305.66564598289614,0,2860.1647579291653,605.4663872670153,2036.505092483722,520.8918811878465,0,610.648789168495,907.814348015997,555.6687759986977,668.4067040615389,0,0,0,4
84,948,972,40,951,1315,1506,712,888,1702,835,1358,675,1742,2540,1344,234,1321,1957,1298,7994,3118,9574,470,4895,2147,2401,1077,1318,570,2480,1954,183,1083,32,107,833,1400,1324,886,445,468,1878,1276,284,275,1293,675,991,1564,667,67,537,2763,3128,656,341,2075,5427,3151,4656,1262,1790,302,780,552,1313,401,1085,2018,1286,460,850,98,159,659,1411,1604,2031,627,1573,513.642313139701,1394.3285625179255,677.3138647061137,1735.1128615938346,0,1268.2154006713529,2488.507422548202,951.4791130282092,2313.0349988758853,0,197.27782383390655,1043.7130932432176,426.47662594839016,1352.4930163407291,0,0,0,4
2292,1202,187,435,1128,1537,517,2791,1776,1386,2260,147,340,2317,3027,4194,5664,2196,3543,1975,417,1564,456,1539,170,1503,1252,907,1296,425,131,577,249,1037,1330,871,237,1053,122,175,582,751,144,1191,2055,1792,410,497,279,2273,672,1999,1286,2415,1302,2981,2382,228,2351,2202,997,241,13,724,537,1762,201,2484,1857,196,332,170,560,1247,792,1902,2317,383,777,1795,626,1021.2527843494875,897.7014490855147,1068.7138552415734,906.4380702341504,0,1381.5875288956543,601.4390391901867,1783.8897200632828,636.4115394736128,0,804.2473942594028,525.1342264932463,1171.6616515486792,1191.3286781214827,0,0,0,4
210,66,2512,3117,532,3030,4616,3121,4344,6756,1362,7175,2614,3402,4600,635,2159,1437,836,636,442,322,349,473,598,1144,2055,1007,86,834,1396,966,1623,109,86,672,451,183,699,126,1495,1882,879,2534,1932,73,5566,718,3644,64,2651,2164,132,89,802,910,74,120,918,310,1395,280,145,400,622,1988,925,730,2157,2067,32,104,628,392,759,823,1749,205,2305,926,956,847.2295597537775,1526.4713752151508,0,745.7122254199676,2618.3704478063614,602.0916221023878,2188.0424218152343,0,1258.9245344826206,1860.0949609519434,637.6063521643925,915.9808407382357,486.15551135381133,0,479.9866176180466,0,2,4
1739,5425,2721,5340,1342,3297,1277,192,597,1289,590,197,836,1618,270,1939,1384,607,168,1047,509,1444,363,2462,1252,456,874,498,1471,1237,209,2785,2407,880,1967,4345,1450,4880,3388,2614,4771,3246,2745,4323,627,3420,1299,13,806,900,616,1264,271,138,1006,1649,1813,394,352,586,1839,1223,994,2424,1913,907,1886,1134,177,777,398,1498,1248,1647,1653,2789,2296,5200,2552,5209,3722,1192.8785915254716,1018.0912679024309,2490.2100595672146,342.6676048267235,0,2025.0668711180872,915.3031978297431,3120.7924184878702,429.68179206647267,0,1296.3967396223034,607.253913179035,320.60035682195985,294.42150232560624,0,0,0,4
1074,2826,551,674,141,356,771,462,1454,1059,1133,2227,139,1287,554,1944,518,3307,189,2157,35,1378,1838,241,1170,1367,1660,1266,1789,1392,1423,2268,1452,2776,1167,2082,2277,92,706,760,508,22,890,1312,81,1162,1128,1129,1496,481,291,1437,293,2908,2674,326,1115,1367,534,30,1017,1496,1540,263,3373,3083,1511,138,779,3888,1047,3986,439,2764,2302,523,820,1358,1885,139,2248,661.7690690942791,1028.6213577809592,513.3781830646012,1321.124094635779,0,1093.3550715572687,561.3702942658409,747.4541336041179,1879.4333072002555,0,892.5966203792165,691.3305851773654,564.2346695242234,1097.5893202233697,0,0,0,4
1452,1169,501,371,267,1284,151,1923,1461,750,542,1256,1074,1398,27,1672,1372,297,1431,769,449,1411,2851,3110,3580,1048,1697,971,374,377,411,1225,449,1362,1633,5,500,1451,230,808,374,172,200,1011,1741,1510,385,1567,1771,1257,889,937,1766,1348,715,2566,1591,202,595,1825,410,1852,4493,4898,5511,3141,4259,447,3150,407,1351,688,1912,1095,195,826,565,70,1543,920,352,453.2787124253665,1033.4142158130655,595.4818090719267,1205.453238633643,0,1674.6556929709463,1327.9094192104346,918.9117319531645,1687.7768832768268,0,861.6005991368546,866.5087511015604,523.7797829741929,295.1889599473824,0,0,0,4
451,1343,941,3865,1659,1479,1014,339,245,177,266,504,726,1380,1488,2498,2122,6474,1849,5811,860,1883,1415,616,304,461,344,697,1143,1009,1060,9,1193,49,1293,270,725,1122,1808,39,645,700,1055,1514,651,1079,1043,840,2165,1307,1314,2234,1142,1469,1720,662,4576,2765,4122,3535,4556,563,4156,2011,575,751,1174,382,829,161,939,609,2293,197,2400,624,2106,222,3121,184,3127,289.2068669358008,1296.6328355875435,2129.7345762552077,588.1939909790838,0,614.0088680141355,1334.4512020912478,1867.6143894981572,1561.911572845715,0,1883.872118545697,907.5702380578922,492.5567265055118,673.1671924274527,0,0,0,4
330,1491,1354,156,514,989,2295,1750,293,1710,5350,2790,6164,3446,2960,2217,1053,902,2583,1986,1602,3163,1402,557,583,425,447,630,1063,401,685,1122,376,2282,920,17,230,15,1203,2056,1227,3544,2078,505,2823,2398,58,1263,27,5032,462,4133,454,2495,1057,580,148,1956,1713,384,2253,1101,1280,306,1129,344,1244,414,2463,1389,24,990,1079,1775,1874,795,1153,419,1297,1038,323,222.29624299006184,1009.5330940419768,359.82387054862426,1093.2548558850276,0,1793.5791535363028,1730.4475694076432,1500.470080850048,1310.114863242372,0,793.8916338070062,1285.1589878355574,771.595544229986,1218.4118053759537,0,0,0,4
147,1061,3255,286,3912,2148,1539,1532,362,1783,1864,1286,2731,1290,389,1089,208,1109,375,1327,4,1561,633,582,396,1850,117,2768,1389,762,801,46,337,464,905,762,1415,2399,1452,999,3289,197,1210,2830,1678,2856,1329,3216,2709,281,1092,2,122,1198,1314,486,1626,73,858,321,95,975,672,373,230,814,1440,1048,296,1573,159,1712,1361,985,39,974,1478,3352,162,5499,10,776.0092449450741,986.6393855624333,837.3913802327197,948.3795404980087,0,1594.2845707401175,1436.7410850270116,75.21205975390193,1051.8513575265085,0,201.70700510029042,331.5835694970983,431.8603034856367,780.5895977545615,0,0,0,4
2342,906,397,1179,553,1922,2793,1878,471,323,467,141,1501,335,1967,1968,381,903,554,775,930,597,2700,2078,54,306,487,1056,1550,1810,3659,1080,1473,1898,3422,568,4744,3228,4213,2843,2861,1058,2407,1273,3661,220,2512,1214,806,290,742,546,506,432,1004,289,371,1090,789,1432,545,32,736,240,672,352,2569,2004,171,2303,2848,1284,2206,2802,318,2066,1,1265,1438,395,1689,762.5991478048979,1143.659256250263,715.7665908436437,1415.149756379843,0,1445.8152458042487,1354.2536067493402,1726.9199411346694,1210.9763887640192,0,1137.5670758674246,940.0879068873569,487.76165771901947,768.3477621793699,0,0,0,4
1659,496,97,424,1080,1718,35,780,441,573,1184,453,1070,460,455,548,1386,923,2121,528,2800,2038,10,711,1089,2211,1615,1952,642,257,4750,958,6255,756,3955,2941,574,273,1522,133,1286,1191,583,632,1365,1048,1051,1193,63,822,2135,291,3625,2277,492,79,174,1149,1601,1214,3713,2040,419,1621,3232,477,3059,716,2003,197,1426,42,2570,1126,1617,2420,1623,1026,627,12,46,308.2964542057676,822.5123351743505,2049.616980610784,399.4277720493417,0,371.8618157326724,343.96247287140756,2068.2221992479317,886.1879918457777,0,1217.228417841626,644.7641388080626,104.46187204990167,966.3025521541699,0,0,0,4
743,329,119,1983,2029,266,407,856,1187,2810,636,2356,1982,495,477,752,1679,989,854,2833,2787,1564,1855,2522,1642,2824,1902,2143,361,1744,1197,321,436,458,91,1510,2368,6,1414,580,661,544,626,1922,2225,329,2685,1234,628,1851,757,2977,1507,1548,2058,227,916,1614,74,6352,354,4900,1096,2308,991,1853,2007,1209,167,705,2302,1235,1131,1098,477,495,958,465,1411,1428,703,915.178544019662,589.3548569387648,1422.781850840889,112.13732676262687,0,2578.430290894055,815.8803853930513,1180.2484735863025,1045.547905495888,0,492.0999686300451,237.7492552123778,517.5327911631729,520.7058502400088,0,0,0,4
1438,521,1479,1546,2001,2428,582,1693,212,1385,399,876,1526,1635,718,259,3002,1735,3747,372,2469,1622,683,104,967,1410,2636,1218,184,471,1082,297,67,1145,816,375,554,2049,89,2024,895,446,502,414,1068,781,2008,2126,128,2237,2103,676,756,2271,2665,2599,964,2016,749,846,1079,1007,835,1085,654,1751,2626,286,899,237,107,1877,891,1654,1346,683,1724,63,824,3351,82,157.5804936038561,941.4297658914375,1248.0343949339313,703.6110534313517,0,1878.6635841736006,744.8875698422795,926.094545150756,446.98693578340055,0,371.72395665587976,261.6082726037644,354.87830824632044,584.9653565720519,0,0,0,4
4173,2633,2096,2681,612,1067,1390,2344,5060,3787,3741,3185,2527,1718,2652,123,213,1378,1866,1057,387,1136,189,1272,1192,1257,474,1569,150,2109,907,2287,844,961,1332,2175,917,2615,695,4070,2177,385,907,1304,110,764,3355,1829,3917,177,2612,1335,1033,1330,785,502,1159,1035,905,1312,580,501,211,1257,1982,223,1439,158,1071,1694,209,3297,3551,1340,2456,81,733,480,808,2404,1641,236.47666483274804,1510.490225402966,2108.6303890214476,1379.2582116824854,0,1054.9063145606817,2127.1953553314797,1241.7513290875554,927.0552666021957,0,895.9801927767717,684.6460010408683,964.2608177683841,1508.9894689424423,0,0,0,4
4308,2518,4032,878,2010,1914,597,2091,2571,565,2530,1301,86,423,575,1453,324,1579,431,1892,953,387,1327,2343,691,3976,2053,515,998,261,2091,1257,1997,2549,756,1923,544,2278,4258,2275,3367,359,1537,321,1185,959,541,661,1705,2470,1197,348,161,220,315,1472,101,1503,928,441,210,397,3180,2615,2023,2859,478,965,923,1224,853,503,2120,361,1060,1941,2525,3886,2883,2611,1840,753.2915167356596,1337.9808362146357,1493.9888461168994,383.9464033187655,0,2480.500507962053,73.2830450705897,570.096069245762,1095.1830202916724,0,332.8735056260364,685.2457774396571,285.4352644676175,693.3444918692168,0,0,0,4
560,635,1411,1327,1843,2870,1318,0,585,1418,277,718,1181,1751,360,504,1059,663,2922,1603,1346,1763,297,281,845,1424,1519,1521,3699,3996,274,5329,1236,1591,114,537,265,722,516,938,2532,1719,551,1099,843,1549,1000,47,112,394,497,255,1875,1891,83,1786,1020,722,2853,421,3759,2633,1579,2669,471,1079,1938,3023,5330,3776,2742,2973,1146,2198,1862,1143,1214,1183,2543,2075,731,353.47054602609387,1164.7511211409214,1562.2500790548759,891.8388024732463,0,2123.000862576367,1470.5295401508288,490.33240435139646,1661.2373616247658,0,148.27004337903466,1132.5088882998512,653.0945932956307,848.3204502559728,0,0,0,4
363,137,337,687,2153,384,1894,789,863,435,74,2412,3306,884,2757,564,342,991,451,1979,694,2557,1694,1485,812,4531,771,2065,1527,1932,660,727,405,1649,516,1314,1597,762,1167,2203,693,613,123,495,1919,88,2567,1092,647,1120,850,2214,3173,1810,3449,107,1887,141,1781,215,1472,3439,3668,4360,2418,2188,2191,150,1063,11,1002,2076,1357,448,948,1891,1038,380,573,1140,417,83.16988710191052,951.0805967626138,1413.7352481021537,1155.239440411586,0,2110.0215075918068,988.0672342085851,1294.6295239361502,524.3186054406222,0,675.1334351649504,495.65545839684467,399.1065506872886,439.02984718187247,0,0,0,4
1117,1058,1714,82,779,1030,45,3362,1406,2822,2103,1265,1233,497,1006,2604,3686,5598,3059,2188,2566,759,1902,1309,850,1300,211,1498,2364,1419,730,724,182,617,2049,677,1135,856,755,97,630,2668,3755,33,2748,1591,222,1563,325,2456,1317,2222,3104,332,4061,1768,5189,4613,3591,4036,2274,2433,2846,295,2557,2136,937,8,941,1679,617,1186,577,2221,321,1161,631,824,1362,2905,77,494.67984665853766,1442.3909666074203,2396.9720918918533,1212.3951659736465,0,2436.9944219263202,2116.805134969793,1270.7968145505934,1258.8757447025664,0,315.94726007641947,1015.3011249309938,457.5630527845483,594.7370583861277,0,0,0,4
1864,414,616,1624,1232,2747,141,4586,2719,1429,1900,1576,6766,3236,3316,2143,752,551,904,728,504,920,362,1788,2598,1363,130,283,984,336,188,1084,1588,186,676,1222,3,2656,1609,982,1228,257,388,466,2022,2192,530,3718,2806,1908,1507,2683,6206,2011,5372,2663,1658,2068,328,191,2299,1899,314,1388,1806,419,501,10,701,669,968,1346,2002,211,406,844,187,2282,755,2544,2091,1084.0538690840656,339.9169360980573,2587.6557115644982,190.87868922542543,0,2664.0859018620254,602.031008427533,1284.747776392373,412.9131876099143,0,896.6718371525072,261.3617712133361,625.03935835028,420.94694731440677,0,0,0,4
635,852,221,1356,4083,2104,5685,1158,1431,358,182,780,942,402,983,2141,1377,923,1787,717,113,159,704,1271,495,547,420,283,1271,1068,1993,2978,265,524,132,1000,2063,297,3938,3249,5063,5012,5592,1163,5945,1101,4259,3045,931,1876,264,1088,1259,650,484,1722,718,1430,1867,167,872,5,517,1388,576,3727,2332,2187,912,817,1738,2339,940,2935,971,4231,2703,4842,3615,637,4334,1057.2154223443129,730.560477278095,2851.020992729775,310.9990531063058,0,3272.42932887786,1176.4426917385813,1574.9857456557775,1415.5171270881922,0,762.1716285106002,1571.4611271242156,423.0476971090355,947.8732383353902,0,0,0,4
474,2943,2001,1211,2702,1443,733,1561,870,933,1495,1208,278,1716,732,742,362,1444,166,1950,1768,3820,881,958,556,711,2642,863,3441,2359,1927,3146,446,3397,2970,6799,6559,7638,3297,4988,63,2748,861,804,138,567,56,1607,2747,1407,45,409,28,574,594,652,743,842,1051,266,1647,2775,283,1037,805,133,2407,587,3734,3985,3405,3659,3777,121,3276,571,2923,1311,613,200,30,600.135380523989,1135.2176119628737,2061.0128273635396,1194.3828186801663,0,3579.778215546321,1509.2979438681946,2038.745551034089,1660.8897242682142,0,1105.546163579457,879.1826284089548,526.7828258874282,576.8823983404807,0,0,0,4
926,1281,568,936,1710,538,267,734,1166,153,313,353,434,291,414,1655,631,3616,2189,1985,1361,1348,798,2031,155,5332,525,7123,63,1569,1318,4,1292,1062,1469,1944,66,407,460,1195,1598,1639,58,872,1370,682,480,67,510,50,725,1864,4093,1187,2014,1208,163,1625,1225,2970,3394,1521,3132,2982,764,6853,536,4125,1242,3459,451,3528,1513,1760,2098,516,939,854,448,1312,1588,449.7899879320031,1277.4412441486693,1300.3215909467192,1873.3471344240102,0,1078.2805212466744,2417.9689169199105,1271.5898884359613,1546.2230228292074,0,1177.316954290536,1021.8947541410862,393.31622708796715,1113.1881006239846,0,0,0,4
1269,99,925,1249,122,1374,348,702,447,1290,2492,2925,977,3595,572,1463,206,1509,653,1942,2898,357,4802,1915,1977,3255,1952,2209,2989,966,3016,819,1491,1584,93,40,1771,1021,602,1255,92,1789,1467,237,2251,1060,261,2267,324,3614,4212,502,3850,150,2608,122,31,390,3651,800,1161,399,307,144,139,488,762,531,389,1638,1638,1036,585,68,524,194,1148,1223,584,935,1000,1133.3177197381717,216.32736465698292,1782.9677257630112,1090.8221111860614,0,1100.6212790964928,1396.4999451069955,1061.0269301701092,1497.2559247351319,0,579.7877957664323,1021.8904616190283,198.8475745342423,1076.1524509690491,0,0,0,4
264,686,1127,2484,1145,2518,1705,1756,1028,1210,446,1580,1152,6418,5727,7962,5733,4055,2010,2117,1148,1550,896,2018,2199,786,136,134,530,833,1457,1208,21,407,166,649,788,429,1671,1175,18,987,542,2931,886,2444,1351,1950,1004,2961,746,6859,1457,6997,594,4044,1774,1569,696,905,114,1269,1233,876,1619,378,493,1035,968,16,649,207,689,769,867,2013,1148,2851,2308,1492,2409,783.8218254199338,1403.8189603910919,1720.4791074029563,590.7966599494196,0,4219.304988087493,996.9918095070773,2509.381222100476,255.76300016109082,0,1375.0063714210492,244.71370176791717,858.619491537967,251.41794494836168,0,0,0,4
429,372,1584,359,3437,2430,5502,3401,2513,1617,813,1640,672,676,914,399,106,660,551,454,169,1738,1989,1973,810,767,1017,113,658,399,1108,2879,415,2851,2258,20,889,76,1506,2535,241,2438,2697,4177,7450,4243,6626,1583,2914,570,1929,1,367,801,1433,1213,728,429,392,807,1031,664,821,814,178,1489,558,715,1124,772,182,1915,812,4279,1427,2357,1770,2001,1482,4189,3087,463.6665803312612,1900.0694440626482,956.2017613315898,2038.4548528513712,0,1712.681526145477,1809.2264643862627,1646.4957193543669,1683.1600093155107,0,484.73538043105674,1655.4474297820625,374.72622112723263,1165.5712274334574,0,0,0,4
8505,6303,7131,3436,4201,962,3327,114,3194,872,2062,1669,385,870,486,173,1218,2219,1103,347,349,396,432,95,1618,2488,162,783,536,2088,2893,36,3113,839,2107,599,1234,2990,2114,1378,758,2009,223,444,221,478,146,370,305,354,343,1058,2196,2026,1308,706,113,951,702,53,372,1341,1789,433,2586,2372,109,1136,25,1322,2651,224,3130,2487,5301,5247,6108,2811,3601,265,3217,704.7353753882849,2009.9140438868617,1954.7427186057598,2231.0329510798956,0,3044.0648584581772,2052.7895696646015,1268.868382221042,636.921268770965,0,684.5145056773373,502.2850164608839,967.3833010791667,762.1914402416724,0,0,0,4
477,3531,1283,3790,2838,394,1050,123,87,1988,2248,1092,255,55,922,145,1673,65,2273,788,2145,1341,457,1369,782,1651,2058,1817,2998,1789,1715,2238,805,2664,260,1518,2196,759,1156,642,44,141,1292,2484,1716,1,402,487,947,1742,792,1103,1199,11,936,791,1252,1300,161,2918,3682,528,2180,877,933,66,143,562,2251,726,5633,1509,4662,1227,3346,1966,2290,1482,1708,706,1812,283.91965362084414,1254.9727593364782,946.8007567310156,1255.4016174403712,0,2814.6882798100396,762.4140062505865,676.3636071813366,1018.7799085040197,0,899.8010127939547,450.8047337007654,936.2327530675717,1321.4473305490285,0,0,0,4
1658,159,1044,186,203,683,598,136,424,529,1154,1066,522,570,307,2360,1673,1898,2690,50,1611,304,2187,2354,4756,4888,6175,523,3633,2079,831,301,145,307,1119,397,1266,1972,1114,772,45,959,792,103,144,60,828,1154,38,2377,3361,792,912,222,447,1715,1169,2701,3843,1123,1511,717,3830,1927,4534,600,2032,471,1681,725,2704,904,2183,2985,897,1532,801,276,766,1422,547,266.1058968521126,1128.3808062516891,564.5821010236496,1419.2743112663748,0,1540.5185141698234,1755.2105428938537,671.7775374410029,2278.4536704731604,0,485.05872160082413,948.1092277587159,150.78527839718478,771.3746110512327,0,0,0,4
808,1525,122,3010,1879,572,763,1170,1363,1970,426,3825,1650,2324,1647,70,2858,3664,2068,1920,1025,644,1451,617,2129,721,708,371,618,820,140,1242,1805,648,460,764,480,294,251,579,610,446,584,369,232,2362,1868,1662,2879,399,1571,561,2720,1531,5380,4886,6622,1842,2931,306,448,1573,1561,1814,2136,64,1298,924,475,1606,938,559,1224,391,454,143,145,280,762,257,2544,351.9040976826479,1179.3355155188544,797.07815498129,1101.9130265174326,0,2670.5738044472764,590.8355398270622,1831.0023363200512,149.41172058307924,0,871.6002307250918,308.1360829458386,667.4877108658816,947.1934312099065,0,0,0,4
1903,340,95,325,1435,1464,2031,3363,994,968,1390,1446,1042,320,1070,3540,783,2048,1413,337,852,678,1292,1368,370,304,1257,1333,1071,57,471,447,128,587,933,1270,1371,71,2508,3749,1002,2094,890,505,687,328,794,5013,3711,7810,4503,4554,1660,2448,888,3363,2252,2438,2405,379,1986,1618,974,1685,1430,786,668,991,474,408,1276,839,76,827,1821,1499,1540,120,2971,3080,241,266.41532720027084,821.3676973844422,866.867385832851,1161.5089428408728,0,2203.914114138752,1551.5960402854453,2273.580249463655,1112.2254044470626,0,539.6386420679481,402.6967309133263,142.81206294552436,569.0813765393253,0,0,0,4
2455,1066,2904,301,3232,3079,4258,777,2730,4008,498,1463,498,457,241,53,1054,1371,1052,191,1806,2506,1768,333,333,38,1016,744,680,1944,1769,480,2657,2756,688,500,169,886,2193,1094,635,928,1423,3415,2051,4692,2446,2305,2475,1030,2526,686,187,246,1204,2037,1069,95,293,194,489,1593,1435,119,1404,516,318,70,655,1695,1631,686,3151,1797,1193,1392,620,2414,1628,4199,3342,365.68811766104795,1137.8965270343422,353.24876851398426,1372.8900290284203,0,1197.0280907313747,1290.189894495185,1845.5125892813933,1207.6660177924177,0,201.63526192085556,1294.1560826534508,860.8872597889236,1314.0149112790932,0,0,0,4
2700,2237,1642,736,917,835,437,1012,170,1284,740,311,20,686,555,1979,1160,134,271,48,1279,894,731,1864,826,1211,1525,361,366,182,420,1774,1318,3805,322,7473,189,2853,1802,392,1999,2571,933,3549,1161,1713,2067,284,36,1674,56,2668,2505,342,381,84,315,669,42,1954,2524,159,2426,2727,956,941,672,625,2206,1356,2710,2116,1579,454,309,1542,11,110,1317,1138,1296,747.5787638594707,886.2629773035226,790.6768639577953,1135.7023569052758,0,2275.0142472081357,1459.601767597419,596.2216456001049,387.94322802415587,0,90.88062659221414,423.30452595268173,339.8745730001937,1281.0943532268748,0,0,0,4
989,1505,1518,250,882,1707,747,998,971,373,519,1236,259,1804,712,1554,1282,418,1558,1042,472,778,165,1405,872,115,5662,4764,8151,3788,5034,953,2687,27,4598,2639,2930,2508,874,1555,843,1293,2143,1368,859,66,784,491,391,1207,470,173,72,1507,2201,1944,99,2471,2448,565,1155,2441,1476,3858,2330,739,3926,912,2610,2420,131,777,172,462,1163,57,1664,1383,124,257,706,832.891420925045,760.8533366327944,1996.4401037509529,291.6732087778196,0,2649.9135084941927,1362.9126535183775,2323.9481774741375,1244.52396433537,0,477.7693854513541,919.1869920941353,124.59682736771839,859.8221912945781,0,0,0,4
2012,1899,342,127,307,1368,793,918,2072,1448,1038,2489,2137,55,1592,783,116,601,2295,1471,6127,4348,3984,3157,517,3168,2337,1320,2701,1200,786,2300,1184,780,94,621,427,2253,1044,872,502,565,516,620,250,1833,173,1753,2280,1402,715,1183,756,1332,360,820,943,4189,549,4536,447,2370,1633,108,957,1054,300,123,535,681,585,1945,1737,506,809,1229,335,1060,1127,1060,1305,1018.4843999182785,1024.5483420730404,1536.1270191957747,818.2069172931427,0,865.1847331639643,734.6698844017073,2172.591041258639,620.0691834547413,0,1326.7714497912477,620.3424069496804,520.8965482480322,814.7757389049416,0,0,0,4
139,189,1117,1762,1723,590,2341,2623,1021,1522,3379,3035,3595,7034,167,10661,3103,5855,5125,755,2290,261,1012,762,1329,341,2163,1017,145,998,1676,1128,578,637,577,1724,1743,1231,1905,1410,617,1294,1923,1771,519,821,1176,4279,778,6314,110,2889,689,1174,819,2747,503,2186,1708,285,828,367,362,1548,783,2509,1284,124,1269,107,3356,2412,786,1952,568,276,704,897,2040,493,1981,926.3964123447417,1250.7730046443153,2056.1518905704156,645.3381943259177,0,2787.044312528956,1363.2012670884446,2859.100203195354,1362.361391364352,0,1697.9099183155158,340.611454467633,289.24132403694233,1124.9148337305446,0,0,0,4
1719,175,4680,121,7645,1670,4209,2143,1110,1832,2517,267,2626,2166,236,288,945,673,1418,587,1723,2162,133,197,1192,135,1097,1142,238,1093,128,418,42,2436,1959,23,1778,1728,820,842,4575,3127,6166,1607,2468,812,2238,224,2624,1741,479,35,1504,1517,197,816,377,142,682,385,1739,1389,903,1731,431,3,2172,250,2991,2645,494,2643,1591,738,2453,4280,10081,3622,8057,565,3322,684.1537328454984,1437.0434633854582,1696.8077556709704,2875.5720063162476,0,2300.7812874108654,2772.9581511153224,813.2385111668649,1678.5990677354894,0,477.5261777503974,1169.1145764882583,1330.8357026709127,1051.342225062442,0,0,0,4
53,2461,733,2004,1991,789,2897,1506,1316,871,344,561,2355,90,2691,1735,419,203,316,2190,2999,486,1886,311,64,55,1457,1906,1932,5133,4289,5678,138,3479,362,1373,713,732,776,600,757,1448,1131,1319,1875,304,912,298,577,296,120,2201,1783,762,1738,1584,1151,1629,665,3415,1273,1128,1272,9,2270,4108,5900,9398,7945,6479,8034,65,3672,1251,2383,1494,1677,1889,794,2480,1078,1489.091259760261,197.66586617505268,1680.7569219644702,709.5402936604455,0,3767.878985583269,1820.6808731424344,2221.7617596296454,1890.1852852613288,0,2012.8642182075162,1916.8206235501111,1206.602370420245,528.7393863838587,0,0,0,4
586,343,682,333,2056,583,2120,210,1996,829,1365,2146,60,963,2281,1775,2689,801,2792,1508,3891,293,6080,3092,5433,1759,3660,935,1235,242,597,92,737,836,1559,3090,1280,280,459,681,409,714,365,701,234,317,402,1173,2968,121,3441,1718,259,119,1065,902,2483,3711,747,6140,3195,4135,3824,4787,639,3533,1628,1226,1803,1010,168,34,151,1135,2208,2924,624,838,297,412,271,467.1215522771963,1464.4308520105901,2023.279003685576,1621.0554718282538,0,2540.3467996515756,1673.797439791849,1547.9425556845215,1102.3273827123166,0,1498.5631904377956,1072.455056643502,243.8618257415476,407.6366507967315,0,0,0,4
610,2095,2726,1402,3112,1582,427,480,275,2436,2344,2022,407,1877,3592,349,2339,627,1212,440,25,706,16,581,117,451,536,653,1784,2227,354,616,458,1126,2562,971,1979,1002,691,111,662,2556,1992,1696,3284,843,237,1078,206,657,2968,6576,5519,7330,3195,4603,133,3074,1181,1681,920,868,1060,839,1203,1171,1757,1199,1279,1413,103,1025,163,52,856,259,868,896,3300,1286,3584,612.6238978677155,1467.32720919224,1096.140463260162,1429.3842142060792,0,1525.6799828273295,1582.432818088437,1998.3152301160405,1730.2877716514308,0,1129.0440367101057,1048.6096187135613,653.801101903733,101.81643634537876,0,0,0,4
2640,1047,798,1138,2218,3002,389,145,3034,1916,1266,2809,1482,501,396,736,626,366,688,1535,607,88,402,1721,2401,284,2532,778,330,1593,335,2816,3422,1337,4646,742,1475,450,8,18,4973,5850,6916,5496,4541,3185,2514,3852,134,1233,782,1541,262,1107,918,883,867,586,690,1082,93,1268,883,698,718,447,1342,614,2249,1362,2030,1023,880,933,2792,1192,4903,3698,6703,3579,3536,432.0153033430738,1119.433404917773,556.5691585370445,189.27731623760937,0,3347.422459893582,1014.0164096537985,3232.8827509445655,1180.560741629564,0,968.9436646912595,902.9907790091013,364.85998460174716,1212.0438275142765,0,0,0,4
1559,1281,917,1107,530,1089,1540,1290,171,302,127,571,64,1321,2050,882,73,112,139,1157,1894,663,3254,655,1981,669,176,1278,235,3651,5922,4225,9739,4474,5464,3475,2496,1930,2753,1362,3245,235,1612,937,83,502,1483,506,917,967,410,654,493,1298,1935,536,2218,2301,216,54,18,1719,2131,1116,3441,574,3587,1999,4606,5118,3732,1620,1749,639,1199,178,412,149,314,968,1279,815.5982214426181,945.1321305657808,2244.9913296605146,571.1719351437617,0,3929.562422522386,1129.632650099049,1891.4315157278124,1217.9080204961028,0,737.1407256012112,1388.147026274126,767.9076295130145,625.165927952529,0,0,0,4
1098,626,48,796,914,308,506,1216,1524,614,828,1387,1774,1872,327,2516,1274,1523,1303,1441,1247,2963,170,4646,1680,2659,443,2026,2930,388,960,456,1436,1004,220,867,715,529,1006,894,451,381,713,136,1041,813,412,1540,1708,1163,2236,524,1510,371,822,1217,258,4206,483,3825,1160,247,2316,881,2032,171,984,409,1936,1534,127,850,1669,1280,187,85,570,277,395,319,69,296.29861264614004,582.1538352954182,1230.1685709713938,185.23385880426292,0,1826.6066414255697,1082.7970999321658,1085.759653703436,620.0708096510303,0,901.8226901033545,666.2457220663591,334.2750079090582,816.9925098344727,0,0,0,4
824,775,483,1210,631,781,1963,681,1920,1674,1984,2812,382,481,1973,604,409,4827,766,6381,1663,2812,2756,1196,2121,313,1245,2116,927,487,1338,1037,923,29,1013,616,274,282,903,2016,1608,465,2829,3058,307,1537,555,116,152,611,615,2888,2634,5011,3916,3221,2611,2026,1762,1389,1049,624,550,514,1220,897,667,351,443,661,587,229,134,364,639,474,1065,1513,1029,1843,2102,829.2269155354157,694.8471004917792,998.5731739583388,341.53513113145044,0,2213.35251598113,680.1769707052317,2155.302106685277,1270.9246668990002,0,698.7915575147231,437.78901635231637,159.85765931410253,1183.9159063795964,0,0,0,4
676,1710,53,784,1100,840,5215,126,10486,888,5509,488,1403,56,2459,800,2231,1880,117,1272,947,761,1178,40,936,1196,542,334,745,731,41,83,779,2676,1553,688,1134,675,738,597,1976,3176,625,380,1069,4028,652,3796,41,620,1054,1377,838,1749,529,1389,2491,1468,119,544,516,669,1492,626,435,458,1,567,363,278,1644,1536,532,2309,1131,557,736,844,1956,450,2448,706.0995910976972,1118.0334091573682,1552.4964225412614,1447.9111625827159,0,1928.7950642823616,1702.6931967320481,1198.9796305720522,1296.0130694041375,0,788.7566074486914,836.2541510362706,352.03429027721467,338.6993662517889,0,0,0,4
657,2201,1570,4106,1103,2690,1066,2391,26,2547,759,1671,1891,395,1471,1372,602,456,1498,1145,581,892,263,1943,861,130,276,2257,2418,1414,464,2956,2776,436,86,163,4527,447,4059,422,2215,465,407,107,205,675,1006,693,877,1226,2422,755,1030,113,22,1622,2143,331,2781,920,791,351,742,411,224,1032,2231,1085,1296,2268,376,5802,1356,7431,1577,4302,2651,2492,1917,4600,1471,79.36366249042919,1421.748376805729,1535.8871524172366,1638.3628368220425,0,1645.4733012115391,2932.8688843598025,1261.9363752810095,846.9030395583936,0,699.736701775973,812.0715710460388,667.8000769606326,1088.6951163693518,0,0,0,4
2001,446,1005,155,525,410,1825,1178,1611,1316,285,18,373,279,1839,804,1266,382,627,1720,1586,286,599,588,417,1451,1464,2080,569,2345,765,1906,749,1400,401,910,994,716,83,80,474,960,390,1651,47,623,925,1062,399,716,351,536,146,785,556,37,1431,991,586,1376,1853,35,1845,497,3681,3042,5854,2499,4738,3757,263,1781,270,1629,30,2599,1697,2463,2622,1324,2120,1112.2670332452424,466.41976642058836,381.870086294509,282.94760013438275,0,1549.7954356946598,1078.856857029907,1324.5230799119481,1813.2264336963262,0,740.2507359311646,579.1775341900437,844.7909010173885,573.4211006018634,0,0,0,4
88,162,1917,641,2771,2411,275,997,404,478,1591,1105,3039,803,1322,2288,1848,147,258,3416,2940,4928,2236,2259,460,868,27,275,887,194,396,1566,474,1317,713,722,1121,201,482,1936,1292,971,2033,385,725,1285,1042,818,745,1883,1296,1402,1960,1371,202,968,1151,3032,4088,5899,3969,3539,2929,709,1778,834,1127,1706,2965,438,1336,792,427,754,19,2038,2242,624,610,315,1490,351.85716878893794,1166.3756556304832,917.1247656407988,1898.1291452919108,0,1249.5975612172106,1772.472566451594,711.9551625301375,1310.0399262071521,0,550.336015309915,747.6599433791852,433.13326447739746,1485.48750186282,0,0,0,4
1639,691,2074,1703,156,1938,1523,782,247,1350,703,3993,1750,6346,1451,1950,751,1054,330,777,440,2008,1337,548,614,446,598,2046,104,1917,1323,259,1279,565,2139,2148,746,526,107,1149,925,793,2870,2013,106,1537,1764,1480,2008,2956,1012,6388,2659,6481,2114,5326,398,4731,3590,392,1135,664,609,332,1431,1,2434,2034,1011,1788,351,725,1382,515,3337,2691,1257,1325,43,261,1004,296.73915352437626,1385.6024409477857,1355.9596110091259,1584.6834949660722,0,902.3465769869135,2634.807531529239,1092.40150600113,1513.210969611852,0,1057.7419928048,1374.4193686914216,334.92260283349253,614.5271016425546,0,0,0,4
1107,865,1258,3122,4751,2918,1318,2620,515,522,424,1905,698,1532,2007,517,813,83,1631,71,2015,162,2028,339,1208,412,1770,1249,3581,597,2743,684,1623,762,170,658,469,2545,1676,3479,178,2816,4749,1147,5055,1192,2412,1617,1748,1434,116,1093,1784,554,666,707,727,1383,361,1438,77,1006,326,277,2463,1794,2191,2686,103,1256,98,1503,929,61,1802,2467,4644,3466,2370,1555,447,749.285378275708,773.6591124442899,2499.471129877613,1941.20628518562,0,1727.4665524981954,1152.7100289091188,1364.0009326068055,1059.258750498325,0,239.5154592524741,511.1669024013893,574.5346111253406,987.6519862619375,0,0,0,4
2093,737,1790,1374,78,402,1207,1724,1414,1075,1221,635,1210,772,932,739,671,485,1951,229,2904,641,1189,161,301,1179,1426,1950,2275,814,1396,5380,3291,7390,2010,3827,1332,3370,209,4032,2024,2479,2543,152,443,554,262,1705,780,205,499,157,1389,792,1453,817,108,1596,1887,511,2300,130,2417,902,369,857,123,1188,1536,5959,3633,4724,2392,1582,1116,1031,1382,1164,1652,3242,1219,1195.7806012022957,1343.147709988365,696.2596285966114,955.671257012668,0,2526.3938078811075,586.2205086834731,2744.1790344027777,516.2542694169637,0,1299.0000653573877,405.5154666128976,344.68313978607944,598.6754796940659,0,0,0,4
496,789,1625,409,1610,474,383,841,687,1170,780,1668,1877,193,171,55,1875,2526,835,2070,373,2355,1739,3794,97,7742,3019,7893,1051,5110,1322,2621,1335,765,122,1353,914,2130,3945,1431,304,494,872,639,1100,1018,1669,163,1210,831,645,3198,693,4088,2538,818,1100,27,2693,142,4615,2638,5228,1607,3779,922,875,127,321,612,21,161,1540,1993,33,1129,1234,1204,2371,1011,1191,1362.3563294524279,324.2742167224127,1407.4522453487054,1230.0733280744237,0,3155.716341023065,2520.9569654608313,1055.327731250651,2287.865585618481,0,140.85706071780646,622.8207640427119,275.7077886767909,348.12241225895553,0,0,0,4
1056,512,38,770,1673,1864,2026,3688,260,1164,644,746,2011,3791,5212,7442,7353,5774,4958,4060,2017,3514,933,2955,927,1349,1082,980,1567,9,315,2255,2405,28,571,101,1178,2151,224,1917,1004,1450,602,48,2368,2090,1784,3388,721,2651,3060,3208,5980,49,4885,703,2045,1483,717,406,2207,1643,459,1576,506,705,462,139,1067,2433,952,863,993,1033,563,204,1613,2451,1910,2979,82,1088.47393104309,1383.1507346955868,2114.092894205241,739.9122340424831,0,4044.3817636321132,1189.3065268940377,2441.4538878372855,874.2518120265531,0,1412.5800512589105,745.762163406243,434.7617766106877,486.6663160786163,0,0,0,4
1192,391,733,1866,5253,3744,9502,3530,5751,2254,3321,923,1257,899,1624,1245,1661,182,710,176,714,14,850,657,1506,1738,294,601,560,292,1983,1590,1710,1623,1669,2221,204,211,1140,712,6122,6167,6958,6179,3065,3004,1273,2216,767,906,1467,2949,2123,367,1092,438,19,32,594,1325,755,558,1020,696,972,799,1671,3652,535,2430,517,1295,24,389,2120,6014,2679,11695,1575,8694,506,1973.3468745700125,1386.2334442570152,3612.2613761780326,1557.436044698099,0,4261.40637114087,1452.134245473716,832.2501671617655,2381.170248862424,0,467.88324728603715,2269.0642518079762,1185.2431492721407,2528.661585883696,0,0,0,4
5219,1676,3295,1613,2013,1311,1281,2194,1039,53,491,627,45,961,180,1087,1059,326,81,970,1690,1992,739,1279,1266,146,1425,410,2512,870,5723,1292,6035,1029,1534,2030,1298,270,959,472,684,55,401,1865,2047,385,931,202,110,843,1208,27,1223,1211,62,1299,1322,708,1363,640,2925,1257,1648,1448,1548,1289,4687,296,10047,534,9310,2306,5113,3515,2013,2218,726,1208,4,1015,451,1197.4943420930142,366.7952047656511,2191.1040418004995,767.4273627241705,0,3993.213026185806,1868.8457567000366,2190.2952998290943,493.6331950989984,0,1289.4443673930919,965.764892958194,1255.8916584361682,957.8377155428002,0,0,0,4
180,48,129,302,14,1270,1020,302,156,1825,1470,1593,1794,208,635,527,919,3984,1279,7434,2029,2663,392,581,845,2245,326,1541,1544,43,1325,882,705,1059,489,1950,1605,425,276,680,1025,95,585,1688,2475,121,2300,2374,1019,389,431,1029,2142,3410,75,8111,2137,5467,2169,3322,130,3127,1985,1282,2101,103,1429,30,917,1054,2210,1536,44,210,350,1318,1247,326,1402,1629,307,1297.4981505955632,842.9928022255544,1755.6059948592379,510.347393369399,0,2520.906861627379,395.5718026979198,2176.600384004951,702.9992231484483,0,1265.3207589747233,873.9688903660967,541.9537968713632,809.4306489724017,0,0,0,4
143,668,2104,1352,54,2217,2332,2517,868,4637,3910,3367,1725,1466,165,1083,105,184,1484,1499,461,1953,515,644,53,966,2247,2435,756,90,468,1428,928,588,1483,1486,738,2232,1793,207,1168,994,857,1432,3964,2374,6514,1127,3786,431,1380,103,1897,1327,601,1819,731,916,703,515,383,1091,297,1174,1051,532,782,419,221,866,597,1392,972,769,835,1508,968,564,1662,3511,5832,894.3255881149925,863.5751117509744,1174.3891460139455,1046.2810947729806,0,2292.731786537623,571.6790121993203,1368.960470619157,450.23925985085816,0,816.3327030201406,629.5539070325642,583.7532477258532,914.9951132886923,0,0,0,4
4915,4433,1874,1245,755,812,1304,907,801,1381,392,168,1393,925,830,239,622,71,293,682,1396,639,626,119,1840,1510,887,190,1181,291,711,1402,572,265,2371,3434,7894,3617,4216,3152,2835,777,2440,689,2829,460,2338,1912,22,265,1962,258,1314,564,687,322,410,1747,756,1105,1743,1373,259,430,281,1174,65,1102,278,2372,1304,7329,2306,6008,815,3356,178,3360,742,1767,740,1340.8136866601326,1046.5856323378766,1708.5543744243446,1786.1484401065438,0,2679.617484362274,2214.050482760885,984.4379749574535,1593.2000451652393,0,457.07258107795053,628.1440757946002,916.3788691959126,864.1421856765645,0,0,0,4
1876,2232,684,653,762,795,866,40,409,1008,760,1666,723,1844,322,37,43,396,1461,1624,1344,2102,140,1382,5210,67,7792,902,3662,2515,3435,1071,4467,1836,1716,1859,237,842,115,1057,2515,1113,287,325,62,1051,531,1767,1256,83,700,45,1981,2255,50,2746,1539,149,331,1528,1623,495,4726,3418,4898,1451,3368,1889,695,312,1150,594,2342,708,2323,2036,353,62,605,1324,2095,1247.4790281022129,511.6478423068445,1198.6285509756087,156.51579343232163,0,2601.3031013320997,521.15066870733,2628.7337877131617,907.9970730933678,0,1013.2186556856682,887.1822519094829,392.83964403614385,256.834395326744,0,0,0,4
125,1713,18,119,1018,679,2371,1759,1925,3047,207,685,285,705,746,4425,1664,8062,258,8283,1338,5294,3693,1391,2319,588,2243,538,1335,680,3248,1586,50,355,566,1054,1584,586,774,341,17,65,1007,2638,154,4030,2094,163,879,2328,1551,3289,1138,743,3300,1207,2352,3106,510,579,153,559,929,1113,875,1622,468,1329,961,1612,2735,506,2530,1297,12,1642,463,2600,2442,1969,3821,1627.1907579938288,824.9566424963231,763.0669636503885,1649.9511932653081,0,2064.0474279919054,2443.5107611902163,1379.6680156474956,2284.1624394808086,0,960.9409390107866,567.5955842717751,721.6394367972002,1199.1887779132994,0,0,0,4
158,1669,513,81,982,5190,2779,8086,2297,5637,1898,3861,3985,642,1867,379,1556,84,1304,304,1524,872,298,635,78,1284,1687,291,858,226,540,1351,263,2466,630,3457,2420,1018,2837,3164,5676,4185,2700,2934,225,871,113,485,511,1462,157,2309,2355,527,479,78,729,394,862,1124,2608,1043,1224,440,50,2331,1514,2312,2867,357,2183,413,60,2048,2194,1987,1641,3011,741,3627,875,915.1132577877897,1771.9600376222743,683.6040580692328,1298.898378061182,0,2778.000425665914,266.3312534694851,2349.701265060611,1312.157429203559,0,1872.9528392493894,867.0831857898302,582.7418655255385,1094.1310293710847,0,0,0,4
2061,755,1172,271,1243,392,2473,2107,397,673,582,925,677,143,455,16,192,104,2337,3362,593,801,142,423,2006,1174,2831,3010,1977,593,364,3077,1172,2637,464,167,1888,1563,800,1091,362,1951,1999,887,98,493,1090,1023,1208,986,823,1957,483,2031,1234,129,1064,521,3350,3630,224,3244,731,1371,422,470,2084,1456,3990,1684,5569,280,3969,1430,2218,1877,456,1320,945,82,464,547.7686581060057,992.4990729110998,1233.413741193547,866.1042002708899,0,761.8577377043565,1511.2583464472864,1952.8240702120024,579.202258211077,0,1079.8143313855505,1090.6760418553008,459.7255390011429,291.4607116312234,0,0,0,4
1643,772,489,1041,836,726,162,443,979,1568,471,692,845,683,2747,2020,2811,3494,753,227,1024,4440,1971,3083,452,359,1650,695,1449,1495,795,771,1571,851,227,975,1294,914,1083,865,105,1356,829,1416,938,289,685,354,2851,3710,368,3458,1451,916,631,14,1658,148,6384,1679,7058,1077,4408,133,2150,60,1662,113,1069,711,821,2056,1236,926,240,514,1003,862,813,582,1424,986.4928358249468,1216.9920643411695,748.2154246403613,1070.7241090624218,0,1155.0509945452625,1695.4057573199998,1968.540952076013,673.3618024883581,0,1577.3740705604068,387.49071097805785,380.9557565773933,722.2287104992092,0,0,0,4
1758,99,1289,1715,93,224,53,2753,3580,220,3602,3237,3536,5249,4036,2025,4138,220,4495,2564,1801,1247,870,80,1273,513,831,596,812,1220,1763,1727,1028,95,880,1413,1609,508,861,730,28,657,2243,630,2602,2985,1584,5146,2374,7752,3935,4449,3576,1945,3109,4415,784,1061,128,63,1174,894,1080,1807,331,229,654,837,1367,1029,205,739,905,88,661,444,883,284,2900,3826,483,709.6024238608379,855.5559084311737,2214.6636087725365,673.2927503358276,0,3716.3954317322045,1121.5923434456388,2061.922329937868,1406.0784512415496,0,615.5774495261495,1271.8361008456504,601.2758120936589,1138.084229023721,0,0,0,4
1641,1694,3350,1776,7988,744,7635,1932,4487,3226,1190,1235,534,604,947,1347,764,88,332,266,1223,1938,994,70,512,69,2135,2394,367,868,1592,806,942,1119,679,490,215,2246,6957,930,9593,3143,6190,2654,3758,991,4770,718,4102,3472,239,1018,209,518,1601,504,172,207,136,602,675,2366,1679,723,101,1649,1322,1017,79,1884,1113,748,2374,2270,2437,100,4547,3140,4129,1117,1541,710.0342250386424,856.8753392485226,2239.6140853278393,416.04497605801237,0,3791.9552901504526,815.7531894493159,3768.62646239451,177.2291581490562,0,1918.0231177491307,710.4829241173059,1038.491981712011,910.9350965370749,0,0,0,4
18,1918,1031,47,751,1066,384,2700,1689,239,803,428,1006,1611,101,814,554,1096,340,1660,2564,1915,905,1419,563,323,654,86,436,996,5008,5146,6862,2934,3645,404,1852,1191,1372,1706,654,2413,1501,81,862,1892,397,1990,1054,417,241,30,1599,1313,53,1373,1689,536,556,281,1915,863,589,1410,1439,1082,1576,555,5292,3153,3351,2420,1469,1694,2247,1417,2616,244,2949,2677,543,1050.1353650224507,1078.115929424792,958.3299490656933,900.833295459856,0,2455.4418365133392,869.5555133447119,2040.6250688235841,687.7811832453076,0,1095.69797167553,442.1384150770265,828.1179841349699,699.8996361166439,0,0,0,4
1464,420,43,2004,1666,757,1067,84,295,493,521,356,114,1768,1475,1559,2074,736,1088,4447,152,7195,48,2695,1600,86,2232,2769,665,1011,269,1311,158,416,1362,2772,307,1062,214,122,1264,740,1316,1088,147,195,767,1631,1485,406,2523,1575,270,234,805,493,3903,2208,6144,1592,3354,427,598,710,1825,52,1826,1914,3,1681,259,1156,439,314,1843,2371,299,454,286,45,1116,786.2859699061811,981.3541152957644,601.6498048227376,1015.2724967916789,0,2391.1878664170245,465.1572766646016,1839.360830670194,400.77762177886257,0,693.9057638648624,516.1284550078395,947.582042057319,773.0400444235717,0,0,0,4
506,1914,2438,12,1309,1320,1492,1058,1211,3120,1898,3241,405,4413,3929,1378,3955,764,3506,1557,1468,371,2069,800,1191,1539,248,1423,1552,356,431,294,11,1899,2433,181,2176,532,790,214,417,2259,1526,1476,2452,509,686,648,1906,1526,3335,219,781,826,822,318,1120,659,260,935,593,397,381,514,930,317,220,1816,1183,893,233,741,1033,1432,1517,1776,1689,2944,323,3186,1715,738.6393396659157,0,2493.5537715495366,888.3843620728238,536.626885699836,1318.217278274996,0,1361.461167974772,308.6746193933937,340.21564990819377,595.941358376027,0,293.4638356857783,149.79532039585914,1036.6260844415958,0,1,4
364,1826,3722,4624,5248,2078,3209,427,2831,181,4668,2826,1741,2170,285,305,43,288,633,788,871,723,1557,2252,437,3284,1170,296,1426,106,1846,1021,2102,2668,1248,2824,29,1736,757,5575,1546,3398,1352,1602,421,1123,1337,2464,1365,220,154,605,608,884,2040,180,199,845,200,1907,1562,1696,1067,1317,547,1697,570,2450,176,3685,2202,233,1466,3250,2346,6346,211,5588,53,4751,1333,1873.4828668504979,1079.1352851876563,3563.2325901666372,1245.8694360345537,0,1520.5979498210565,1210.8581847299133,1493.401582654603,1200.2559400950206,0,456.37864405126186,1688.7919385495077,178.28976609521288,910.6660340404984,0,0,0,4
