-68
-277
107
481
-114
-348
96
278
122
-229
-460
386
426
-369
-620
413
776
-295
-408
1558
-540
-2035
1536
1594
-1872
-1854
1281
1532
-1396
-1154
1351
1144
-1386
-475
1256
212
-1042
-276
862
424
-825
-356
457
310
-226
-310
268
189
66
-110
-133
63
392
-245
-327
209
399
-218
-535
368
564
-494
-317
609
220
-519
186
865
-572
-228
196
10
-1080
-260
1267
-551
-795
928
487
-789
-33
465
-360
95
289
-114
-157
24
505
-336
-216
231
355
-462
-159
435
82
-530
-87
760
-60
-434
-21
455
-93
-579
404
232
-430
135
590
737
-1599
588
1382
-2338
-932
1790
-35
-1350
909
891
-1351
643
1132
-1360
-381
1424
-279
-1108
572
525
-796
-41
614
17
-465
105
512
-192
-494
115
543
-376
-412
361
428
-571
-198
944
-232
-665
421
1088
-1005
57
603
-334
-788
-186
719
-431
-425
921
-7
-259
49
162
-260
-176
488
-229
-112
42
277
-88
-214
97
171
-191
-196
183
331
-389
-111
536
28
-385
-80
446
-76
-290
-4
312
-178
-266
641
534
-1486
225
1956
-1557
-1249
1303
100
-1315
776
964
-1183
-412
1460
-233
-1360
723
869
-781
-452
787
8
-558
176
518
-185
-463
369
285
-420
-43
236
212
-476
-228
795
63
-663
55
855
-273
-267
1191
-1089
-222
1237
-951
-1541
797
1129
-1093
-283
1276
-353
-550
524
-6
-220
102
103
18
-147
11
13
81
-87
-64
127
115
-62
-181
130
136
-100
-228
345
251
-505
-40
379
-43
-519
369
411
928
-1727
-737
2979
-745
-2310
872
1302
-1134
-300
1204
-584
-373
728
-83
-1052
599
695
-434
-501
639
33
-331
47
296
-22
-280
298
93
-364
-35
473
-305
-316
440
175
-294
-79
544
-92
-712
543
500
-369
915
-240
-1618
1616
742
-2724
-694
2454
-622
-1750
1723
831
-1389
222
698
-679
-143
386
-76
46
-141
98
193
-27
-283
-23
479
-189
-319
108
283
-95
-149
-34
440
-210
-305
120
354
-408
-116
451
35
37
1118
-2599
1202
1520
-1562
-1095
1188
751
-1714
69
1257
-552
-355
727
-76
-463
165
437
-300
-252
147
247
-248
-25
142
-69
28
70
-80
-81
225
12
-247
-79
311
-111
-364
325
336
-404
-92
476
242
-32
-64
-483
430
297
-602
-760
415
796
-1024
-319
1128
-165
-940
483
723
-680
-296
563
136
-573
179
201
140
-443
20
463
-101
-419
61
420
-126
-221
18
431
-238
-283
505
38
-348
3
518
-370
-165
1043
258
-2058
1340
1799
-2713
-1273
2154
-42
-1973
1383
965
-1473
6
1604
-1095
-663
1191
-171
-640
251
547
-416
0
266
90
-257
64
384
30
-477
-43
652
-84
-685
317
593
-494
-478
765
294
-388
953
215
-1962
868
1556
-2115
-1640
2122
302
-2206
1287
1490
-1701
8
1187
-658
-570
717
-69
-249
85
22
148
-46
-31
-182
300
-60
-94
27
-37
212
-266
86
194
14
-233
-1
386
-318
-262
152
600
844
-2535
515
3019
-1851
-2070
1536
1249
-1959
-354
1768
-641
-1014
1166
293
-1145
233
1079
-740
-393
500
118
-426
-104
535
-36
-399
149
495
-242
-390
138
514
-168
-711
607
465
-692
-147
782
-122
-583
1000
889
-2349
535
2243
-2218
-1716
1935
679
-2043
628
1281
-1098
-263
1120
-833
-249
836
-138
-731
399
565
-376
-363
201
324
-278
-139
-9
430
-248
-237
160
497
-298
-124
444
-257
-346
270
302
-557
-54
853
841
-96
-2489
2370
500
-3464
424
2288
-1621
-1068
2093
119
-1818
1427
854
-1716
303
1020
-576
-606
548
237
-521
36
316
112
-314
49
277
191
-474
-40
280
50
-167
-101
107
283
-219
-282
551
39
-253
19
1292
-926
-1444
1952
167
-1423
-583
1311
-188
-1120
1027
237
-718
58
538
-385
-396
752
30
-623
151
559
-368
-417
400
242
-367
-100
361
147
-387
-141
517
-86
-312
182
339
-527
135
551
-546
-281
534
208
-98
1112
-1272
-672
1808
-1415
-1685
1688
607
-1712
634
1408
-1368
-107
1040
-491
-251
149
208
-24
-198
-8
-10
371
-310
-46
134
233
-193
-160
41
199
-106
-173
-46
293
23
-10
-187
333
42
-429
403
206
-275
-244
444
195
3
75
-316
-255
546
-336
-1065
596
277
-400
7
459
36
-360
213
155
-57
-326
-25
300
-79
-215
316
85
-332
16
342
-223
-342
178
399
-375
-341
374
487
-662
-128
749
-59
-737
256
605
-531
-394
760
24
-549
1781
-2681
418
3278
-1668
-2835
1517
1776
-2176
-799
2416
-194
-1951
1155
1276
-1740
-451
1746
-156
-1367
585
752
-440
-315
268
493
-457
-143
123
-10
-251
51
212
-23
-372
-1
738
-314
-477
288
250
-485
-104
659
-208
-263
1569
-503
-1373
1345
-198
-2294
440
1963
-1164
-709
1464
124
-1101
1014
-39
-803
355
177
-61
-214
333
71
-29
84
-68
-124
351
-117
-331
138
371
-360
-227
470
132
-382
-80
459
-128
-185
-116
338
-150
-397
586
-82
-257
797
-129
-963
1433
321
-2445
169
1883
-1078
-1078
1293
492
-1564
391
1237
-907
-531
665
550
-819
-12
618
-146
-457
121
529
-366
-264
147
274
-269
-171
418
192
-580
-78
787
33
-732
289
423
-581
-275
854
678
-55
-1009
249
609
-1688
-1061
1335
553
-1093
201
1235
-756
59
459
-656
63
411
-332
-109
220
210
-202
-25
93
98
-29
-141
-32
374
-373
-185
197
109
-87
-3
33
63
-54
16
37
50
-193
-108
526
-279
-429
353
538
-151
-267
-248
1061
-583
-764
464
269
-694
-81
883
-520
-287
499
-141
-442
331
322
-386
44
294
-169
67
240
-61
-342
165
237
-135
-399
-32
548
-19
-524
74
699
-250
-418
470
132
-485
-93
543
-99
-330
724
799
-1487
260
1043
-506
-1869
502
836
-1081
80
1007
16
-520
677
16
-903
455
415
-691
12
625
-41
-434
290
337
-412
-148
338
85
-378
11
175
134
-118
72
63
131
-127
-140
220
120
-400
-180
685
-155
-644
536
488
368
443
-2609
1583
1471
-2657
-698
1932
-218
-1506
1088
695
-964
463
411
-940
188
371
-188
-192
415
-216
-252
427
24
-252
-97
433
-195
-241
-103
379
12
-316
174
221
-48
-269
252
208
-424
-171
607
-68
-537
370
438
-225
557
137
-804
25
661
-1349
-581
1535
-494
-943
888
545
-583
44
560
-524
-250
306
310
-359
-156
383
240
-437
-89
307
28
-206
-16
-38
239
-96
-265
121
439
-196
-214
247
311
-498
-248
482
-109
-507
372
262
-224
284
1435
-2210
-351
3099
-1514
-2899
1729
1782
-2332
-219
2397
-918
-1367
1564
481
-1383
78
992
-254
-608
243
467
-209
-342
312
511
-513
-272
502
153
-528
-85
426
114
-539
168
357
55
-279
-212
589
-163
-541
102
617
-438
-65
1106
-543
-127
-573
1031
-879
-1127
1055
-116
-829
1016
436
-617
-33
808
-687
-473
905
-389
-401
147
627
-272
-209
148
201
-189
-202
96
187
-148
-191
192
242
-170
-31
62
248
-273
-215
383
-19
-401
81
509
-45
-567
414
501
-49
-527
237
121
-17
-357
-287
33
211
-316
-71
417
123
-8
37
-154
-72
62
146
194
-192
-246
297
156
-342
-168
357
52
-366
-38
475
-56
-365
-61
499
-100
-470
216
388
-474
-21
437
-202
-167
468
-100
211
-72
-143
-50
25
737
-1603
-302
1567
-824
-1210
1311
810
-1379
81
1135
-759
-221
527
-87
-235
46
386
-307
-86
221
37
-170
-86
87
155
-224
-204
222
309
-154
-150
0
353
34
-469
44
441
-214
-409
491
182
-457
282
479
94
-1054
272
1115
-781
-1313
789
637
-1147
158
681
-641
-439
1286
-267
-1044
822
670
-749
-427
979
-240
-481
127
409
-162
-293
150
298
-164
-330
152
428
-274
-429
472
300
-607
-62
447
154
-518
-56
602
-81
-687
137
721
339
-689
-193
698
-285
-636
-168
399
-115
-562
379
503
-310
116
-142
-148
442
-335
-206
332
215
-468
104
524
-359
-211
123
359
-208
-206
45
236
-27
-227
245
223
-204
-160
507
-111
-447
514
-121
-435
277
424
-343
1047
-742
-1181
2616
-770
-2674
731
1645
-1000
-998
1784
279
-1614
1025
441
-1276
116
771
-60
-595
319
-52
278
-121
-211
293
304
-335
-375
330
131
-349
-146
329
186
-289
-17
482
107
-595
-137
521
-285
-341
530
648
729
-1299
-662
1572
-678
-2392
630
1962
-1346
-683
1713
-280
-472
667
-270
-630
763
-112
-598
205
521
-378
-235
337
147
-277
81
96
-68
-176
-110
79
134
-211
28
94
335
-400
-27
274
-71
-316
-14
406
-46
-390
-9
546
149
-71
-4
119
365
-544
-554
451
-205
-421
21
268
175
-182
167
32
78
-149
-108
95
74
-261
43
368
-91
-455
188
426
-390
-306
391
306
-397
-195
593
1
-524
462
79
-344
34
419
-415
-29
1044
151
-940
-185
1035
-1139
-1696
1416
94
-1148
683
1252
-992
-15
997
-928
-295
791
-154
-510
395
315
-213
-162
300
126
-405
215
-78
283
-272
-100
172
270
-205
-142
146
326
-70
-476
238
263
-297
-164
397
176
-450
96
2034
-2120
-397
1425
-547
-1324
536
1083
-1385
-98
1683
-681
-898
1130
51
-756
127
504
-241
-368
314
-7
136
-324
109
209
-214
-54
156
42
-171
62
-25
70
28
-158
-19
404
-221
-260
203
358
-605
-126
777
-195
-38
347
-361
5
528
-456
-1152
485
960
-1193
-291
867
-121
-537
326
524
-513
-160
427
90
-275
22
314
52
-340
-143
546
49
-603
-16
764
-208
-642
464
497
-452
-397
568
207
-430
0
296
-331
-72
647
-257
758
582
-3318
2228
2306
-3515
-1643
3059
486
-2851
998
2037
-1720
-336
1595
-609
-733
723
270
-552
-13
174
45
82
-310
65
156
279
-222
3
-52
164
-55
-292
64
333
-216
-238
323
363
-453
-345
655
-74
-405
101
1078
45
-1539
999
844
-1878
-848
1443
92
-1068
920
596
-945
483
357
-791
-146
700
-52
-596
205
490
-211
-201
53
300
-185
-159
32
297
-312
-123
237
83
-346
79
392
-225
-144
45
288
-250
-289
600
127
-577
-10
823
-405
135
-124
-232
1152
-556
-881
-87
515
-112
-874
488
731
-845
-19
670
-166
-551
409
675
-772
-191
598
-70
-619
275
449
-167
-438
98
543
-274
-439
213
589
-566
-199
629
-42
-501
143
564
-415
-282
681
31
-569
934
419
-1243
383
789
-773
-1836
1422
609
-1712
518
1164
-648
-417
940
-207
-831
528
404
-574
38
273
92
-318
130
308
-340
-90
92
309
-215
-387
189
496
-189
-516
136
531
-162
-478
312
327
-544
-79
557
-211
-392
404
267
522
-772
-444
816
295
-959
-826
1002
158
-843
15
532
-73
-419
272
-36
-198
132
258
-50
-84
-89
-56
280
-78
-136
-60
309
-184
-180
189
159
-181
-136
219
179
-334
-57
475
-15
-597
5
703
-263
-598
739
700
-26
-583
141
57
-713
-875
501
421
-738
204
700
-327
289
-33
-296
-45
517
-443
-216
552
-150
-278
233
364
-388
-88
149
-40
27
-26
-262
252
129
-214
-20
284
119
-415
121
220
-285
-148
324
201
-338
-29
952
402
-2133
1099
1079
-1570
-614
1224
-25
-1571
825
946
-1165
-32
1051
-528
-530
483
353
-553
-95
513
-136
-254
63
421
-234
-272
234
285
-428
-213
549
218
-572
-165
841
3
-719
17
624
-287
-549
649
217
-332
1245
-729
-825
1443
-492
-2791
789
2143
-1162
-1040
1855
254
-1556
861
529
-1034
-17
532
116
-426
140
200
106
-111
5
-187
346
-95
-250
33
88
91
-132
18
291
-27
-304
185
285
-343
-311
248
443
-464
-157
560
21
-587
1209
-22
-1912
1599
977
-1953
-826
1823
-259
-1848
1340
759
-1209
298
1001
-902
-545
862
468
-873
-29
538
-45
-306
-92
325
73
-363
-94
398
24
-222
180
274
-377
-232
594
-174
-377
166
331
-428
158
1025
275
-2015
323
2054
-1374
-2201
1413
1069
-1752
315
1424
-949
-303
978
-596
-460
803
-88
-489
204
430
-295
-55
165
-36
-28
-17
171
-34
-116
-54
301
108
-396
47
460
-104
-443
253
413
-467
-274
398
253
-558
-324
846
1805
-2604
-793
2730
-622
-2128
861
1473
-1824
-203
1753
-1036
-829
1771
-129
-1519
775
1070
-645
-774
844
255
-639
-60
374
28
-370
97
307
-40
-302
53
258
-1
-409
-8
593
-324
-287
271
442
-544
-207
741
-71
-687
761
690
-1281
-83
1263
-159
-2059
738
1204
-1382
-270
1351
-322
-483
616
-186
-506
280
396
-416
-105
320
152
-313
21
16
218
-193
-189
172
237
-258
-193
223
267
-219
-160
258
177
-209
-197
256
138
-443
-65
472
-126
-329
516
95
-401
575
-266
238
-578
373
-302
-687
856
122
-971
103
721
-614
-400
1061
-375
-841
855
273
-791
-81
663
-153
-438
294
232
-407
-161
713
-146
-558
244
745
-651
-584
1039
78
-867
150
858
-400
-587
622
350
-784
504
603
185
-866
-105
727
-178
-1705
257
1086
-721
-681
954
625
-626
-206
125
299
-227
-114
-34
290
-57
-275
220
152
-326
6
218
-63
-185
-55
249
25
-267
70
498
-368
-319
318
371
-500
-245
630
-46
-605
201
672
-392
249
1152
-1519
172
1423
-1440
-1545
1542
646
-1529
459
1363
-1125
-426
931
-164
-631
195
535
-129
-325
202
429
-205
-257
242
237
-126
-309
222
155
-197
44
50
180
-226
2
348
15
-426
-26
521
-143
-121
1115
-339
-2112
1769
1584
-2447
-1433
2327
436
-2157
343
1749
-745
-1237
1095
199
-876
299
561
-482
-136
422
35
-214
-52
177
29
-137
108
-148
140
-40
-180
115
351
-224
-266
378
254
-366
-235
459
-238
-350
505
177
-396
-217
674
1861
-826
-2712
2445
-520
-3505
1782
1563
-1729
-67
2133
-713
-1676
1989
171
-1776
805
774
-656
-380
439
99
-246
-163
349
141
-244
214
49
-48
-269
-7
479
-376
-103
123
288
-16
-318
390
135
-333
480
1396
-2432
118
2067
-1058
-1959
735
1972
-2211
-400
1986
-534
-827
664
291
-801
314
373
-242
-94
359
-156
59
-130
-18
-97
265
70
-233
-21
306
98
-532
254
382
-256
-391
371
405
-604
-32
470
-118
-449
448
180
107
1
-793
930
233
-783
-1039
675
653
-907
-27
759
-113
-585
550
10
-401
276
266
-237
22
45
-248
399
-206
-127
49
318
-263
-203
539
-207
-360
324
303
-501
-190
765
116
-856
282
641
-244
19
2128
-3326
61
3192
-2217
-2355
1590
1855
-2451
-113
2334
-795
-1041
1251
-120
-1010
531
621
-733
-95
544
89
-434
-65
355
-98
-218
202
74
-146
-54
92
-84
129
201
-278
-68
500
-180
-310
226
-51
-359
483
18
-417
271
1014
-376
-1995
2456
316
-2336
-146
1429
-458
-1280
1161
459
-979
549
676
-1002
-366
898
205
-894
161
568
-335
-214
287
376
-533
-33
688
-260
-524
209
645
-221
-539
262
547
-408
-365
622
-41
-420
6
927
878
-636
-1807
1457
753
-2932
-339
2454
-660
-1448
1581
697
-1487
713
212
-888
574
308
-537
132
277
-116
-173
223
-164
34
191
-105
-252
225
-73
-177
31
248
-6
-184
-47
359
-166
-250
131
369
-322
-341
543
237
-490
13
1815
-2022
-480
2261
-894
-1971
652
1586
-1547
-629
1608
-484
-865
776
582
-979
-346
895
42
-724
161
619
-199
-673
459
484
-318
-478
329
417
-438
-328
643
237
-692
-39
675
-13
-514
252
332
-452
-73
594
-112
267
1596
-2396
-887
2913
-1736
-2678
2344
1422
-2361
-78
2666
-1256
-1020
1261
-64
-795
372
261
-39
-317
207
280
-235
-86
78
145
-124
-75
72
-8
-43
-7
-19
195
190
-509
99
427
-158
-465
11
545
-153
-392
382
166
-378
813
19
-1035
1124
239
-1287
-672
1431
-373
-1491
1337
697
-1071
185
665
-430
-556
473
565
-616
-254
282
449
-316
-479
479
368
-492
-211
605
53
-571
189
583
-307
-504
471
405
-612
-68
687
-286
-555
761
491
115
-442
-283
231
-276
-1679
445
1267
-616
-678
1207
56
-793
515
165
-631
175
385
-311
76
232
-139
-128
308
25
-476
76
472
-307
-268
137
427
-260
-183
165
231
-167
-283
341
78
-398
-148
508
206
-477
238
337
857
-1388
-1235
2769
-75
-2412
207
1408
-753
-821
1116
182
-897
848
176
-1221
368
789
-392
-571
677
-81
-337
202
11
-46
-111
352
-74
-245
45
368
37
-384
-8
490
-258
-402
673
133
-708
129
597
-86
532
-274
-1168
1090
251
-1507
-707
1585
-19
-1460
920
1014
-952
-301
720
-26
-680
272
186
-271
23
56
210
-89
-228
-13
462
-251
-288
65
320
-145
-347
440
172
-345
-124
425
21
-300
-1
255
-314
-234
856
-260
-27
1481
-1412
-633
1551
-736
-2468
1484
1515
-2276
365
1715
-875
-541
1067
-114
-707
406
197
-115
-349
76
214
79
-381
179
484
-160
-303
270
277
-338
-237
-2
474
-244
-477
360
557
-316
-306
445
171
5
-77
-485
393
433
-627
-859
599
971
-1077
-476
1173
126
-882
160
441
-394
-181
217
243
16
-304
-47
348
-135
-203
-46
384
-259
-111
213
245
-427
85
463
-259
-281
201
302
-410
-265
606
94
-616
247
653
-361
830
-954
-1234
2168
487
-2913
-239
2400
-1042
-1579
2058
574
-1751
550
975
-1161
-222
971
-149
-404
18
87
22
118
-176
48
54
74
-218
85
-66
95
45
-308
212
79
-55
-186
466
-33
-349
159
184
-274
-214
434
31
322
490
-1444
726
407
-264
-1097
-389
1219
-333
-751
605
618
-429
-212
302
-151
-183
197
18
-52
-113
77
361
-324
-69
116
186
-192
-266
287
195
-512
28
400
36
-325
-56
488
4
-590
-63
661
-90
-577
144
631
469
-198
-1387
1634
421
-1951
-606
1502
-369
-1260
1194
306
-586
313
352
-605
140
300
-307
-135
243
-83
-165
187
121
-272
35
333
-72
-260
-158
432
-110
-282
71
382
-260
-198
591
-16
-549
124
533
-418
-253
597
1195
-741
-895
1190
-1578
-1198
1359
677
-925
34
1021
-455
-312
659
-463
-248
531
-60
-328
-46
589
-228
-279
193
219
-172
-307
232
414
-456
-284
355
100
-284
6
147
186
-256
-63
369
-119
-258
69
406
-148
22
1186
-2157
199
2685
-1404
-2209
1255
1453
-1557
-805
1818
-148
-1429
1086
942
-1400
-56
951
-61
-823
286
348
-137
-355
289
244
-268
141
-55
33
17
-113
112
-4
68
-218
36
411
-35
-512
198
514
-362
-324
369
362
-44
-179
80
-100
-20
-255
-682
440
650
-820
-127
669
31
-410
156
268
-245
-62
28
314
-80
-190
47
351
-198
-214
158
253
-307
-134
176
61
-190
89
132
23
-139
-99
391
-150
-414
156
479
-476
-272
670
-271
-497
737
666
456
-2353
1007
1943
-2961
-943
2337
-201
-1827
1322
1029
-1683
366
1346
-1266
-430
1021
52
-906
441
562
-829
-49
718
-282
-452
316
564
-421
-457
568
185
-619
-121
585
6
-384
33
532
-226
-375
528
-70
-220
948
-201
-1524
1716
508
-2342
-174
1747
-521
-1667
1197
1011
-1317
-366
1451
-352
-871
690
480
-843
130
603
-400
-374
237
368
-382
-64
127
191
-118
-288
158
510
-467
-165
365
169
-467
-94
582
-149
-565
377
487
-390
196
926
-1320
-130
1809
-1097
-1926
1586
1036
-2164
217
2092
-1349
-904
1756
-90
-1128
448
821
-488
-439
372
252
-218
-208
42
353
14
-385
229
327
-310
-248
295
147
-445
-49
532
-107
-417
257
350
-442
-109
948
236
-389
-1268
990
1530
-2722
-1016
2013
-16
-1193
660
941
-1049
51
843
-798
-221
738
-250
-264
560
-83
-349
214
363
-256
-179
60
459
-179
-463
198
572
-300
-351
406
343
-550
-229
562
-182
-505
212
457
-211
-168
452
911
-299
-1318
416
1075
-1210
-1466
1704
151
-1732
975
983
-1165
279
1127
-1172
-374
1200
-21
-998
372
547
-462
-57
68
287
-308
1
344
12
-420
-65
621
-303
-464
162
583
-344
-464
473
464
-470
-322
648
173
-565
732
780
-2218
800
1568
-1996
-989
1782
50
-1898
977
1017
-926
88
490
-401
-430
505
360
-551
376
113
29
-357
9
443
-115
-313
-25
481
-114
-390
211
380
-347
-192
407
-127
-182
235
31
-367
150
474
-281
-407
1439
586
-3304
2277
1155
-3499
104
2733
-1443
-1818
2577
461
-2107
759
1356
-1221
-481
908
124
-722
144
325
-28
-277
-80
414
-117
-256
160
329
-224
-414
282
368
-166
-500
131
672
-107
-506
20
517
-437
-212
833
858
-1162
-599
1305
-346
-1831
349
1681
-1503
-286
1345
-383
-688
974
97
-902
385
527
-585
-191
392
7
-277
235
-87
149
34
-226
64
147
-217
-80
227
176
-272
-56
390
-248
-198
274
142
-431
-85
619
158
-617
867
-518
-540
786
141
-1598
302
1362
-1096
-534
1061
-59
-697
671
440
-898
-50
565
334
-692
-103
474
290
-697
-38
756
-179
-566
115
660
-399
-382
211
418
-286
-522
722
191
-462
-47
577
-343
-353
817
625
-84
-2182
1825
1246
-3006
-818
2281
-238
-1596
1152
1043
-1493
567
893
-1231
214
659
-493
-299
581
-15
-316
130
138
2
-207
-92
489
-255
-390
311
446
-549
-80
528
-30
-607
132
636
-283
-462
195
528
-174
-593
732
847
-1475
-18
1416
-1041
-898
777
-15
-753
412
616
-533
-262
828
-211
-616
623
270
-662
-153
925
-364
-536
402
434
-443
-194
499
84
-454
-86
511
3
-527
-23
538
-73
-455
601
155
-696
473
1118
-390
-1288
795
615
-1455
-1055
1626
34
-1725
954
1156
-1019
-136
931
-466
-616
783
-68
-555
190
497
-236
-313
394
158
-356
36
-48
307
-234
-181
202
327
-253
-101
144
234
-139
-391
336
193
-298
-140
402
302
-321
804
-604
-493
1110
-329
-1687
523
1253
-1397
-405
1396
1
-878
756
425
-912
-21
503
163
-481
48
144
256
-250
-106
220
64
-195
-13
159
-107
-140
84
174
-133
-208
-12
542
-168
-357
392
192
-652
193
774
131
-88
-523
61
185
-916
-657
629
157
-721
430
659
-351
222
-17
-304
222
-15
-242
267
126
-360
22
451
-145
-442
149
398
-199
-374
7
558
-330
-321
432
224
-395
-272
584
107
-456
-127
495
-115
-342
1077
721
-2423
477
3101
-3197
-1954
3183
-276
-2477
1760
1403
-1907
-388
2322
-596
-1644
871
1149
-988
-564
634
304
-529
-188
542
115
-344
102
166
-7
-294
156
41
41
-198
-144
485
148
-363
-248
591
77
-674
115
547
-324
623
101
-1053
822
286
-714
-1211
1095
339
-1573
566
1000
-477
-485
714
269
-841
225
255
-204
-103
41
296
-154
-132
-4
246
50
-278
-114
406
-12
-347
333
151
-259
-188
468
24
-267
106
179
-269
411
1598
-3354
70
4335
-2675
-3237
3557
877
-3418
701
2507
-1563
-1335
2067
315
-1581
299
1348
-383
-1010
352
368
74
-594
164
385
88
-341
-2
220
147
-96
-240
6
154
59
-392
59
529
-172
-283
255
272
-380
-74
1146
-384
-1807
1678
553
-2017
-342
1583
-162
-1351
1242
492
-1132
155
749
-518
-539
734
263
-692
107
508
-152
-397
261
131
-165
-131
62
155
-244
36
122
160
-166
-105
270
94
-337
-103
402
-47
-396
201
554
-399
-465
867
511
-918
77
475
-542
-492
187
6
-120
-133
175
229
-30
-36
73
-149
294
-61
-213
55
415
-407
-199
564
-164
-490
-21
771
-226
-372
25
413
-40
-465
313
340
-392
-232
649
-100
-478
446
89
-341
611
1016
-1541
-399
1898
-1201
-2316
1805
1122
-1694
-37
1540
-708
-995
1292
-288
-840
614
499
-717
-22
648
-291
-278
148
395
-330
-152
167
401
-464
-287
572
154
-547
-23
727
-165
-575
191
481
-285
-561
692
370
-304
314
-72
-323
486
583
-2081
-445
2056
-538
-1567
847
1342
-1138
-393
1395
-541
-678
725
301
-584
-197
382
280
-479
-30
265
172
-36
-43
-61
108
3
-58
-101
203
-197
-92
437
2
-297
164
365
-455
-159
997
645
-1788
15
1831
-1028
-1898
1321
1032
-1530
-140
1484
-491
-653
971
-150
-581
473
186
-593
151
623
-484
-205
276
353
-342
-325
349
483
-598
-291
636
64
-488
-177
754
-95
-478
145
390
-365
-294
637
1
-406
127
1073
-708
-446
1207
-525
-2102
985
1261
-1622
-152
1577
-653
-1099
1602
52
-1305
599
780
-733
-342
755
-104
-577
173
403
-157
-327
123
422
-270
-482
334
575
-621
-293
510
291
-684
-71
867
-437
-576
560
434
-549
508
536
-1424
552
869
-935
-1524
1103
891
-2003
666
1555
-1144
-317
839
11
-961
372
615
-538
-247
250
369
-238
-319
181
414
-356
-164
249
171
-284
-115
405
41
-361
81
330
82
-497
97
317
-502
-51
774
235
-1579
939
1764
-1965
-1477
1816
259
-1751
467
1435
-1231
-782
1823
-562
-1115
1019
564
-1122
-162
961
-420
-567
420
425
-538
-89
660
14
-695
-41
928
-311
-807
351
724
-610
-453
933
-165
-582
346
633
474
-326
-1355
960
978
-1944
-1281
1956
452
-1745
453
1530
-806
-594
668
-100
-249
65
138
-5
41
-133
-41
346
-128
-240
106
198
-89
-165
15
295
-156
-121
246
109
-244
-68
287
51
-570
-30
748
-166
-462
657
1249
-2393
-128
2766
-1494
-2692
1950
1452
-2259
-241
2085
-747
-1194
1496
87
-1051
565
479
-490
-253
409
47
-309
-97
275
182
-261
-105
255
-6
-127
-35
-68
305
-114
-29
-191
452
-82
-166
154
10
-162
99
597
-821
52
913
-338
-297
-892
576
-245
-367
210
27
78
-13
243
-72
-471
469
189
-471
-162
503
88
-511
79
409
-271
-221
261
181
-326
-68
556
-168
-380
211
458
-423
-273
477
234
-781
-156
1014
-173
-741
667
1126
-666
-1612
1729
404
-1872
-197
1249
-724
-698
1089
39
-971
900
361
-1085
536
645
-872
-271
911
-262
-655
389
454
-414
-307
722
86
-643
-203
825
-86
-615
304
447
-549
17
569
-398
-250
549
112
782
-246
-1084
527
280
-1768
-612
1854
-536
-1187
1540
371
-865
487
268
-727
279
106
-104
42
84
38
-163
286
-51
-226
112
45
101
-255
-153
363
137
-374
142
429
-154
-282
-23
343
-122
-499
199
650
465
-1051
-961
2871
-363
-2325
283
1279
-709
-650
872
-69
-619
584
468
-644
-339
517
138
-557
160
353
-231
-236
483
-3
-322
44
331
-217
-237
257
166
-299
-257
501
30
-445
410
224
-507
261
408
-490
713
696
-2117
718
1356
-2392
-650
1998
-407
-1577
1353
915
-1260
198
414
-342
97
47
101
-69
-123
85
235
-29
-345
75
478
-240
-339
138
372
-105
-466
444
391
-543
-295
629
71
-350
-227
367
115
-33
1974
-2989
-247
3781
-1796
-3705
1975
2501
-3021
-368
2760
-978
-1769
1913
625
-1677
206
939
-135
-774
309
215
61
-365
57
284
115
-229
-140
363
-116
-207
104
256
-158
-316
39
585
-273
-531
429
502
-516
921
743
-1785
-300
1358
-1049
-1733
1735
168
-1230
1245
704
-918
39
344
-210
-215
86
215
-65
-35
93
86
-15
-168
141
-118
108
-55
-201
76
399
-126
-404
560
200
-562
-145
539
-177
-499
322
348
-385
-134
404
189
557
18
-1598
1083
845
-1633
-998
1649
373
-1841
1056
1048
-1158
-1
482
-300
-213
205
111
-87
-75
23
296
30
-401
210
337
-419
-137
349
2
-263
-43
477
57
-575
28
767
-248
-641
363
544
-746
169
2151
-1474
-1221
1506
160
-1687
-911
1924
-643
-1285
1861
51
-907
508
562
-825
-75
784
-394
-431
423
279
-243
-79
2
418
-139
-345
-5
468
-283
-379
224
412
-307
-215
565
19
-333
37
306
-230
-258
243
179
-567
25
1722
-905
-1264
1635
225
-2025
98
1628
-1047
-903
1544
-76
-1003
813
295
-997
41
1072
-349
-610
359
486
-424
-204
382
259
-502
-61
372
-98
-343
49
252
51
-267
-31
441
117
-265
-149
501
-125
-437
453
115
-440
-111
658
741
-327
-417
-360
159
-557
-457
332
-141
-144
660
-74
15
165
-284
-118
274
-42
-239
-3
303
-56
-257
82
364
-297
-51
-17
231
-321
-258
477
-9
-346
171
494
-90
-330
15
376
-295
-570
593
281
-589
161
1872
-1624
-587
1791
-740
-2022
1298
982
-1844
234
1545
-754
-881
1562
-119
-1338
513
987
-756
-756
629
436
-535
-394
937
160
-811
43
851
-197
-697
251
536
-590
-391
773
167
-644
527
124
-492
197
1412
319
-2594
1413
474
-3051
857
1618
-1274
-486
1838
-160
-1398
1224
11
-887
527
311
-380
-215
357
61
-201
27
-100
230
-149
-230
156
181
-168
5
-28
277
97
-409
140
300
-152
-286
0
346
-231
-397
692
396
-24
-938
650
375
-652
-622
153
446
-604
-63
451
-207
129
431
-340
-338
547
93
-421
22
199
-135
-108
58
118
-281
21
430
-121
-113
-13
224
56
-352
-132
506
-227
-321
389
244
-463
-1
935
1046
-1856
-820
2156
-771
-2451
1076
1965
-1734
-547
1778
-613
-767
962
-155
-571
332
260
-352
56
268
-119
-135
273
-113
35
-4
-162
92
39
-86
-92
282
218
-201
-218
467
-54
-337
-118
387
-80
-222
255
368
127
-967
918
512
-1055
-462
445
-132
-250
222
-153
-6
349
263
-549
-134
543
-72
-554
428
329
-603
5
558
52
-524
127
569
-335
-435
519
168
-431
-136
548
-138
-456
578
323
-457
328
1342
-2309
251
2228
-2055
-1945
2081
1326
-2227
-71
1962
-897
-896
1029
-197
-636
455
612
-806
42
623
-148
-558
155
695
-319
-479
350
492
-389
-535
438
468
-362
-323
699
30
-599
176
316
-359
-386
621
61
-229
1149
385
-2164
1342
733
-3428
-10
2540
-993
-1300
2027
666
-1803
686
916
-849
2
197
-75
-136
-55
-213
234
80
-213
106
363
-69
-94
167
-104
-82
-46
-100
351
-133
-274
95
566
22
-479
348
439
-77
-762
203
728
-580
-355
13
209
-110
-327
323
156
-215
-38
-33
-67
190
25
-100
163
264
-443
76
344
-282
-280
127
434
-126
-236
237
286
-253
-330
630
-508
-234
760
-295
-427
384
63
-157
501
2037
-3348
180
2918
-2501
-2219
2957
407
-2650
1323
1721
-1786
-295
1950
-1075
-1022
915
483
-753
41
417
-65
-134
-103
235
116
-246
-30
241
90
-498
80
472
-224
-394
227
368
-176
-188
-147
455
-42
-538
643
714
-583
-264
310
356
-1080
-225
414
47
-464
122
558
-215
-48
407
-423
-358
692
-251
-347
238
471
-428
-302
615
-119
-395
6
519
-111
-287
-38
344
94
-407
296
210
-423
-26
513
-248
-291
623
-221
295
238
-2171
2267
1247
-2331
-1239
1734
647
-1876
254
1383
-430
-811
1052
127
-942
230
645
-340
-426
321
220
-129
-339
255
448
-268
-217
133
539
-428
-448
764
-4
-706
170
719
-325
-452
436
453
-426
580
1213
-2794
508
2724
-2370
-2416
2497
1040
-2604
768
1941
-1459
-804
1681
-272
-1285
728
734
-823
-99
477
241
-425
-181
454
160
-518
33
589
-183
-433
167
476
-194
-307
346
99
-399
46
367
-308
-175
1468
863
-3760
1579
2496
-3293
-1384
3283
-800
-2612
2101
1222
-1933
299
1287
-947
-402
720
11
-400
29
106
-105
144
-132
275
-162
315
28
-216
-32
367
-76
-307
-79
369
-134
-314
423
260
-311
-145
1214
448
-2820
1149
1776
-1783
-1992
1947
1187
-2473
263
1966
-989
-716
1192
94
-1057
382
680
-613
-54
320
23
-103
-51
-96
160
48
-191
-172
318
39
-266
117
264
-49
-166
154
192
-223
-182
327
13
-487
246
392
-151
1179
-1576
-564
2684
-1048
-2729
1406
1597
-2214
-91
2113
-1038
-765
1490
-441
-735
216
524
-331
-162
74
-101
333
-197
-301
261
414
-188
-420
179
394
-152
-297
367
120
-453
-255
674
166
-696
354
229
219
1235
-1733
-573
1725
-550
-2698
864
2203
-1942
-719
2105
-14
-1205
601
188
-432
80
147
-310
129
220
-51
-197
332
-53
-171
117
84
-125
-131
208
159
-317
14
513
-204
-408
214
607
-540
-492
605
316
-709
-157
1809
-510
-1332
672
619
-1044
-766
1145
-327
-1020
862
599
-538
-65
558
-118
-401
133
394
-371
-223
229
267
-395
-53
467
-29
-315
-80
621
-188
-329
-11
339
33
-428
205
298
-242
-159
464
-119
-42
1011
-671
-752
655
597
-1615
-329
1791
-683
-1448
1401
505
-1161
184
879
-476
-478
489
164
-444
136
309
-62
-210
54
269
-111
-353
174
426
-375
-223
384
341
-615
9
617
-347
-411
395
421
-662
-243
812
160
-284
856
-1200
36
1379
-1197
-1841
1696
685
-2074
593
1541
-1033
-489
1151
-174
