-361
-94
401
147
-286
-240
326
313
173
-964
-480
2054
736
-3098
-527
2560
350
-2207
-208
1552
-116
-914
655
760
-1235
-523
1235
262
-880
-146
370
87
13
-111
-195
499
-191
-280
-111
423
160
-382
-557
444
711
-222
-749
27
884
21
-428
-33
330
54
-250
-234
-235
952
595
-1256
-613
741
748
-940
-582
746
220
-493
437
126
-746
128
642
65
-593
6
349
157
-185
-97
128
37
6
150
112
-359
-151
600
92
-460
-186
607
48
-516
-17
471
-101
-430
462
671
-884
160
736
-477
-619
443
55
-256
-74
200
201
12
-348
-97
431
51
-382
-20
320
-190
-86
115
4
-148
69
69
-39
-117
291
30
-348
91
411
-110
-423
228
290
-357
-168
474
-315
-841
1478
488
-1749
-83
1506
-581
-1202
818
491
-624
40
456
-639
-19
708
-407
-422
138
274
-77
-178
-44
196
77
-153
-172
427
-120
-317
240
356
-322
-64
401
-55
-251
70
357
-230
48
659
-789
-571
1988
-650
-2021
1540
759
-1627
175
978
-291
-531
747
-189
-920
539
426
-234
-356
-17
345
353
-610
-111
445
148
-411
-111
286
-13
-220
161
187
-168
-114
-9
234
168
-353
-263
584
340
-865
251
1686
-1238
-1111
1004
555
-1107
31
794
-456
-115
702
-454
-558
669
408
-605
-203
261
163
-131
-83
-125
20
129
-101
179
-18
-250
66
278
-105
-314
-22
436
-159
-310
128
278
-155
310
-567
711
294
-1544
258
1172
-790
-746
907
70
-846
840
243
-1026
107
872
-218
-601
133
283
11
-147
133
26
-180
-43
288
147
-526
-140
679
84
-642
-151
642
41
-547
80
460
-53
-280
-87
203
871
-743
-948
781
640
-811
-544
647
-45
-138
126
-349
-130
656
46
-568
216
410
-451
-169
482
21
-502
-97
601
52
-472
-264
641
55
-580
-45
423
-148
-400
479
270
-414
-112
1182
-1028
-407
1434
-963
-1154
1272
338
-1116
190
855
-408
-72
431
-434
-246
552
59
-411
13
104
177
-196
-112
107
176
-142
-67
158
118
-255
8
207
124
-322
-115
202
347
-113
-406
519
-168
-629
1175
210
-1483
-217
1323
-477
-836
675
314
-324
325
103
-621
207
377
-79
-173
-130
-22
372
105
-157
-153
336
149
-323
-185
342
92
-235
-244
407
176
-440
-370
629
187
-536
-182
744
-351
253
41
-882
-51
528
-95
-162
176
-206
48
535
-407
-506
653
343
-498
-12
295
-52
-229
300
247
-364
-288
519
288
-437
-375
577
259
-563
-195
755
-118
-597
171
680
-436
-580
669
517
-753
-439
1525
-177
-1528
397
1033
-785
-667
773
262
-251
-11
81
53
272
61
-317
188
38
-118
-33
248
-61
-84
103
-93
259
129
-301
-158
455
-68
-447
84
265
-61
-239
333
124
-758
1129
527
-1867
-97
1720
-790
-1121
1302
315
-1192
484
1042
-1001
-498
922
202
-611
-244
353
294
-197
-484
417
381
-460
-388
641
81
-718
72
695
-245
-585
409
349
-377
40
373
-1019
368
1729
-1143
-1305
1250
792
-1291
-347
798
35
-228
177
-319
-32
498
-191
-231
259
-18
-362
358
86
-305
-170
416
-51
-240
6
182
51
-264
10
434
-228
-369
332
551
-386
-365
-402
1296
1011
-2165
-540
2064
-384
-1707
926
862
-1101
-33
992
-758
-369
829
-84
-506
281
-17
-183
76
142
-27
-251
-56
486
56
-492
-312
675
242
-557
-233
493
102
-429
273
376
-324
-1011
1505
641
-2141
-154
1689
-653
-1253
1119
399
-986
84
670
-314
-436
307
402
-122
-358
-111
428
133
-380
-32
166
-110
-65
270
-40
-239
-3
383
-126
-389
-11
526
-58
-469
106
477
-10
-346
-111
1117
-590
-1410
1073
809
-1248
-192
992
-395
-587
1004
-180
-758
513
521
-470
-156
446
-86
-144
-51
341
-88
-124
11
243
67
-502
205
486
-153
-459
310
393
-392
-80
507
81
-522
-599
853
1196
-1586
-844
1572
170
-1460
206
753
-480
40
496
-861
-192
1008
-70
-711
283
388
-472
-46
322
-37
-220
-96
344
127
-275
-293
422
210
-492
-122
403
-170
-256
390
172
-515
213
-59
28
706
-740
-857
766
318
-948
-20
654
-592
-245
607
-524
-350
483
266
-320
-258
259
59
70
-64
-27
117
61
-23
-10
110
-72
129
41
-192
225
79
-158
-108
474
185
-529
-14
-451
711
846
-1363
-696
1201
366
-1372
33
983
-375
-350
505
-162
-206
313
58
45
-111
-198
101
410
-78
-268
41
437
-50
-298
-71
193
95
-140
-184
182
-19
-274
-29
473
-79
-419
-450
691
1089
-1407
-935
1496
90
-1431
636
730
-714
-100
1025
-413
-1087
786
569
-523
-445
427
194
-134
-179
191
72
-193
-1
362
-105
-422
130
503
-296
-507
473
157
-427
1
595
-130
-322
-308
963
162
-1439
-171
1165
-136
-1173
622
646
-870
260
412
-431
-267
461
162
-322
-99
-102
241
-40
-70
-37
-28
-127
151
375
-317
-487
548
412
-450
-499
474
278
-386
-183
473
14
-458
-264
1277
-178
-1810
551
1440
-1139
-519
946
-367
-508
898
-62
-1065
373
748
-336
-406
176
185
-113
-10
-30
123
-8
-344
278
281
-442
-311
640
98
-537
-9
469
-240
-304
403
241
-651
426
-146
389
266
-1076
-18
694
-410
-557
356
298
-503
26
320
-610
43
521
-94
-414
200
238
-283
-31
362
-100
-281
87
447
-174
-343
248
377
-320
-376
578
103
-452
-39
578
47
-424
115
31
926
-1092
-1092
1243
467
-1182
40
921
-356
-270
459
-342
-313
545
0
-365
214
218
-201
-168
320
138
-305
-286
504
160
-466
-378
682
290
-453
-119
419
-64
-433
347
216
-408
-191
889
-519
-218
726
-446
-865
428
597
-590
-182
119
131
425
-382
-782
605
636
-556
-426
520
62
-369
200
187
-293
-192
436
86
-310
-263
362
215
-395
-222
616
136
-681
-106
780
-41
-796
319
447
-629
454
77
-613
174
315
-342
-110
462
-217
-299
480
-286
-385
297
185
-209
-99
141
-61
68
187
-202
-86
189
289
-230
-395
266
344
-202
-374
308
102
-292
-180
272
0
-476
331
376
-126
-162
650
-432
-920
766
282
-1122
164
847
-454
-74
708
-301
-345
487
217
-353
114
-4
-60
134
-52
-156
0
145
-63
127
8
-206
96
283
-314
-218
386
173
-358
-46
352
-652
594
1060
-1902
-392
1466
-663
-918
823
207
-772
333
385
-665
137
484
-210
-98
134
-50
-24
252
-134
-23
87
144
-64
-88
-114
78
142
-127
-100
277
-23
-402
368
295
-372
-134
-49
638
251
-847
-295
518
201
-664
26
491
-311
6
408
-232
-327
488
293
-456
-161
362
178
-377
-5
320
-142
-280
129
281
-193
-253
181
300
-331
-91
216
79
-245
-141
397
4
-317
-188
244
975
-785
-1021
950
625
-1292
-4
971
-424
-703
855
311
-1093
3
979
-94
-659
-15
496
5
-169
64
71
-38
-39
387
-24
-282
-106
537
85
-563
-21
532
-117
-545
402
316
-404
-138
526
358
-1092
-30
1758
-617
-1675
1023
876
-1455
49
745
-586
-97
826
-617
-485
879
-74
-760
133
551
-307
-339
183
354
-152
-279
56
506
-199
-349
21
475
-269
-266
141
14
-160
-20
430
8
-1033
515
1784
-1645
-1461
1862
460
-1850
124
1421
-580
-898
865
-138
-799
407
559
-266
-506
52
506
54
-428
-182
495
85
-445
12
388
-274
-252
333
409
-478
-235
384
244
-297
-179
119
426
-133
-893
859
918
-1262
-804
1185
410
-1368
135
907
-293
-202
209
-235
167
335
-266
-159
79
15
-110
76
32
5
44
215
-142
160
155
-265
-252
532
226
-402
-336
469
409
-456
-353
509
196
-271
230
371
-849
756
347
-1013
-131
706
12
-653
105
487
-295
-168
-124
126
245
-250
-247
291
197
-409
-204
329
16
-322
55
200
-81
-237
126
290
-226
-308
493
55
-450
-109
647
-83
-674
287
613
-77
-836
75
1413
-161
-1783
601
1304
-1160
-629
1006
-26
-644
418
91
-474
103
119
-153
-136
125
-107
-31
73
-19
68
-89
-284
311
211
-337
-346
541
54
-518
-119
379
39
-489
217
374
-58
-397
52
1028
-782
-1013
923
327
-987
117
488
-562
251
462
-861
-269
886
-101
-572
0
434
-143
-139
-135
255
-41
-215
-145
358
-18
-389
127
408
-168
-329
158
341
-281
-56
123
131
-260
-293
574
658
-1204
86
1225
-782
-1299
424
860
-797
-536
807
127
-233
-90
-10
275
-19
-459
240
263
-345
-282
508
65
-431
-197
689
-119
-459
19
553
-12
-329
-87
598
139
-732
-67
753
-17
-570
76
683
6
-680
-372
1689
-305
-2013
897
1265
-1239
-561
1177
-163
-809
956
-167
-1035
539
826
-477
-601
252
206
-113
-184
170
71
-148
-123
307
100
-504
-40
776
-167
-569
124
495
-279
-266
573
-2
-510
249
852
-681
-679
1241
283
-1571
-342
1398
-115
-815
411
336
-147
-22
-75
-89
215
-9
-297
-39
243
-17
-195
115
-10
145
-53
-173
35
335
-176
-361
125
260
-149
-324
315
360
-105
42
-396
-180
1409
-158
-2130
789
1516
-1221
-661
1262
296
-971
349
447
-668
41
611
-29
-296
36
52
193
70
-78
-177
146
355
-108
-113
-57
21
121
-75
-70
25
-13
-84
237
165
-398
275
-111
-100
1387
-809
-1135
766
793
-757
-364
642
-223
-50
580
-329
-770
732
579
-722
-234
535
-37
-221
235
169
-237
-91
392
58
-360
-279
533
267
-603
-171
648
112
-782
107
899
-224
-612
378
106
553
183
-1325
-178
1320
-318
-1058
647
406
-509
354
348
-965
163
752
-169
-410
150
44
34
187
-267
-236
90
376
-32
-73
-243
111
468
-134
-483
226
256
-305
65
451
-176
-90
424
-585
677
845
-1596
-628
1356
-5
-1112
219
699
-370
-87
248
-328
-24
265
-240
-50
-1
-183
33
288
-61
-124
-119
278
165
-138
-114
-12
202
-116
77
110
-226
-158
523
108
-783
-100
1668
-690
-1763
1109
916
-1348
-490
1340
165
-808
206
344
-296
127
270
-161
-192
-77
368
85
-193
-285
350
275
-467
-155
622
-105
-511
327
380
-284
-258
457
138
-331
-217
600
115
-1262
948
1607
-2047
-961
2260
83
-1826
553
1058
-749
-146
874
-719
-248
792
72
-472
-14
-15
144
183
-266
-53
267
240
-200
68
123
-196
87
347
-121
-293
33
386
-74
8
-24
-41
90
-146
-222
995
-528
-1383
1002
870
-1381
-113
1175
-342
-766
1093
-114
-1047
550
525
-297
-290
145
184
78
-47
-53
94
20
33
319
-53
-554
54
845
-118
-743
40
670
84
-687
-56
549
-52
-374
693
-216
-429
851
-137
-870
349
717
-732
-294
693
38
-330
167
-173
181
294
-106
-181
302
-10
-345
382
204
-344
-242
597
232
-401
-406
428
419
-486
-385
705
229
-485
2
532
-122
-386
232
385
-218
-603
920
118
-1132
176
868
-768
-639
725
130
-630
430
309
-554
-7
382
-54
-196
-96
149
42
-58
-92
75
91
-218
268
-16
-217
-32
535
-231
-457
357
359
-411
-382
627
219
-455
124
-27
245
790
-873
-941
1317
286
-1348
371
805
-433
-345
743
-2
-607
294
364
-56
-290
-212
180
474
-220
-372
74
412
-97
-260
1
181
-67
-62
-99
217
-32
-168
69
404
-16
-343
-158
1140
-448
-1370
953
485
-1013
326
717
-510
-272
857
-162
-593
354
223
-89
-226
5
220
40
-207
76
164
20
-251
257
171
-387
-88
597
-99
-327
104
291
-259
-384
381
292
-445
-27
-9
466
-58
-1008
-14
853
-623
-577
860
186
-788
330
446
-675
-9
480
5
-401
43
204
36
-75
176
77
-122
-83
429
276
-525
-415
760
349
-892
-176
963
71
-709
65
715
-203
-131
-405
1023
271
-1920
503
1222
-1028
-538
836
-15
-740
854
239
-1260
359
973
-403
-698
241
351
-192
-301
169
190
-177
-254
369
244
-587
-287
788
109
-599
-63
593
-185
-354
486
264
-503
-678
1360
639
-1755
-509
1766
-74
-1649
855
846
-942
-29
1009
-558
-540
734
248
-427
-232
228
49
-2
-239
82
90
-169
-119
536
-204
-505
225
642
-399
-517
271
258
-201
-315
581
202
-541
-653
1768
137
-2405
425
1794
-1054
-1097
1123
187
-753
457
350
-900
109
699
-57
-493
-65
307
191
-288
-394
408
138
-404
-112
471
-160
-352
171
394
-117
-332
5
396
8
-79
-94
68
310
-439
-303
1188
-271
-1232
363
868
-682
-888
789
62
-910
599
319
-719
0
672
64
-548
-243
467
217
-327
-215
273
224
-149
-15
150
-134
-203
432
130
-432
-184
634
106
-633
-58
617
-63
-469
568
-39
-408
890
-565
-729
833
126
-720
328
230
-268
98
307
-487
-270
554
151
-172
-278
40
180
123
-285
-147
237
282
-218
49
13
13
264
-128
-73
127
45
-193
150
235
-128
-182
231
321
-905
607
1090
-1395
-762
1116
496
-1397
-110
1025
-583
-340
676
-237
-410
486
215
-424
7
-21
30
18
53
-126
78
85
-138
69
4
-137
-57
235
-72
-245
57
357
-144
-271
50
305
-142
35
148
-307
643
-408
-345
638
133
-605
91
649
-308
-365
541
-60
-515
323
198
-250
-23
72
-18
-38
234
-79
-239
47
244
-84
-376
-127
474
-21
-654
234
488
-339
-501
447
502
-657
-355
620
593
-785
0
569
-584
-467
471
-88
-501
353
244
-230
-35
133
116
-43
-58
68
225
-164
-179
246
188
-199
-52
250
2
-297
258
216
-156
-281
369
231
-413
-139
589
-43
-527
119
704
-201
-136
-244
976
-37
-1517
560
787
-928
-341
1072
-159
-1030
839
544
-1023
47
730
-78
-395
210
151
-102
-121
291
143
-145
-199
458
95
-534
-8
747
-97
-648
454
442
-338
-376
487
176
-342
165
68
-182
748
-741
-796
886
238
-997
105
592
-210
-76
243
-348
-31
392
-65
-230
30
-67
-142
251
63
-261
-162
302
178
-203
-266
238
198
-214
-134
283
-51
-330
217
407
-45
-1095
643
2025
-1870
-1708
1967
526
-1868
362
1343
-832
-312
1083
-424
-557
557
130
-428
108
116
-10
92
-217
136
48
-95
-200
377
-46
-538
175
668
-363
-532
358
494
-437
-229
483
231
-796
-664
2350
-60
-2506
452
2065
-942
-1296
1018
543
-697
90
285
-571
151
599
-129
-385
-218
268
268
-265
-364
414
224
-322
-184
525
-71
-514
79
531
-151
-381
53
359
-70
-318
23
196
32
104
-117
-178
694
-742
-735
910
-136
-697
534
269
-398
277
408
-1009
50
790
-165
-658
245
437
-166
-275
232
223
-217
-20
382
143
-267
-325
678
217
-648
-73
643
-99
-466
373
454
-478
-155
667
-815
260
1219
-1065
-996
945
687
-1165
-141
851
-221
-282
367
-251
-330
561
114
-232
-169
23
86
358
-156
-167
52
325
60
-284
-86
239
161
-184
-42
219
58
-204
110
262
-106
-393
472
198
-1166
1496
53
-2232
805
1539
-1390
-533
1209
91
-786
577
384
-909
163
548
-61
-251
-4
21
287
26
-165
-76
311
124
-102
112
-148
-124
373
46
-357
-188
206
296
-39
-58
-229
99
-342
656
755
-1411
-663
1129
202
-1018
50
466
-4
-90
86
-368
-36
342
-124
-13
-16
-303
-87
617
-77
-532
-55
581
-206
-326
72
213
-62
-355
305
349
-480
-339
559
480
-458
-538
314
-203
1213
31
-1860
321
1686
-1099
-939
1084
363
-843
265
675
-806
-260
551
268
-54
-420
12
540
131
-540
-123
521
-101
-417
133
240
-279
-37
230
143
-170
-294
137
524
32
-348
36
984
-1304
167
2142
-1498
-1620
1623
1005
-1796
-512
1555
73
-826
220
250
-324
179
118
-25
-92
-158
35
201
-41
-197
108
81
-78
83
105
-183
-106
166
144
-11
-280
-131
457
146
-269
-342
408
979
-1317
-136
1828
-1349
-1560
1791
525
-1560
63
1048
-246
-272
527
-388
-296
630
151
-416
-75
170
292
-117
-169
-57
242
-20
-274
32
367
-353
86
152
3
-110
-123
-89
68
177
-143
-120
303
-409
-30
965
-514
-632
391
473
-596
-609
739
61
-676
285
-51
-270
66
347
-145
-167
-38
-40
205
3
-329
151
118
-91
-145
283
-22
-238
-81
221
-121
-264
288
172
-306
-178
372
454
-511
-685
1591
20
-2089
754
1298
-994
-704
861
215
-390
334
-124
-421
363
195
-384
-34
76
119
-59
-144
-3
181
-131
-155
166
106
-396
-106
591
32
-348
-264
434
217
-362
29
169
-42
98
-653
331
1177
-1101
-1161
1129
405
-1125
-47
797
-201
-220
239
-470
96
381
-255
-338
311
2
-252
44
343
-188
-166
121
241
-11
-73
-74
258
-72
-389
361
85
-326
-81
481
-22
-656
-140
441
1053
-1351
-1250
1732
548
-1933
378
1374
-1033
-442
1250
-395
-1173
713
662
-379
-475
295
292
-25
-325
149
350
-182
-183
493
41
-718
91
822
-287
-662
372
541
-424
-275
584
20
-486
685
-156
-163
199
-486
-392
491
-23
-409
258
207
-307
323
148
-479
28
382
-107
-382
159
119
-88
-84
61
188
-80
-192
67
405
-123
-413
244
491
-375
-222
212
128
-226
-170
525
232
-969
699
951
-982
-1207
765
1019
-1080
-314
853
25
-20
42
-192
-6
48
-165
287
97
-288
-111
381
104
-349
-183
412
30
-114
-322
241
230
-316
-107
473
-181
-479
228
574
-194
-295
201
-310
827
60
-1000
161
884
-667
-397
749
-91
-348
563
173
-806
334
645
-217
-512
321
166
-273
23
389
-104
-281
142
422
-146
-558
243
431
-341
-390
505
225
-397
-359
561
268
-682
138
-135
795
225
-1588
312
1270
-906
-648
972
72
-520
502
70
-796
188
677
-241
-528
298
117
-114
-240
189
43
-118
-253
364
171
-563
-153
643
64
-475
71
361
-216
-273
467
47
-677
399
623
-582
78
88
-547
-330
408
42
-527
225
-21
-99
499
-310
-492
535
354
-439
-224
249
68
-58
25
24
-142
96
214
-7
-167
-83
119
320
-181
-366
283
306
-161
-299
197
324
-306
-64
91
661
40
-1283
249
1127
-711
-860
949
161
-812
668
342
-1075
-112
1078
-121
-800
40
763
-129
-402
-55
489
98
-378
2
578
-166
-622
259
735
-272
-554
296
502
-274
-59
286
45
-217
-81
202
612
-116
-897
565
667
-993
-118
791
-424
-465
768
-109
-909
459
614
-498
-508
341
177
-295
-34
141
-59
-74
-22
285
-2
-278
-104
528
-184
-478
201
430
-211
-335
326
277
-314
269
-277
318
783
-1387
-445
1509
-286
-1084
668
467
-661
222
640
-787
-215
800
-100
-385
155
254
-71
-42
123
147
-68
-215
318
354
-411
145
679
-313
-522
311
413
-355
-96
355
188
-279
-486
-163
1255
672
-2194
-114
2119
-572
-1475
887
616
-775
153
534
-794
-252
988
103
-636
-63
264
314
-226
-216
295
111
-168
73
292
-310
-384
433
191
-367
-228
414
40
-409
86
551
-232
-80
-577
904
1011
-1840
-532
2010
-480
-1502
1104
561
-739
8
834
-416
-682
574
550
-285
-409
273
330
12
-300
233
220
-345
-117
707
-118
-684
169
743
-76
-887
62
886
-76
-437
128
64
-391
1321
-282
-1325
416
869
-723
-515
559
116
-255
236
-362
114
423
-254
-154
420
-129
-556
214
539
-293
-497
234
331
-66
-246
-129
452
-35
-405
35
413
-343
-258
417
226
-401
219
-173
99
989
-1279
-779
1449
-283
-862
748
45
-780
746
640
-1331
-215
1064
-81
-687
-106
367
15
-169
-133
114
121
-155
-102
511
-122
-579
313
677
-557
-318
335
340
-400
-199
268
114
-41
-310
46
1092
-615
-1382
866
1136
-1305
-886
1468
183
-920
431
468
-611
99
629
-276
-406
78
367
-38
-292
-52
338
75
-306
-51
457
-146
-397
71
498
-168
-444
-2
480
1
-454
-2
317
519
-1145
272
1589
-1481
-1202
1567
171
-1094
255
670
-353
-252
658
-420
-250
417
85
-181
43
-90
185
432
-310
-233
447
24
-199
52
136
-211
-3
146
-28
-163
-96
234
12
-204
-90
188
123
-65
-107
-121
710
149
-1347
116
1165
-712
-690
941
216
-781
477
303
-503
88
409
-16
-323
-99
180
236
-133
-125
240
56
-149
98
180
-361
-260
577
146
-571
-176
555
236
-535
-261
595
76
-413
-1
593
-884
724
423
-1223
170
569
-454
-223
595
-98
-256
459
-451
-165
551
-93
-361
214
350
-335
-145
545
1
-530
9
620
-29
-474
-208
576
128
-504
-102
493
34
-447
56
400
-237
-399
348
336
-109
-753
692
733
-993
-382
484
574
-960
-540
1112
96
-826
359
496
-198
-424
326
346
-159
-413
208
409
-77
-313
216
314
-381
-74
413
-43
-440
337
342
-420
-240
507
100
-601
51
631
-106
-381
47
85
1008
-991
-1431
1401
687
-1526
109
999
-497
-386
732
-78
-611
342
234
-42
-161
-64
25
-26
123
-93
-34
-144
174
203
-53
-464
207
467
-278
-437
307
184
-166
-104
342
-78
-487
934
-469
-315
823
-360
-1198
573
1052
-976
-497
659
312
-124
52
-433
83
693
-248
-531
350
206
-297
111
385
-192
-255
248
225
-184
-186
38
173
-48
-209
216
249
-348
-256
461
157
-552
-127
638
-307
-27
660
-783
-465
711
-61
-829
287
466
-447
67
466
-664
-135
468
96
-430
-16
58
-11
-82
14
-18
-41
-142
248
337
-392
-474
786
416
-822
-311
894
168
-644
-10
613
-173
-315
273
197
107
-572
272
567
-465
-451
428
158
-584
80
503
-522
-384
773
68
-650
-77
459
54
-555
81
359
-133
-315
120
276
-167
-427
405
278
-493
-265
703
34
-537
55
603
-298
-564
525
497
-589
-386
837
562
-1190
-102
1245
-626
-974
699
623
-1027
-284
858
164
-171
-303
-22
337
14
-323
47
290
-372
63
209
-6
-365
187
410
-278
-270
420
275
-419
-238
618
57
-449
-402
674
385
-816
-244
854
536
-1032
51
1229
-551
-1270
738
667
-1013
-109
915
-403
-347
429
149
-435
-133
483
5
-314
-363
385
327
-215
-466
432
299
-422
-245
543
105
-332
-60
399
92
-439
128
340
-185
-281
514
318
-1010
659
1136
-1499
-940
1721
3
-1357
262
720
-59
-298
18
-42
27
136
-86
77
-177
-69
412
136
-247
-226
593
11
-405
-24
349
16
-395
54
489
-7
-537
92
610
-76
-442
172
676
-434
-470
1263
-518
-1266
684
779
-999
-302
894
-166
-229
388
-223
-264
512
254
-432
-112
-11
188
79
-138
-288
213
245
-313
-188
431
-75
-170
39
194
-12
-242
-123
183
-4
-259
54
226
78
161
-549
737
-89
-1624
962
750
-1351
59
1062
-387
-487
940
-143
-855
465
487
-369
-15
13
97
132
-105
-77
239
-123
-80
125
192
-437
-34
397
-65
-314
-42
110
97
-60
-185
229
398
-473
-833
1681
239
-2053
-106
1922
-629
-1454
832
545
-588
-71
409
-512
-149
459
109
-351
-102
-17
369
-3
-347
-120
355
43
-178
-59
184
-25
-91
-152
439
159
-201
-393
492
485
-697
-414
836
446
-256
-1018
1269
801
-2086
86
1507
-877
-924
1057
234
-949
519
457
-768
-138
836
-173
-450
8
328
-40
-143
-113
246
70
-285
39
192
-258
-205
396
89
-443
-111
534
-115
-517
158
583
-145
-106
-497
936
525
-1834
-63
1510
-464
-1185
949
507
-1022
543
489
-827
-22
692
-230
-388
147
40
-110
2
154
-94
-205
0
288
240
-443
-423
728
215
-619
-161
575
-68
-512
15
381
-255
377
-535
373
945
-1440
-609
1312
-197
-956
230
448
-423
319
264
-898
66
604
-147
-446
219
197
-235
-29
82
106
-74
-295
201
323
-353
-335
511
258
-432
-174
486
-43
-416
219
393
-243
-179
410
-334
483
329
-1124
-109
983
-633
-429
701
-72
-167
525
-55
-777
458
524
-318
-401
208
248
-124
-53
308
-39
-226
236
464
-282
-443
322
359
-449
-341
656
115
-491
-145
583
334
-530
-1036
1714
827
-2492
-190
2132
-769
-1434
1054
526
-924
341
746
-1021
-285
812
109
-490
-184
428
90
-276
-244
369
-4
-381
-69
561
-228
-703
394
592
-470
-274
169
331
-191
-185
320
-140
-257
296
655
-895
24
977
-868
-909
995
297
-983
295
475
-281
181
-230
-84
341
136
-345
-59
323
-91
-125
403
17
-339
100
525
-90
-242
-139
419
149
-549
-78
761
-100
-556
204
583
-198
-456
577
-409
497
326
-1235
-37
1039
-564
-570
596
111
-205
358
26
-731
320
473
-122
-156
-136
45
76
201
-191
-138
-41
226
196
-223
-484
441
536
-406
-387
469
273
-246
-64
392
-98
-421
644
16
-484
1008
-283
-1495
472
1338
-1142
-729
1195
294
-725
305
293
-473
235
144
47
-37
-180
-100
390
83
-307
-215
451
81
-221
-99
125
89
-43
-123
195
15
-286
51
396
-138
-349
413
214
-745
714
99
-1277
458
516
-615
31
185
-286
96
289
-449
-272
410
236
-293
-130
158
-56
58
232
-214
-105
179
204
-37
-96
-215
278
143
-375
164
285
-167
-383
340
568
-486
-310
695
-522
176
638
-1404
-144
1424
-908
-907
846
412
-605
37
337
-462
66
316
11
-152
-134
-99
374
196
-393
-153
496
77
-154
-1
113
-101
98
95
-44
-153
-78
245
177
-40
-191
-641
1157
896
-2265
-147
1673
-878
-862
1000
127
-711
424
537
-1081
109
636
-207
-251
139
-28
56
38
-91
52
-30
-94
112
179
-117
-410
591
175
-631
-42
580
-116
-503
395
709
-218
-1338
649
1891
-1337
-1959
1657
1196
-1923
-187
1407
-417
-731
918
-224
-721
430
456
-399
-340
0
245
64
-269
-56
226
-7
-204
103
345
-276
-134
270
321
-206
-233
97
397
-109
-165
71
106
246
-125
-771
1291
626
-2106
117
1738
-920
-1180
1140
247
-1000
576
427
-985
122
801
-184
-539
25
483
-87
-194
-159
340
100
-374
134
341
-477
-327
723
83
-570
-70
635
-120
-473
341
451
-186
-887
232
2052
-1177
-2047
1324
1518
-1591
-804
1628
88
-946
449
192
-597
-12
537
-69
-155
-138
104
447
-207
-386
513
116
-423
152
459
-463
-294
335
323
-247
-353
188
171
-99
-75
-168
224
-38
482
-539
-19
379
-769
-143
561
-316
-434
297
320
-399
69
349
-520
-145
482
171
-517
-173
674
-2
-390
-242
476
120
-395
-209
597
-73
-438
175
351
-38
-197
89
286
-248
-186
295
125
-404
11
559
-236
-806
986
486
-1627
-446
1593
-305
-1058
615
437
-359
-71
113
-154
-32
59
6
-54
-112
-110
211
106
-169
-102
319
-54
-171
103
204
-240
-263
405
134
-454
-186
548
89
-379
149
479
-538
188
978
-1296
-587
1310
-268
-930
619
700
-601
-4
564
-337
-248
447
263
-278
-230
160
443
-123
-216
10
255
-86
-155
-52
243
-62
48
-19
71
-3
-176
-95
86
21
-291
87
178
578
-695
61
825
-685
-728
308
627
-814
-455
899
-77
-595
347
222
-235
-147
309
56
-268
-117
184
219
-397
-71
317
203
-370
70
485
-338
-356
443
212
-545
-174
506
249
-524
-184
738
656
-1148
-483
2189
-1065
-2051
1670
976
-1842
72
1370
-269
-524
614
-51
-621
393
378
-45
-224
-178
211
506
-385
-257
193
285
-244
-90
14
-114
193
40
-276
114
143
-15
-360
336
224
-408
-51
704
-394
-563
1250
-276
-1323
217
971
-865
-702
937
275
-440
-57
92
152
-119
-230
325
151
-444
-287
556
197
-480
-359
516
186
-348
-43
103
6
-186
136
268
-380
-326
659
21
-462
3
868
-682
360
331
-952
37
442
-234
-159
256
-15
-100
554
-227
-504
283
311
-276
-146
172
-162
-30
192
-88
-103
18
118
-67
-201
-25
419
-188
-491
522
159
-433
-364
616
219
-733
-102
865
29
-844
828
242
-1344
218
1089
-766
-506
932
-219
-302
567
-132
-610
383
322
-402
-142
22
74
104
-67
-150
-31
197
-18
-236
124
-2
-83
31
104
76
-23
-148
223
114
-121
-174
614
-498
-313
1412
-508
-1594
793
989
-973
-547
629
223
-303
50
-350
-236
351
-28
-148
13
-65
-142
275
1
-277
-162
302
-15
-86
-132
87
194
-82
-137
289
125
-391
-124
748
77
-748
124
467
-269
362
-48
-738
19
524
-246
-570
335
157
-392
225
-157
-178
305
157
-357
138
128
-488
-36
710
-225
-639
229
604
-202
-450
35
378
-60
-406
266
347
-283
-345
481
422
-619
-334
1145
-778
-71
1081
-1105
-732
1195
58
-1027
203
771
-298
-291
295
-188
-131
66
-58
229
-107
-245
152
415
-290
-241
160
52
-134
-56
238
-235
-47
117
248
-116
-506
86
695
47
-587
-49
643
396
-821
-91
1369
-624
-1626
1179
824
-1460
-295
1094
-82
-693
423
139
-186
29
73
-122
-137
-202
208
172
-215
-312
241
214
-267
-112
401
-115
-453
337
265
-209
-368
353
407
-340
-164
318
272
-708
810
445
-1565
181
1264
-871
-568
500
337
-414
131
145
-169
-82
66
111
-143
-232
-243
439
147
-437
-142
372
71
-152
-194
68
207
-33
-257
247
106
-315
-51
467
-15
-535
325
552
-514
-861
1197
1113
-2078
-785
2139
-99
-1804
601
1012
-432
-561
307
29
61
75
-171
-1
199
-174
-84
471
-172
-371
273
210
-192
55
138
-160
-100
365
145
-428
-215
636
102
-271
-253
358
806
-1395
-78
2076
-1228
-1942
1767
686
-1685
-17
920
-417
-278
790
-491
-562
505
274
-230
-302
-115
417
89
-422
-50
353
-98
-235
127
157
-294
21
376
-103
-258
40
146
68
-132
-20
224
90
60
-919
805
1445
-1947
-845
2076
-225
-1646
728
616
-715
75
657
-591
-467
887
181
-508
-312
302
282
-59
-310
168
114
-177
70
387
-188
-380
181
543
-317
-405
131
538
-229
-54
627
-477
-746
1828
138
-2097
386
1381
-800
-856
935
195
-728
351
217
-451
-181
204
102
-10
-444
-170
365
140
-421
-176
256
13
-66
94
-230
110
366
-220
-323
420
158
-362
-21
609
-129
-290
659
-683
162
1133
-1078
-876
1167
428
-1134
38
606
-71
-192
34
-388
161
414
-375
-241
265
-22
-289
296
117
-237
-228
194
355
-195
-426
226
325
-173
-292
373
39
-490
139
554
-401
-546
758
1049
-1571
-356
2259
-903
-1993
1371
926
-1496
-351
1123
-33
-496
325
-347
-131
413
-59
-216
-87
150
112
57
-146
-184
177
195
-132
-81
21
120
-1
26
-61
82
-74
-248
295
298
-323
-409
804
-450
-125
984
-550
-880
574
781
-877
-438
828
43
-413
133
-195
-38
282
85
-240
152
-21
-294
274
126
-163
-310
212
417
-221
-325
31
333
-136
-206
277
59
-236
-53
342
59
-504
-59
686
26
-357
-402
903
152
-1114
120
835
-565
-792
952
504
-800
-231
671
75
-608
61
290
-56
-274
144
296
-132
-209
383
171
-303
-172
595
-47
-369
92
418
-158
-577
451
355
-584
-348
561
390
-547
-888
345
1880
-1493
-1754
1693
1182
-2021
-308
1624
-545
-540
652
-182
-692
606
217
-403
-11
156
-109
74
123
-208
-47
60
37
145
-51
-393
175
384
-194
-335
208
252
-223
23
184
-131
-89
716
-267
-893
1142
421
-1584
-318
1379
-397
-878
729
369
-338
310
-187
-347
367
193
-327
54
229
80
-44
71
184
-105
-9
260
-31
-62
-189
183
154
-197
-254
316
-25
-349
244
359
-397
-427
630
861
-946
-1335
1916
895
-2174
-572
2123
-251
-1560
835
799
-606
-281
187
43
221
-123
-112
453
-50
-513
466
480
-624
-211
776
-75
-562
331
251
-312
-226
392
213
-340
-313
337
293
-323
-378
549
377
-208
-294
566
223
-826
-174
760
-123
-764
529
474
-468
-50
430
-141
-387
284
242
-285
-277
333
274
-158
-368
366
365
-423
-333
694
79
-528
-35
568
74
-683
62
767
-139
-528
289
657
-26
-1329
1151
1130
-1936
-685
1837
25
-1689
485
1206
-607
-569
552
31
-199
-19
162
7
-212
-212
238
230
-351
-280
445
129
-316
57
334
-169
-362
413
227
-349
-298
350
385
-379
-301
555
403
-505
-730
1773
-279
-2153
1170
1349
-1731
-471
1588
-84
-1016
595
405
-1026
29
787
-84
-638
-223
767
129
-609
-342
605
167
-587
7
569
-418
-381
487
316
-533
-285
379
154
-335
-54
309
-51
260
-425
45
808
-819
-891
1066
359
-1363
170
948
