-209
20
-22
-166
416
-137
18
-274
24
734
-394
-211
-76
381
163
-586
39
262
-26
-182
-196
179
1168
240
-2157
552
1510
-506
-1797
-220
1310
607
-1220
-159
1339
-73
-816
-68
675
219
-644
-132
304
-112
-27
-21
-101
259
-241
112
287
-290
-168
272
166
-155
-344
316
480
-480
-240
206
539
-244
-528
319
470
373
-446
-929
767
426
-865
-459
1655
-259
-1869
1037
1914
-2084
-559
1705
20
-1584
1014
967
-1470
148
965
-488
-443
434
267
-625
334
238
-295
-300
764
-139
-524
313
468
-305
-423
221
294
-362
-135
247
150
562
-22
-1270
659
212
-906
189
135
133
-304
391
49
-486
206
172
22
-155
-312
584
-217
-512
236
550
-306
-185
248
219
-345
-49
143
-35
-91
-97
18
99
135
-227
76
240
-173
-237
182
1455
-1458
-1027
1440
191
-852
-281
659
143
-299
122
156
153
-389
-309
627
113
-550
44
166
198
-477
75
236
184
-477
289
302
-152
-271
180
257
-78
-208
192
9
-67
-17
-141
-25
243
88
-503
1313
-772
-1609
1923
636
-1478
-749
1355
-167
-1472
1391
845
-1611
252
1005
-438
-408
471
-127
-538
725
-155
-582
222
665
-234
-674
514
436
-499
-283
500
106
-393
118
298
-101
-107
77
145
-171
10
562
306
-1605
325
1153
-789
-758
1288
-84
-1589
965
1566
-2084
-413
1951
-475
-1433
1140
857
-1378
220
844
-360
-736
583
528
-635
-302
746
-112
-375
73
462
-437
-85
248
138
-395
195
111
-127
-46
442
-415
445
278
-1450
729
749
-671
-449
439
-78
-643
755
680
-1155
383
496
-441
-234
418
-147
-385
541
-124
-394
216
315
-13
-477
214
136
32
-347
223
44
21
-42
-32
36
109
-81
-149
176
183
-446
1228
-452
-1618
935
1154
-1147
-689
479
582
-550
397
65
-512
311
10
-469
378
111
-181
-44
39
234
-333
35
92
110
-205
152
-187
86
275
-176
23
-138
246
-87
-52
-141
257
-200
21
95
100
-237
265
1054
-1775
-51
1442
-299
-971
-18
809
-476
-357
1030
-733
-23
687
-272
-504
347
171
-387
-10
494
-403
-106
332
103
-429
146
425
-222
-99
-5
166
104
-100
-186
267
-134
235
-128
-198
30
299
867
-12
-2254
1095
1258
-966
-1466
941
1508
-1236
-660
1445
-609
-886
588
645
-687
-208
940
-424
-237
275
271
-343
-190
461
-173
-43
-42
76
-86
153
34
-192
-137
501
-70
-569
10
644
-281
-430
464
1205
-1707
-572
1674
158
-1384
47
1470
-994
-1075
1512
180
-1231
521
483
-448
-117
593
-720
138
606
-583
-187
558
116
-539
-22
569
-126
-409
299
375
-310
-43
220
35
-55
-203
54
200
82
-493
1270
-498
-1214
549
702
-502
-537
676
-58
-639
880
1
-916
587
220
-440
-30
598
-483
-57
328
-81
-343
33
506
-119
-468
334
317
-420
-54
378
8
-65
-139
13
324
39
-333
-188
423
47
-599
1707
-623
-2147
1718
1106
-2465
122
1052
-52
-1028
1344
-37
-933
498
250
-281
174
-173
-229
117
197
-325
23
168
198
-151
-233
245
139
-185
85
-72
78
57
-183
102
113
20
-106
6
202
-27
163
272
-492
-34
-73
266
-660
-77
984
-397
-539
392
-24
-76
-164
332
-494
580
13
-495
250
250
-231
-25
195
-181
111
160
-95
-51
240
-199
-79
22
266
-401
48
154
108
-309
57
905
-496
-759
265
465
-153
-543
-163
637
84
-520
63
488
-362
-400
479
115
-609
330
168
-125
-157
132
-20
192
-234
120
29
66
-43
-192
34
239
31
-333
40
272
94
-300
-192
565
897
-1667
-497
1686
-423
-1077
846
413
-881
51
1430
-1220
-714
1096
3
-743
358
262
-229
-88
199
-18
-124
150
102
-235
19
553
-314
-431
330
410
-530
-31
355
-12
-469
232
206
-252
-182
142
1477
-1566
-1171
2206
271
-1922
-186
1180
-325
-872
1155
-52
-647
402
288
-296
91
60
-245
-222
448
-148
-232
5
440
-152
-319
368
133
-250
-128
208
224
-277
-167
311
111
-172
52
-44
-36
880
26
-1938
780
1590
-1318
-728
1113
-80
-1288
799
982
-1547
-199
1234
-381
-925
775
226
-643
-22
511
-139
-146
-112
379
-296
-33
262
-226
-54
278
-51
-61
-188
397
133
-478
-215
606
-144
-440
275
1079
-985
-947
1430
135
-964
49
549
-480
-128
322
257
-409
-37
15
348
-50
-531
371
308
-562
0
247
51
-149
85
-7
147
-40
-33
-113
49
130
-241
-6
272
9
-139
-62
320
-118
549
-583
-705
921
-52
-389
163
-441
138
404
125
-474
-299
731
-535
-269
652
-375
36
-82
326
-79
-201
32
174
27
-132
185
-140
-122
408
-157
-274
31
488
-254
-388
214
506
-507
-236
477
735
-716
-581
725
160
-213
-864
498
715
-925
-51
829
-282
-543
501
512
-898
117
487
-247
-447
229
178
3
-184
242
-103
74
31
-175
-154
441
3
-362
-49
563
-77
-278
30
238
285
422
-1307
125
981
-501
-462
239
-121
-255
651
178
-1134
399
762
-872
-298
979
-300
-388
161
289
-190
-179
220
87
-368
239
446
-414
-436
772
-43
-504
71
594
-379
-328
342
249
-523
1
348
661
-732
-638
1228
178
-1397
-503
1242
239
-1318
519
1059
-970
-466
589
635
-832
-344
846
-112
-570
236
295
-130
-237
281
26
86
-112
165
-201
24
244
-495
-28
522
-109
-531
262
479
-299
-234
718
91
-1047
117
631
-27
-1247
758
1158
-1154
-612
1295
-164
-1189
564
804
-865
-43
453
-132
-46
57
-94
-14
281
9
-177
-197
472
68
-511
149
379
-137
-313
97
243
-281
-41
186
-100
377
1006
-1611
-333
1259
-710
-587
121
597
-224
48
610
-649
-50
472
-3
-271
-298
537
-241
-212
174
26
95
-102
-25
113
194
-329
50
65
-59
-94
116
155
-62
-190
301
-7
-1
-277
426
609
-1269
-141
832
-62
-205
-354
191
466
-9
-350
-294
445
-120
-475
504
157
-492
214
11
161
-244
12
37
175
-251
61
127
-7
1
-68
-48
320
-97
-290
60
386
-87
-507
-5
641
-156
-423
878
-292
-851
134
665
-435
-635
838
385
-832
259
417
-457
-173
572
-487
182
313
-321
-268
569
-50
-414
207
357
-68
-265
21
369
-201
-238
127
83
-8
-104
15
151
241
-298
-123
1199
-1097
-893
1109
-88
90
-856
-279
1232
-313
-799
447
684
-640
-1219
1492
359
-1250
189
739
102
-835
448
316
-238
-348
402
200
-496
67
328
-132
-103
42
144
-273
-33
251
-286
-175
408
-5
84
430
-1057
441
251
-513
42
400
-364
-362
768
189
-803
38
666
-297
-399
429
59
-585
292
254
-251
-166
290
74
-149
0
115
-135
142
25
-170
-79
367
-47
-271
15
463
-154
-524
1187
74
-2158
970
1550
-1076
-1199
993
1397
-2104
4
1946
-629
-1337
842
525
-532
-333
628
-207
-80
138
-123
-47
186
-74
-44
-119
323
58
-344
-154
713
-141
-534
228
536
-518
-235
507
108
-482
-64
1215
8
-1974
759
1232
-674
-1127
558
740
-860
-184
858
-88
-505
281
229
-385
130
-48
-305
209
23
-8
-67
204
141
-356
28
322
-190
-217
150
332
-306
-195
208
406
-418
-194
263
733
177
-1934
480
1625
-903
-1007
902
1032
-1845
-34
1847
-500
-1626
795
1037
-967
-554
1112
-27
-889
482
312
-310
-287
499
-173
-264
348
-19
-289
217
377
-390
-170
200
219
-314
-93
82
239
-345
108
-107
996
146
-1897
914
1152
-1682
-773
1126
361
-1085
671
971
-977
-284
654
99
-241
-379
148
172
-151
-103
106
232
-83
-24
-126
236
-37
-139
190
-35
26
-247
19
258
-54
-144
117
272
715
-1314
-449
1559
-104
-1339
225
1685
-991
-1425
1705
633
-1546
-449
1309
177
-1345
252
970
-650
-241
456
313
-331
-61
129
165
-127
-184
221
271
-210
-207
44
415
-111
-459
228
233
-74
-469
78
385
823
291
-2634
1431
1572
-2329
-567
1504
-87
-990
781
888
-1318
140
900
-715
90
-69
-42
34
-220
62
152
221
-356
287
-57
110
50
-164
-49
260
-157
-202
-21
444
-159
-314
116
440
-300
31
1149
-1647
-499
1595
245
-1547
-199
1679
-786
-979
1671
-196
-1234
724
374
-870
184
649
-687
-104
764
-294
-362
19
544
-323
-376
401
172
-292
12
207
121
-277
-107
181
192
-347
30
32
177
-155
408
870
-1411
22
859
-501
-696
-78
427
141
-79
363
-405
210
148
-99
-57
-96
147
-320
23
342
-224
-196
158
241
-187
-127
140
77
-13
-211
22
127
137
-325
-114
470
201
-623
-129
1398
-369
-2151
811
1684
-1031
-1158
995
1151
-1432
-204
1267
-216
-1159
484
753
-454
-817
801
468
-739
-26
431
-22
-343
153
-43
0
108
95
-141
-78
360
-141
-162
56
399
-440
-34
148
22
-309
53
989
484
-2017
373
1447
-1126
-938
530
1137
-771
-468
1063
-61
-638
286
343
-3
-608
330
18
-188
-66
365
-273
49
242
-141
-79
303
-51
-173
-127
351
-116
-335
193
447
-144
-506
202
838
383
-2054
548
1297
-486
-892
104
847
-606
56
446
-260
-205
18
92
-26
53
-288
502
-79
-241
205
126
-111
-56
8
59
262
-229
-51
-6
501
-266
-265
274
381
-405
-225
141
296
-378
748
609
-1677
20
998
-305
-558
-95
470
88
-222
22
128
113
-80
-265
316
56
-207
-195
150
189
-285
-31
147
186
-69
-20
-76
168
5
-225
138
30
-86
-225
199
149
51
-341
1127
-467
-1315
643
682
-548
-557
696
436
-1033
499
745
-666
-383
455
61
-317
181
178
-467
349
295
-332
-172
185
153
-329
92
55
238
-305
217
-45
97
-30
-103
180
87
-410
110
154
119
-299
-124
739
405
-1416
-43
829
214
-1186
-102
1240
-408
-866
842
286
-701
159
533
-268
-400
447
-180
-172
10
63
-166
318
-125
-161
133
271
-307
-232
208
302
-191
-238
153
341
-130
-251
-125
1679
-1323
-1471
1657
845
-1840
-7
1467
-580
-1187
1722
78
-1372
549
706
-676
-171
487
-255
33
220
2
-380
280
259
-283
-169
379
122
-443
186
317
-210
-271
410
-166
-72
41
12
-282
316
-42
-298
1062
-122
-1541
795
797
-586
-772
564
862
-753
-233
478
77
-502
195
238
-158
-271
355
-252
-90
233
-79
42
121
110
-249
-10
307
-138
-229
163
116
80
-284
40
206
193
-485
22
181
1359
-1073
-1969
1854
1103
-2005
-737
1980
230
-2105
1085
1551
-1620
-721
1295
28
-917
340
663
-552
-204
543
-16
-374
-46
561
-387
-16
162
28
-264
426
220
-788
-72
865
-313
-652
268
789
-714
-208
590
-58
556
-534
-579
843
-80
-1095
555
587
-986
-121
1694
-880
-1127
1214
448
-1086
40
707
-334
-421
365
72
-182
-150
494
-257
-45
286
-40
-424
336
254
-410
-147
585
-159
-435
404
311
-469
-168
782
1775
-3101
-195
2544
76
-2864
174
2841
-647
-1994
1553
806
-1445
-420
992
290
-1078
546
369
-298
-200
455
-24
-177
128
-129
-50
365
-339
66
3
392
-216
-286
106
431
-257
-504
253
334
376
227
-1439
802
837
-1429
-215
799
-349
-376
819
62
-971
623
593
-816
185
233
-230
-51
-37
-87
67
109
-111
39
114
164
-215
-167
226
237
-420
-59
212
126
-499
132
432
-321
675
-216
-1335
747
799
-921
-239
708
303
-1149
660
782
-1017
-468
954
-86
-725
495
551
-929
68
662
-209
-268
125
163
-97
-105
72
153
45
-309
358
40
-291
11
322
-2
-232
-40
174
-211
588
497
-1370
372
1121
-978
-825
803
369
-619
-7
688
-344
-591
380
230
-207
-369
378
194
-482
-79
267
152
-384
166
228
220
-510
220
151
-28
-80
-173
5
321
-72
-279
56
347
-94
719
-853
-731
923
-172
-718
597
-80
7
154
341
-454
-176
482
-281
-364
416
11
-278
-13
257
143
-156
-31
-15
92
140
-164
-105
349
-67
-335
168
326
-144
-130
116
-70
59
6
-41
118
233
107
744
-917
-649
284
734
-540
-942
878
717
-1243
191
727
-585
-268
610
-305
-332
425
-48
-340
174
495
-472
114
159
73
-230
187
-117
37
-105
118
-121
281
-261
-57
115
300
-289
-166
-18
1428
-794
-1392
1110
951
-1737
-803
1768
842
-2023
291
1224
-537
-1226
700
826
-995
-49
416
89
-259
-66
319
-214
-64
151
19
58
69
-88
-7
54
284
-240
-283
151
354
-429
-72
178
680
-404
-547
422
128
-85
-985
972
471
-1029
16
1102
-629
-826
907
434
-994
249
604
-373
-388
254
349
-152
-165
170
-10
-25
117
-1
-282
125
299
-164
-197
147
349
-399
14
278
901
-1216
-611
1223
-27
-954
196
169
-101
-72
642
-413
-94
94
-320
173
387
-637
46
681
-420
-236
289
130
-222
20
23
194
-139
63
-212
278
-10
-252
-26
546
-312
-264
189
353
-305
-257
173
1094
-363
-1688
1323
550
-1071
-189
534
39
-567
356
348
-421
10
50
35
32
-337
-2
300
-76
-182
35
324
-65
-123
5
350
-140
-303
122
407
-190
-320
47
502
-146
-485
168
452
-389
-133
1422
-1444
-733
1459
169
-972
-543
1120
284
-797
65
167
137
-440
-339
761
-158
-415
57
229
53
-164
26
-78
236
-79
-26
-33
52
173
-305
-65
306
-6
-481
337
225
-344
-308
323
237
-497
1193
-478
-1265
1290
-51
-1295
513
309
-233
-256
853
-101
-692
399
223
-43
-366
-71
546
-499
88
-37
197
-107
-80
57
291
-93
-129
53
166
-230
-26
91
258
-172
-452
395
341
-206
-377
-42
1861
-1484
-1823
2040
1181
-1878
-788
1734
312
-1570
1148
511
-1345
92
833
-104
-410
337
48
-81
32
-18
-1
-86
217
-251
-163
388
118
-473
180
632
-293
-607
270
649
-461
-442
571
57
-257
119
250
-267
323
1236
-1960
278
1095
-775
-1353
898
787
-943
-7
1441
-1201
-541
1030
138
-871
8
739
-372
-549
342
304
-243
-286
553
-68
-178
-61
203
147
-291
1
215
-111
-124
52
57
198
2
-322
1332
-883
-866
904
340
-198
-1505
822
1176
-936
-463
762
136
-860
-178
1232
-705
-320
609
-109
-154
108
45
-27
-60
45
-80
164
-80
243
-321
49
255
-62
-72
-162
-76
305
-14
-357
-32
553
-286
934
-656
-601
571
110
-707
161
67
-149
241
293
-472
-167
692
-285
-203
198
64
-317
95
204
-45
-40
-57
159
133
-67
9
-43
-60
332
-32
-347
-167
607
-226
-263
57
449
-618
1102
1160
-3806
550
2306
-362
-1784
219
2437
-818
-1495
1167
157
-876
-62
609
-75
-382
172
53
-27
133
9
-116
-236
398
-60
-230
55
161
102
-182
-25
229
-8
-420
337
27
-135
-224
235
-209
817
-144
-1368
829
813
-803
-598
743
483
-1133
-92
1447
-499
-1056
661
850
-814
-418
849
-162
-740
420
245
-321
-135
476
-147
-50
44
23
-218
446
30
-358
-86
576
-78
-549
195
413
-278
-378
307
79
1042
-579
-1925
1672
1033
-1802
-975
1861
845
-2107
587
1441
-1504
-579
1091
-79
-1040
541
637
-801
21
426
-50
-476
166
361
-194
34
271
-361
-9
451
-235
-379
395
296
-557
-109
538
-84
-495
143
1737
-1570
-1329
1855
676
-2045
-272
1790
-227
-1830
1639
881
-1736
-35
1142
-173
-796
411
261
-577
166
424
-318
-209
539
-28
-436
305
327
-450
-102
538
-26
-650
58
758
-304
-566
384
443
-396
-102
1267
-1261
-453
1056
-81
-767
98
880
-698
-302
1022
-535
-444
530
-62
-355
179
259
-570
53
547
-317
-393
353
343
-330
-77
435
-221
-122
70
302
-346
107
141
-46
-372
345
85
-494
-51
564
1138
-2046
-275
2155
-727
-1871
1177
1154
-1789
-318
2158
-674
-1520
1223
829
-1138
-253
824
-157
-611
440
78
-110
-215
468
-321
-36
272
-105
-270
140
211
-320
-187
318
97
-347
19
508
-209
-395
1350
-820
-954
702
519
-551
-332
367
233
-356
624
-413
-301
404
-142
-386
543
141
-689
273
453
-273
-386
318
360
-401
-43
309
-5
-278
137
193
-175
74
-51
-27
43
188
-311
-273
461
331
-577
1432
-1202
-754
1528
-378
-1558
778
300
-296
28
955
-836
-149
758
-569
-103
357
-199
-293
138
176
-137
-271
187
421
-135
-247
275
-90
72
4
-123
-218
330
-96
-175
-84
568
-269
-196
1574
-1342
-1439
1695
728
-1895
-329
1947
-566
-1552
1650
515
-1393
11
988
-656
-463
839
-429
-539
707
177
-608
-48
624
-251
-324
272
205
-321
-73
439
3
-208
56
82
-2
-25
-225
35
227
-50
-228
1251
-919
-764
872
142
-876
134
-41
-457
508
347
-555
23
621
-312
-232
324
-51
-432
110
122
-147
-84
280
46
-76
-61
67
-192
256
9
-92
-245
255
268
-420
-47
579
69
-659
1116
-555
-1047
865
270
-616
-62
948
-550
-820
1030
343
-1139
-16
638
-119
-327
290
-45
-259
587
-43
-431
177
251
-140
-129
55
110
173
-357
174
76
77
-218
173
-82
-56
21
175
-258
-28
992
-323
-1346
1029
428
-1021
146
51
-47
-154
583
-66
-573
299
468
-499
-100
162
104
-306
-13
8
191
-147
-115
94
378
-177
-61
70
48
-101
-71
70
68
-19
-297
194
314
-212
-427
1750
-806
-1940
1220
973
-1348
-486
1135
207
-1061
1031
299
-1183
313
393
-508
308
275
-515
148
388
-151
-178
130
155
-69
-271
233
103
-9
-327
385
130
-217
-234
236
271
-285
-107
106
-88
183
65
-373
1996
-794
-2398
2131
879
-2602
-336
1176
727
-1685
1001
856
-1093
-74
724
-70
-330
-163
229
-190
9
-4
-42
-34
305
-169
-103
96
172
-152
-84
-117
375
-107
-179
87
183
-47
-144
-108
735
530
-2022
204
1570
-873
-897
778
1004
-1226
-400
1442
-166
-1169
147
929
-366
-704
467
458
-452
88
-9
174
-195
-15
100
7
68
-134
106
177
-187
-1
46
146
-44
-151
-57
277
189
-537
-131
1043
632
-2002
463
1290
-984
-680
219
669
-547
-206
747
-211
-385
73
423
-157
-545
421
130
-341
-156
365
185
-253
-213
439
59
-155
-53
64
-95
243
-104
-374
207
343
-145
-342
591
962
-1826
-182
1342
-151
-1055
644
223
-725
366
950
-845
-421
486
117
-492
274
30
-245
434
-200
-84
14
163
-150
-143
265
73
-239
58
-29
273
-151
-117
-147
528
-277
-240
206
270
-338
-203
1021
560
-2119
290
1482
-888
-889
777
301
-765
402
503
-614
-38
449
-389
-10
335
-312
-134
271
108
-515
111
471
-99
-401
399
14
-133
-13
12
89
63
-274
83
135
163
-317
38
240
1111
-1538
-975
1728
276
-1513
-38
1540
-582
-1353
1242
716
-1313
-103
855
11
-756
412
206
-408
-23
397
-9
-308
85
210
-149
197
77
-266
-233
760
-113
-575
188
764
-458
-438
397
355
-530
-215
407
1078
-292
-2198
1566
1346
-2325
-719
1816
-140
-1388
924
1266
-1474
-356
1322
-252
-447
22
37
91
-146
-21
40
-14
200
158
-313
47
443
-408
-179
350
175
-539
78
458
-216
-250
291
339
240
-418
-928
707
574
-984
-185
1044
380
-1109
-347
1252
45
-937
-303
1022
-177
-861
265
749
-759
157
356
-197
-138
34
-32
153
-223
75
100
127
-295
68
1
234
-195
-323
210
283
-228
-136
85
456
926
-1772
-147
1468
-712
-703
427
298
-599
236
736
-659
-175
524
17
-427
164
21
-20
-198
56
-8
193
-86
73
-192
261
134
-355
-64
461
-106
-426
72
316
-68
-255
112
140
1092
-567
-2149
1573
1394
-1815
-1078
2101
-40
-2204
1741
1461
-2496
-17
1995
-741
-1366
1213
358
-948
162
544
-306
-267
440
118
-631
430
216
-295
-222
645
-91
-465
290
331
-201
-293
212
222
-318
-260
625
684
-1436
-67
1178
-87
-1078
-275
1240
-282
-659
546
374
-427
-152
418
99
-434
156
80
-167
-86
109
-10
28
162
-175
137
218
-86
-348
119
372
-219
-396
270
278
-64
-286
-26
1090
648
-2391
108
2003
-532
-1521
267
1501
-867
-294
956
-401
-594
293
231
-124
-182
60
340
-202
-3
-1
211
66
-178
-9
241
104
-340
155
82
136
-139
-145
86
354
-351
-229
137
337
-373
469
254
-1039
84
390
470
-1090
-196
1114
-186
-742
662
-107
-435
432
163
-655
525
320
-627
-105
657
-305
-261
205
431
-189
-202
176
117
-161
-187
241
59
-259
-52
230
220
-318
632
-100
-1091
842
137
-276
24
392
-787
58
882
-271
-1131
875
494
-822
-346
1178
-477
-509
435
243
-327
-259
524
83
-430
35
331
-27
-239
81
143
-142
268
-210
-4
-56
317
-217
-231
33
1566
-1097
-1258
1351
293
-1400
288
687
-329
-445
942
-118
-629
261
263
-140
-61
19
-67
78
-91
-56
130
96
75
-266
87
305
-31
-309
53
362
-138
-162
-94
335
49
-286
-18
1037
195
-2691
1040
1729
-910
-1421
960
1371
-1688
332
1062
-919
-264
446
-220
-78
81
-149
-119
562
-444
59
372
-161
-258
-74
421
-45
-304
105
226
194
-257
-123
333
160
-459
-59
572
-187
-630
410
716
594
-1753
146
1440
-806
-1161
756
798
-722
-439
1185
-187
-857
298
547
-332
-641
610
130
-437
-70
290
-4
-113
115
-14
43
-14
22
-84
152
316
-516
-140
601
87
-680
155
635
-445
614
134
-1641
639
1069
-784
-1207
836
1339
-1162
-193
640
-410
-171
-96
283
-60
14
47
-249
221
95
-62
-292
193
214
-70
-63
-34
80
97
-138
91
-241
282
-31
-60
-296
338
-156
742
-83
-1265
615
181
-399
-62
-277
337
287
-278
2
96
82
-155
-40
192
-90
249
-408
-40
393
-163
-12
-20
31
142
52
-194
-156
347
0
-209
-22
335
-252
-167
333
84
-485
1278
-542
-1243
575
742
-601
-467
805
-62
-731
993
84
-1211
637
389
-658
-87
688
-524
-380
523
68
-355
61
396
-232
-267
277
-23
15
-156
201
-179
324
-157
-110
166
126
-152
-294
253
126
500
418
-1812
761
777
-983
-682
331
646
-780
51
1034
-787
-437
782
395
-946
35
907
-605
-441
344
331
-453
-146
448
118
-180
-110
68
58
-43
-174
-3
120
-78
-160
116
1255
-1227
-891
1508
-241
-414
345
-330
-14
97
510
-648
279
312
-582
-88
917
-731
-552
593
375
-520
-186
499
77
-448
165
215
-266
-35
277
-301
-175
650
-266
-157
-7
349
-277
-155
388
6
-714
1590
998
-3068
401
1516
-1017
-1167
555
1521
-1318
284
852
-839
56
347
111
-249
-62
283
-297
-135
55
258
-194
-160
356
71
-336
44
262
-139
-385
320
143
-205
-114
328
181
-114
-176
237
1600
-1550
-1777
1022
1628
-1631
-634
2142
213
-2011
1035
753
-1397
-128
951
-190
-404
-262
571
65
-247
10
147
-48
-7
-59
-17
188
84
-335
188
205
32
-344
-93
639
-164
-456
190
266
-315
860
-672
-914
991
166
-425
182
-407
309
-19
98
-49
-147
295
-90
-172
295
-46
-87
-55
-51
63
41
-104
9
269
143
-324
103
-5
7
-57
52
-30
37
-178
158
79
83
-312
1257
-593
-1610
1370
634
-1415
-713
960
1008
-1076
210
737
-748
-189
315
260
-925
588
340
-541
46
330
8
-311
138
165
-7
-164
48
117
-110
-173
281
-119
144
-99
110
-179
191
33
-446
354
713
-989
-107
713
244
-845
-127
394
-40
-3
177
-247
117
-142
196
37
-49
-229
-85
368
-207
-292
148
274
-17
-425
406
-16
-131
-117
281
91
-119
-73
2
107
100
-78
-119
-67
276
460
647
-2011
147
1525
-570
-1076
732
575
-989
218
1047
-1166
-278
1076
-390
-693
691
115
-643
138
362
-43
-518
211
350
-350
-112
482
-138
-97
-74
392
-279
-125
202
164
-451
118
359
-377
-201
934
280
-1690
604
1099
-1035
-572
1013
167
-1252
567
1287
-1311
-494
917
203
-791
382
210
-372
5
370
-290
-105
294
-48
-217
333
-66
-201
64
247
-137
-292
51
515
-250
-307
227
144
801
-545
-1439
1205
591
-1353
204
567
-337
-465
1047
-75
-998
430
463
-677
-43
308
-36
-195
-115
391
5
-262
-67
247
-30
33
-114
39
20
219
-33
-251
78
390
-293
-320
151
446
-493
-218
1212
-68
-1777
616
1653
-1294
-1255
1238
976
-1655
-26
1220
-242
-1134
859
553
-629
-341
692
-226
-342
347
95
-297
138
268
20
-353
334
191
-395
-159
455
-206
-464
243
463
-391
-133
198
1241
-638
-1717
1048
998
-966
-1407
1077
1413
-1349
-787
1866
-297
-1448
315
1705
-1304
-505
1037
66
-697
93
557
-257
-456
502
119
-264
-152
577
-434
-124
588
-343
-149
114
463
-591
-81
349
99
6
509
-1365
341
823
-264
-624
540
337
-937
113
1177
-928
-404
692
241
-729
184
630
-830
13
697
-308
-318
211
344
-377
252
76
-216
-251
557
157
-519
-105
611
-55
-377
-73
503
-166
-414
216
638
309
-1726
437
1221
-719
-823
1042
296
-1389
241
1608
-1288
-681
996
104
-919
230
566
-742
-23
508
-113
-305
217
128
-581
432
323
-388
-224
594
-175
-290
168
265
-127
-313
219
225
-441
86
137
488
495
-2050
750
1541
-1626
-915
1306
92
-1253
580
1180
-1195
-254
756
-125
-369
146
49
-76
-95
187
-198
146
41
113
-246
263
7
-224
-69
366
-42
-526
114
552
-213
-366
260
360
-274
-18
416
-572
13
-241
443
-211
-776
932
456
-967
481
91
-285
-190
587
-479
82
282
-360
124
439
-268
-157
125
283
-55
-280
127
261
-136
-146
44
64
143
-286
2
262
-66
-299
654
111
-1305
526
558
32
-895
-100
1189
-429
-806
785
319
-639
-260
613
27
-526
296
203
-212
-68
224
16
-152
294
-108
0
-117
100
-98
-25
281
-70
-248
184
153
-71
-252
-8
903
925
-2870
506
1852
-474
-2102
334
2283
-1017
-829
975
217
-576
-188
307
331
-531
161
-53
108
36
-150
-63
221
85
-295
97
101
100
-408
219
172
12
-399
345
36
-5
-182
-30
-56
337
892
-1686
-70
1590
-480
-1155
478
898
-1138
-110
1525
-674
-1074
856
568
-808
-60
499
-371
-170
131
18
-117
160
35
-61
41
286
-293
-232
535
188
-517
-68
332
273
-457
-76
406
115
-569
1337
-670
-1220
530
754
-699
-568
755
177
-638
352
119
-467
91
-8
-212
132
109
-342
65
280
-88
-245
112
126
-32
-151
280
95
-80
-177
315
-73
-45
-82
100
-77
108
-157
-58
131
838
-965
-620
1053
266
-758
-197
775
-359
-399
345
535
-603
-141
231
204
-184
-17
-232
439
-217
-168
252
88
-197
82
37
48
-41
7
-81
312
-104
-294
-74
472
-25
-578
172
553
-486
613
728
-1945
471
935
-353
-1269
336
1667
-958
-868
1185
-153
-567
13
784
-735
278
208
-379
118
294
-58
-364
187
362
-166
-285
230
265
-227
-80
214
-268
126
60
100
-365
282
-27
235
304
-1068
187
569
134
-463
-185
506
-452
-91
660
-408
-302
408
32
-504
388
407
-933
181
762
-382
-416
196
433
-327
-231
355
73
-289
84
289
-297
-49
46
51
-6
18
-274
120
57
882
-600
-1318
767
758
-576
-962
755
793
-856
-132
1002
-522
-624
374
598
-768
116
539
-459
-165
290
214
-341
-80
335
-6
-91
-29
150
-114
148
-60
-53
-42
416
-240
-268
256
240
32
-410
-286
438
-165
120
124
-116
-347
95
428
-145
-487
315
281
-505
210
277
-420
-126
352
71
-76
-28
86
65
-22
3
-13
-40
213
-73
-147
42
324
-241
55
82
57
-484
723
771
-1530
-310
1259
226
-1934
357
1760
-586
-1309
1302
110
-930
86
964
-603
-105
287
-165
-3
121
-20
18
-310
486
38
-329
-12
617
-489
-10
358
-136
-176
111
179
-120
-78
172
-30
26
1170
-795
-1265
1000
295
-684
-180
555
144
-611
441
518
-637
-298
707
-38
-794
347
435
-333
-250
516
-135
-148
209
108
-205
205
-4
-155
-35
386
-325
-157
91
396
-324
-219
150
710
356
-1446
122
865
172
-1654
-75
1917
-488
-1213
1184
576
-1619
80
1442
-747
-739
757
417
-629
-123
555
-49
-340
174
295
-355
196
211
-353
-126
780
-347
-370
264
504
-391
-359
328
220
-606
493
1594
-2029
-612
1498
-72
-1334
-8
1130
-269
-453
340
189
-113
-162
-28
230
-23
-135
91
-218
179
-26
64
-108
147
109
-31
-135
72
230
-325
58
130
-125
-205
171
356
-138
-308
99
1447
-765
-1670
614
1622
-925
-1629
1375
1477
-1646
-361
1475
-373
-1293
719
787
-907
-321
677
6
-340
114
188
-325
27
227
-114
-83
334
-250
-51
265
246
-490
62
393
-140
-430
222
342
-342
261
548
-1196
201
532
-406
153
-211
-230
307
-7
26
-283
-34
79
3
106
-181
87
-69
26
-106
110
-32
-114
82
331
-326
-171
330
193
-336
-75
130
153
-292
85
89
32
-180
311
963
-1422
-450
729
228
-369
-890
972
564
-1114
-101
877
-217
-1104
594
819
-858
-162
342
8
-175
-68
265
-275
340
-103
77
-252
225
129
-518
160
367
-256
-246
264
156
-427
78
177
117
424
-775
19
562
-387
-276
205
28
98
-169
511
-171
-347
-120
420
145
-535
46
502
-104
-464
158
420
-228
-286
429
263
-456
-75
336
105
-251
-155
317
-60
94
-117
-62
66
279
-69
914
-1225
-371
472
220
-376
-652
940
241
-522
116
37
71
-328
-17
510
-438
15
103
-44
13
188
-329
-16
308
67
-223
-18
138
162
-190
62
-3
16
-2
72
-179
82
141
401
-107
-1012
801
284
-411
29
-395
162
216
-192
44
16
-141
-115
294
-147
-292
490
-284
-281
496
-69
-359
237
239
-161
-177
88
250
-16
-251
213
24
-77
-58
4
93
59
-147
-252
1065
471
-2083
37
1424
-257
-1889
932
1899
-1463
-1113
1779
255
-1845
160
1480
-858
-664
744
181
-423
-114
495
-246
-232
248
270
-161
-123
-6
290
-281
168
-1
-123
-124
452
-251
-369
291
589
282
-1262
575
625
-989
-540
621
535
-683
-85
905
-364
-426
221
634
-665
-63
459
-63
-529
272
290
-125
-141
161
0
34
51
-127
-49
67
341
-238
-167
65
360
-270
-114
112
264
-576
1181
-745
-981
541
629
-182
-818
328
689
-312
-60
-49
1
49
-201
226
81
-52
-65
-178
215
129
-224
-176
117
201
-165
127
-145
261
-41
-110
-88
265
-26
-176
96
138
-181
13
114
1023
-936
-1050
1025
805
-998
-868
1289
654
-1764
505
1207
-1149
-370
734
231
-820
321
293
-284
-191
338
41
-345
84
291
-190
8
58
-123
-289
569
-134
-362
60
664
-379
-338
361
256
-133
1126
-1410
-860
1060
217
-728
-176
863
19
-613
457
-234
-403
106
105
-50
-31
95
152
-223
-21
251
-60
-385
253
153
56
-107
-94
233
-5
-331
178
5
143
-160
-66
26
103
-222
231
929
-1165
-526
885
140
-337
-522
312
628
-614
44
339
-5
-439
118
363
-109
-459
172
289
-248
-195
343
-127
6
98
-88
-238
390
-50
-152
-48
416
-247
-196
231
173
-273
-171
429
1301
-2064
-410
1493
-40
-1130
-139
1255
-213
-828
593
56
-266
-469
93
470
-195
-365
109
333
-28
-325
129
127
-140
-97
207
207
-296
-26
122
159
-263
-180
299
132
-206
-368
245
222
-55
-373
830
-203
-925
748
88
-112
-408
-111
262
335
-292
131
-61
-132
-6
376
-6
-387
105
176
-2
-177
38
137
-155
248
-196
37
-25
362
-237
-41
163
33
-115
-33
124
143
-144
-94
996
-327
-1200
352
605
-49
-1265
515
1385
-991
-761
1095
222
-1090
-195
1146
-420
-483
330
171
-104
-199
307
-169
64
84
31
-275
157
342
-409
-52
341
112
-584
141
549
-371
-330
444
130
-428
424
1006
-1654
-10
981
-440
-549
474
90
-534
293
574
-606
-258
457
-46
-190
-95
304
-356
-39
129
78
-137
17
175
79
-259
87
77
9
-114
93
-21
91
-273
187
-18
98
-159
-169
1183
-980
-1022
805
816
-652
-755
967
352
-767
596
-165
-371
-43
142
152
1
-377
70
368
-199
-253
194
-25
142
-243
112
165
-231
-21
206
118
-91
-94
-52
30
281
-160
-135
0
323
-92
1490
-1772
-923
1886
99
-1999
402
1240
-903
-334
1220
-538
-742
852
153
-938
483
331
-697
-123
492
80
-487
119
404
-55
-367
396
-6
-159
-22
349
-270
28
22
