-235
22
88
140
-182
627
-268
-994
188
887
150
-887
-194
893
-81
-331
155
81
38
-230
-57
139
-184
122
-148
-171
220
287
-262
-141
329
91
-61
-99
21
181
-65
-88
14
51
86
6
1
-69
77
22
66
-10
-324
43
294
-69
-123
72
-146
325
11
-304
216
0
-14
-16
-158
185
-38
-221
115
87
200
-2
532
-1327
108
1044
-147
-614
-96
839
-736
-50
445
-294
-151
296
-169
-228
306
-144
-422
432
9
-163
31
162
152
-261
-38
110
39
-277
221
20
-143
159
-62
-58
10
72
2
-130
-51
21
253
-78
-174
75
163
-85
112
-108
-110
217
-161
-105
16
87
19
-51
507
572
-1654
-444
1175
791
-737
-1168
677
1057
-976
-382
614
505
-375
-466
75
416
-83
-516
169
178
229
-309
-97
450
-132
-282
162
50
-267
143
-121
-40
35
-4
235
-143
-143
-1
220
31
-423
82
57
242
-261
-114
346
-126
30
103
-47
-160
148
27
-123
-151
238
-56
-72
-33
226
73
911
-1508
-307
1379
-94
-787
-702
1282
-532
-393
628
-210
-30
339
-83
-158
-64
198
-201
111
39
209
-249
-80
331
-203
-16
24
122
-312
173
193
-170
-166
262
-128
-102
54
161
-196
-30
130
328
-264
-229
258
213
-187
-199
73
256
-248
-109
10
196
-87
-65
373
55
-918
271
655
-197
-760
423
475
-755
113
338
50
-507
204
512
-390
-131
47
335
-263
-131
275
212
-272
-252
261
168
-182
-99
91
186
-240
18
190
-108
-97
179
-179
3
131
-61
74
-80
26
21
-24
50
78
-149
3
71
46
9
-164
85
231
-165
-186
202
167
-82
767
-1442
-405
1491
196
-1081
-402
1475
-404
-731
414
159
-265
-190
323
-142
-9
-154
-93
376
-265
-47
13
203
-20
-109
-54
267
-137
-272
284
118
-207
-10
170
-7
-68
-18
65
-56
-82
22
56
22
-50
-30
135
-72
117
25
-167
49
203
-216
-259
378
724
-655
-1267
1032
930
-613
-1049
823
559
-1238
393
412
-453
-222
645
142
-739
321
474
-524
-27
193
399
-346
-229
314
126
-175
-26
-8
94
-56
19
26
-215
203
126
-254
47
212
-176
-101
-20
228
-125
-175
164
254
-295
-125
125
205
-255
-184
279
70
-84
-60
-40
535
717
-1801
-270
1973
-103
-1426
-303
1749
-891
-851
1224
-93
-714
198
458
-379
-280
361
116
-425
110
225
-23
-280
353
-21
-100
93
70
-327
267
183
-358
-116
457
-125
-107
-62
155
-83
-106
168
0
-191
-70
238
-44
-79
-94
126
127
-221
-93
138
117
-110
44
246
462
-943
-152
944
178
-985
45
794
-566
-230
383
231
-337
-17
205
-189
-121
-29
190
127
-216
36
241
-245
-142
218
58
-154
-58
202
-106
142
126
-169
-99
184
-171
-50
-89
149
-2
-97
118
257
-177
-179
220
81
-297
-54
134
128
-352
-14
197
85
-187
77
969
-625
-1807
1537
987
-885
-1547
1594
569
-1687
588
457
-264
-410
450
305
-445
167
36
-75
86
-5
-10
-30
4
-40
-34
230
-21
-252
92
279
-113
-127
75
-40
71
-215
119
4
65
-58
130
-51
37
32
-138
-29
101
24
-84
-21
308
-218
-193
50
218
88
638
-1535
-320
1676
464
-1279
-525
1200
-497
-409
417
-23
-173
126
211
-203
-3
120
-67
-46
186
-91
-41
224
107
-327
-82
314
-64
-231
-1
380
-23
-199
46
228
-117
-100
155
-187
17
239
-164
-178
128
83
-109
33
91
-111
-86
69
125
-227
-12
242
1001
-1592
-168
1260
373
-1479
-182
1567
-510
-972
678
519
-555
-195
426
68
-311
10
-164
252
-178
-26
122
150
-30
-93
4
59
-81
-206
58
351
-317
-51
169
306
-350
-35
106
-46
-90
82
-159
37
127
-44
-58
-20
141
-54
-85
80
-30
-173
138
107
704
-799
-626
1052
564
-369
-1270
840
290
-1153
604
437
-291
-305
598
206
-503
189
-12
8
66
-214
18
231
-96
50
-125
172
30
-208
56
107
-100
-299
230
-39
72
-13
52
-82
78
-17
-109
-89
-79
401
-110
-245
189
263
-271
-161
134
185
-259
-176
138
155
-81
-19
207
433
-748
-114
563
153
-694
73
632
-440
-164
330
221
-473
-31
599
-283
-420
11
490
-298
-208
202
211
12
-202
52
267
-197
-155
63
224
-136
-202
327
18
-139
181
-58
-13
-206
133
-8
-110
-95
1
155
52
-130
-62
28
86
-147
-179
163
542
435
-1731
445
1267
-180
-1159
-413
1462
-981
-253
598
-213
-115
369
-1
-323
167
134
-240
44
96
-60
-50
40
4
131
-122
231
-396
47
378
-65
-188
-221
266
-90
-135
-56
278
-77
-133
43
146
-246
-24
239
17
-222
145
-32
20
57
-160
49
93
-66
-191
88
1133
-1279
-819
1453
536
-1060
-757
1387
-136
-904
482
384
-253
-337
379
332
-613
-10
366
-51
-263
79
170
134
-301
125
100
48
-139
-101
201
70
-272
103
-17
5
20
26
-69
-6
156
-14
-227
96
85
-100
-125
156
-37
-117
70
198
-290
-50
112
142
142
294
-1193
306
822
-33
-644
-65
779
-819
41
529
-432
44
297
-76
-133
291
-123
-201
125
224
-253
-11
125
111
-213
-45
188
-15
-170
206
-83
-124
227
-49
-65
-42
-16
-6
45
-88
130
-73
-32
-95
151
52
-132
-149
232
-92
-160
155
122
-298
-31
1401
-1298
-1464
1867
945
-1530
-1182
2151
128
-1551
584
613
-352
-662
585
266
-403
-91
259
28
-396
171
341
-293
86
186
-59
-174
197
-164
-141
222
112
-333
211
103
-125
64
-9
-17
-258
243
2
-171
-129
450
-19
-227
-68
242
-164
-97
72
57
-61
88
431
407
-1539
126
1388
13
-1416
19
1436
-877
-494
656
195
-541
-128
581
-203
-245
164
41
-148
149
-10
63
-52
-2
158
-87
-121
49
101
23
-158
196
-148
-66
119
-16
-33
-46
-25
84
108
-200
-109
-35
501
-261
-294
173
278
-307
-75
95
70
-140
-45
120
43
250
690
-1557
-63
1440
-12
-1209
-170
1143
-585
-156
679
-450
-102
536
-207
-487
275
290
-521
258
123
-16
5
-19
143
-205
-52
112
32
-305
196
241
-211
-176
371
-69
-196
90
40
-67
-88
37
28
191
-199
24
60
274
-206
-160
31
163
-80
-110
311
757
-1402
-363
1038
498
-1105
-416
1106
-270
-562
374
374
-240
-266
348
-121
51
-64
5
-38
147
-9
-167
192
-66
9
33
-86
-13
45
-150
222
-14
-116
61
42
-63
-222
324
-76
-265
183
74
-84
99
15
28
252
-390
140
-48
-58
0
-48
13
-76
151
-169
708
368
-2260
844
1589
-599
-1574
395
1796
-1703
-39
1128
-301
-388
166
368
-399
-32
70
-303
131
240
-306
70
303
-81
-68
130
-110
-149
146
-133
49
-170
187
133
-91
-93
66
-23
-219
153
-135
116
30
37
-206
230
-31
-143
63
114
-162
87
-37
672
52
-1550
589
1133
-339
-1407
312
1066
-923
-384
609
212
-403
-232
556
102
-359
122
-126
177
-85
19
112
-117
-98
102
38
-185
199
-62
-50
212
-192
-119
215
-54
-176
395
-166
-93
-83
221
8
-198
-2
11
153
-212
-10
-10
218
-120
-71
112
92
705
-960
-640
1005
579
-938
-708
1356
31
-1045
553
452
-446
-461
598
116
-516
100
196
-136
-38
253
-90
-302
469
-160
-110
-78
210
-57
-130
193
-195
173
-95
16
21
-25
-36
103
-50
-202
385
-226
-260
276
234
-303
162
-47
-12
169
-237
34
-8
97
-6
-147
122
854
-321
-1782
893
1619
-744
-1505
940
1008
-1576
205
1105
-491
-580
557
506
-902
139
437
-8
-265
101
57
-276
211
-51
-210
322
-19
-206
-242
315
202
-380
8
100
-64
-102
64
-144
196
-22
-49
11
96
-87
43
-57
-81
151
-84
-115
160
154
-289
-6
71
326
591
-1827
458
1338
-245
-1183
102
1208
-1057
-333
893
-205
-208
-17
552
-296
-280
325
115
-248
-66
238
196
-349
105
143
-57
65
-65
29
133
80
-180
125
69
105
-196
29
68
-26
-161
182
-15
-220
344
51
-76
-243
310
-210
-156
172
37
-66
353
489
-1041
-449
960
494
-704
-624
755
-234
-408
315
-74
17
182
60
-51
-32
-57
33
-44
78
96
31
-47
200
-91
-31
-8
34
-86
-81
341
80
-278
-54
449
-315
-208
210
-192
192
-143
27
-88
92
110
36
-120
-71
34
23
-71
-210
307
54
-234
31
248
159
-257
-561
262
378
-307
-495
454
105
-158
153
199
-264
22
234
-282
-248
64
267
-189
-216
346
9
-20
156
-316
224
79
-207
-14
-37
78
-170
256
-91
69
70
58
-211
78
-93
14
-1
-33
177
24
-152
138
111
-272
-62
26
174
-137
503
650
-2001
396
1536
-19
-1872
121
1662
-1286
-341
971
-176
-205
56
448
-356
184
-54
-397
415
38
-260
210
111
-146
114
-86
99
-235
-241
340
173
-388
-83
379
-89
-89
-50
99
10
-159
119
-165
153
-94
-36
121
8
-39
95
-82
-137
297
-216
-86
576
286
-1696
674
1103
-178
-1266
228
1146
-1055
83
391
-129
-54
-219
411
-156
-1
-184
51
-98
121
-78
30
140
-134
122
37
-102
-114
201
-157
-143
78
132
46
93
-174
-55
368
-407
-46
113
-29
-104
104
-44
-53
91
-23
99
-127
85
46
-32
206
706
-1464
-50
1205
125
-1158
-277
1288
-500
-678
625
85
-248
-217
467
-175
-210
193
-51
1
-7
92
-21
-249
454
-242
35
65
-17
88
-174
201
-53
80
-162
3
190
-235
-29
280
-156
-106
432
-364
-39
68
-127
147
-208
71
-5
118
-86
-19
1
197
-151
-84
794
-59
-2239
1525
1388
-875
-1639
993
1416
-1839
333
730
-322
-164
44
253
-283
347
-175
-455
421
77
-193
-209
275
147
-257
131
61
-151
39
50
110
-386
149
198
-209
-51
-64
207
-193
-48
84
175
-247
-23
129
126
-248
24
191
-227
156
73
-202
5
300
167
-91
-1199
308
1308
-329
-1004
246
876
-1045
60
562
-335
-200
244
201
-355
82
251
-440
155
160
210
-404
97
245
-165
-128
144
12
-343
379
141
-292
-50
236
-81
-69
-25
33
123
-246
127
52
46
-170
154
112
-144
-115
38
185
-332
218
81
-164
187
1145
-1823
-404
1766
175
-1797
-263
1680
-604
-770
666
255
-360
-18
545
-480
58
71
-212
-123
359
-174
-53
175
128
-44
-162
119
-78
0
-128
176
-239
85
42
9
28
-92
281
-138
-293
117
288
-305
-51
129
171
-158
34
-32
153
-274
108
70
528
-20
-1326
280
1090
191
-775
-535
881
283
-734
-145
443
-131
-84
-121
112
91
-151
71
62
-278
172
133
-200
80
94
-190
200
-194
261
-81
-336
247
-13
226
-354
27
185
-77
-13
-61
-10
286
-310
-21
332
-145
46
-129
33
252
-295
175
58
-171
16
7
222
-42
-244
54
172
8
-143
50
1013
-716
-1838
1202
1511
-287
-1706
-633
1884
-357
-1173
734
245
-215
-335
529
-133
-141
16
-136
136
127
-37
-294
337
269
-363
91
140
-175
-189
138
91
-297
174
129
123
-231
12
282
-221
-201
59
65
-240
238
82
-193
79
36
-104
212
-319
-36
138
83
884
-1108
-1184
1062
1290
-99
-1577
-170
1556
-524
-1274
588
702
-150
-536
196
543
-222
-454
373
48
-350
263
-227
134
-73
-24
84
-162
40
134
-124
16
-147
12
248
-93
-264
153
-56
-7
-97
38
245
-252
-9
66
320
-229
-170
102
134
-1
-290
169
-59
262
-227
-76
298
-135
67
597
-58
-842
-183
650
347
-657
-837
875
235
-690
221
600
-380
-387
362
83
-311
-6
133
-106
91
143
-188
110
60
29
-129
124
-8
80
-235
156
167
-231
32
49
238
-299
-43
74
32
-128
39
-29
32
62
-2
-34
-62
194
28
-300
110
207
-278
509
68
-1092
244
924
-63
-1177
257
679
-449
-285
312
163
-178
-78
34
51
149
-303
-19
61
41
108
-335
156
308
-191
-107
53
171
-312
160
187
-238
34
198
-40
-166
177
-80
-163
-90
448
-200
-287
208
283
-259
-151
149
141
-254
-111
173
-12
20
389
530
-1460
73
1193
-50
-1086
-200
1338
-805
-309
671
48
-303
-45
253
-262
-7
77
-166
78
74
160
-291
93
259
-103
-207
151
91
-187
44
154
-346
111
142
64
-169
134
136
-20
-285
90
180
-156
-45
112
-27
-66
68
178
-211
-211
143
298
560
-558
-1417
1048
1358
-706
-1496
1206
764
-1613
270
855
-463
-490
728
281
-928
315
459
-576
-86
372
118
-346
166
142
-118
20
-23
34
-168
54
134
-80
-176
262
162
-317
-91
346
-119
-157
65
222
-169
41
-33
64
-20
-126
74
-17
-105
40
133
5
-152
-56
133
581
361
-2035
500
1723
-363
-1465
203
1613
-1429
-579
1348
-200
-823
285
656
-569
-57
125
111
-246
150
76
-92
45
75
-114
148
15
-140
-209
563
-108
-464
205
350
-92
-432
153
399
-386
-352
245
285
-278
86
1
129
-37
-57
-13
136
-116
-139
256
890
-1098
-974
1435
736
-1133
-947
1563
-64
-1316
666
786
-703
-346
794
20
-681
385
112
-185
-187
364
102
-405
407
-62
-369
277
138
-298
-88
384
-88
-180
18
459
-277
-362
350
171
-452
-30
415
-183
-77
242
-34
-223
210
-86
-127
-13
221
-12
-244
38
1013
170
-2483
1003
1839
-766
-1494
333
1788
-1860
-46
1158
-243
-377
76
684
-319
-319
50
222
-223
-133
139
313
-221
45
14
17
-99
-127
-87
147
75
-37
-100
188
147
-219
-64
354
-283
-284
227
-204
-242
290
274
-277
-244
188
210
-185
-202
78
374
614
-315
-1396
1005
925
-606
-1112
774
534
-1360
835
480
-706
62
344
10
-590
579
15
-542
240
254
-143
-311
501
159
-549
35
381
-232
-251
406
165
-468
119
305
-127
-237
195
21
-237
-78
293
-64
-299
170
308
-152
-89
-40
312
-214
-131
114
208
564
-370
-1593
1313
894
-810
-1155
894
677
-1359
599
378
-313
-160
215
60
-456
448
-202
-76
-1
360
-140
-280
541
-20
-328
4
453
-274
-255
317
115
-374
118
409
-170
-405
322
-6
-266
-119
347
-56
-212
101
372
-120
-219
136
145
-208
-39
8
756
-123
-1299
479
973
-238
-1017
405
853
-1233
43
806
-453
-251
169
366
-303
215
-27
-56
128
-33
-63
-54
199
-74
-169
219
21
-184
-228
623
-109
-482
162
385
-268
-295
202
312
-340
-224
307
79
-182
167
-34
8
-54
-41
47
-46
23
-88
131
69
346
589
-2125
532
1613
-358
-1542
77
1628
-1459
-69
1144
-512
-325
428
220
-622
124
306
-311
-98
300
135
-340
174
167
-71
-216
216
-77
-182
129
222
-150
25
30
-41
-73
144
10
-294
23
277
-115
-200
126
166
91
-86
-255
322
51
-329
-21
705
448
-1832
323
1382
-145
-1008
-137
1053
-984
-132
891
-459
-199
283
469
-498
43
304
-9
-282
67
55
31
87
-49
-123
93
115
-127
-220
21
442
-138
-309
216
232
-432
-62
221
133
-364
3
333
-144
-202
155
157
-114
-87
107
3
-83
193
-17
-280
347
992
-932
-1333
1513
669
-1324
-921
1638
92
-1236
602
356
-377
-160
466
-34
-197
9
-20
1
-222
428
-69
-271
131
160
-146
-19
58
-185
47
110
98
-240
40
276
-108
-267
113
255
-392
-27
171
-53
-202
186
258
-248
-219
257
238
-364
-266
207
333
507
-533
-1289
1145
874
-762
-1042
842
500
-1394
713
588
-715
-174
568
-93
-453
475
-87
-221
198
137
-1
-197
296
174
-427
-86
326
-36
-346
100
294
-15
-352
267
76
-354
162
201
-320
81
294
-310
-24
7
118
-108
-21
130
-118
-160
156
193
-265
-46
536
870
-1905
73
1562
27
-1822
-36
1893
-1161
-462
725
384
-546
-105
435
-120
-269
-51
-22
-32
109
-54
14
303
-69
-160
-26
415
-365
-318
301
217
-298
-152
346
226
-387
-123
333
-56
-168
130
-125
-10
124
37
-97
200
-53
-163
21
146
-68
54
663
-1130
-533
1183
413
-890
-595
1285
-343
-688
395
135
-79
-205
172
79
-140
136
17
-81
51
98
40
-349
362
-84
-227
214
134
-250
22
213
109
-267
-116
150
186
-327
-4
152
140
-194
-39
139
32
-50
33
-185
124
74
-100
-98
279
-76
-259
132
1123
-919
-1478
1431
860
-942
-1125
1490
342
-1424
599
696
-610
-254
613
115
-612
265
207
-173
-239
483
0
-312
492
-118
-452
284
95
-306
-60
351
-56
-222
27
471
-261
-357
255
233
-330
-121
229
117
-279
-51
227
44
-100
52
-107
98
24
-160
-51
721
206
-1564
219
1333
-29
-1165
-99
1093
-848
-89
607
-200
-159
69
457
-424
-48
237
8
-171
-107
205
180
-253
111
50
34
-134
14
-75
50
193
-56
-248
208
235
-356
56
138
-193
-73
194
73
-248
-52
288
-27
-196
13
114
-173
127
-57
-107
54
192
389
466
-2002
581
1484
-630
-1207
183
1491
-1488
43
914
-283
-121
102
244
-371
72
-24
-412
489
296
-447
-137
549
67
-377
66
167
-47
-232
33
82
70
-90
189
-79
-37
148
-23
-169
97
-17
-240
78
234
-149
-98
131
197
-295
-151
77
124
-142
567
-838
-186
541
296
-361
-645
609
-265
-62
56
6
184
-91
5
91
72
-87
-64
102
40
-152
104
117
131
-376
27
393
-100
-337
97
236
-161
34
47
-6
-148
171
-27
-165
-101
198
-33
-88
71
90
-138
-3
166
-157
-56
-10
82
-7
-138
78
771
489
-2742
1149
1699
-476
-1866
310
2111
-1793
-219
737
116
-206
-119
583
-311
-98
24
-124
-142
268
17
-252
245
377
-432
29
220
0
-411
143
150
-232
23
242
-189
52
81
-233
-111
277
-48
-169
-106
256
84
-161
3
431
-190
-306
115
283
-252
-117
555
495
-1699
385
1305
-271
-1252
260
1261
-1189
-207
837
35
-687
198
739
-462
-494
613
23
-317
65
356
-172
-198
323
-43
-96
37
-53
-15
-169
109
81
-52
-89
256
43
-231
-154
319
-75
-274
141
285
-155
-191
126
194
-176
-168
180
221
-274
-117
100
592
705
-2398
357
1967
-306
-1791
300
1823
-1512
-385
1267
-86
-585
169
788
-554
-262
289
58
-112
-155
240
105
-5
-9
-139
191
-220
-6
-156
305
-70
-192
153
312
-170
-222
206
63
-297
3
103
92
-247
17
235
-30
43
6
-99
86
70
-239
-135
754
366
-1536
-41
1482
18
-1088
-189
1046
-941
-298
739
83
-371
109
606
-372
-122
246
112
-240
-176
274
159
-205
92
-16
36
24
-171
-49
310
-88
-173
-115
201
-16
-85
114
63
-151
-94
188
0
-112
-98
154
245
-345
-33
196
72
-162
-35
32
183
21
514
169
-1641
555
1206
-268
-1634
724
1034
-1118
254
495
-365
-324
285
131
-324
167
-125
-71
40
55
-68
176
105
-109
-31
91
-134
45
25
-30
-69
44
95
-68
-37
142
-46
-136
-82
271
-130
-35
1
118
39
51
-98
32
7
-33
-20
3
260
672
-1109
-987
1480
858
-1100
-1639
1653
186
-1127
588
405
-123
-484
618
51
-332
144
-36
-17
-83
121
52
9
277
-275
-95
172
66
-384
-11
341
55
-224
40
115
-132
152
-82
-192
74
223
-200
-48
112
327
-179
-209
89
128
-149
-104
70
173
-215
4
159
96
490
381
-2447
1151
1593
-865
-1249
594
1254
-1731
448
1001
-785
-284
620
191
-730
95
345
-297
6
71
263
-300
200
-19
10
37
-160
-9
41
249
-213
-279
550
-132
-444
104
435
-412
-242
364
200
-410
63
209
4
-157
44
193
-176
-133
209
83
366
484
-1802
202
1290
-233
-1235
112
1241
-1118
129
367
-354
-34
97
16
-228
417
-200
-66
254
-59
9
146
-61
-90
45
43
57
-197
14
249
14
-215
89
67
-139
-55
269
-179
-42
115
186
-272
-54
25
119
-89
-121
72
324
-165
-187
82
486
606
-1587
-202
1443
103
-1206
-256
1425
-513
-737
1044
-106
-484
-43
761
-472
-549
461
237
-265
-143
234
215
-293
-48
142
125
-273
153
-111
76
46
-7
46
-122
30
-49
188
-158
-46
110
71
-259
164
108
-112
-91
199
-225
-82
61
198
-162
-90
152
191
659
-722
-1093
1189
714
-911
-691
1123
59
-1241
713
345
-608
-215
638
-198
-452
574
-192
-280
127
291
-142
-154
55
160
-154
-202
42
205
-75
-107
13
116
76
-81
-77
298
-236
-243
206
220
-272
-126
286
85
-356
52
199
-46
-144
89
23
147
-30
-113
569
693
-1607
-368
1646
-120
-1728
247
1730
-917
-760
728
506
-723
-175
552
-22
-606
326
58
-174
-48
106
344
-261
-54
221
-95
-55
-72
78
-113
118
-84
22
-4
104
8
3
-60
107
-84
-180
15
109
-7
-205
143
245
-174
-174
147
67
257
652
-1606
-81
1527
-47
-1161
217
1268
-1320
105
692
-427
-362
761
109
-759
122
475
-364
-101
-23
337
-171
-208
176
192
-233
-55
146
104
-25
57
-170
153
-103
-134
46
155
-169
119
-100
157
41
-172
-16
101
36
-215
117
53
-45
-132
30
192
-139
485
493
-1991
518
1404
-377
-1418
285
1370
-1094
-46
561
-174
-107
19
91
-175
105
-15
-184
92
33
52
-97
-60
330
-95
1
-139
302
-131
-12
12
-32
110
-96
-91
232
-211
-212
139
238
-212
-68
78
144
-73
-183
135
234
-224
-233
149
266
-188
653
-808
-581
780
511
-568
-854
1132
-60
-674
536
178
-311
-124
311
-55
-41
120
-351
343
60
-196
218
-164
-129
279
-20
-239
-68
237
77
-220
131
-127
208
-157
-239
225
46
-255
-17
113
-27
125
-284
11
243
-238
136
-49
-131
16
98
69
-245
-19
147
181
-188
557
-14
-982
56
805
133
-551
-688
804
263
-715
142
462
-46
-214
-134
141
187
-242
-105
29
18
64
27
36
21
-91
261
26
27
-222
-52
373
-263
-145
-3
154
20
-128
87
-88
319
-77
-260
64
151
-40
-216
9
262
-245
-92
108
94
-192
-60
104
140
-156
1089
-1476
-878
1566
500
-768
-1244
1685
-281
-944
768
121
-214
-245
490
-28
-217
102
-34
64
200
-210
-123
272
114
-338
166
118
4
-311
91
288
-261
46
79
-180
107
157
-188
-231
46
162
-121
-129
114
203
-163
-4
-80
179
-85
-24
-46
48
653
-199
-1634
1105
799
-632
-1012
788
529
-1223
669
372
-463
-343
526
35
-441
26
345
-254
-107
158
142
-136
22
58
11
-31
87
50
-138
-4
152
-212
118
77
-98
-86
210
-223
-101
121
77
-179
-12
34
298
-117
-110
19
169
-13
-56
-203
971
53
-1916
773
1288
-327
-1787
922
1024
-1463
186
912
-452
-630
576
301
-569
244
170
-95
-45
-7
100
-94
135
-128
-75
264
-214
1
-81
415
-29
-296
75
194
-213
-151
155
145
-285
46
139
-65
6
32
-120
87
73
-315
-13
156
39
-96
-79
1008
-420
-1542
899
1119
-699
-1419
913
809
-1189
229
649
-144
-594
299
514
-574
-357
355
202
-231
-209
355
312
-457
78
176
-45
-149
162
-147
62
100
-52
25
-48
34
-75
36
-42
25
-113
18
114
-116
84
86
26
24
-48
-102
227
-32
-330
103
706
526
-1885
-156
1788
100
-1493
-305
1472
-799
-847
1054
120
-534
52
706
-497
-128
181
69
-158
121
134
-221
154
70
-245
244
72
-223
-161
382
30
-416
1
313
-136
-142
199
186
-357
-20
317
-129
-231
103
266
-255
-15
194
-101
-156
200
-51
-125
134
724
-557
-1255
1056
676
-867
-859
1085
357
-1306
452
748
-389
-486
465
349
-461
-217
303
26
-283
31
477
-418
-129
333
95
-368
-26
281
-45
-224
36
115
-2
101
-13
-113
178
69
-277
25
131
-139
-100
63
208
-97
-140
70
196
-206
-140
58
719
-181
-1675
821
1261
-515
-1495
828
908
-1545
175
922
-330
-589
324
588
-475
-91
176
95
-97
-181
100
163
-148
-51
-158
162
90
-119
-17
285
13
-268
63
204
-271
-67
259
81
-270
150
30
-127
34
8
-59
35
-44
-122
-14
238
-69
-226
69
1172
-1184
-1222
1427
656
-1082
-1142
1554
252
-1436
686
684
-451
-648
641
273
-651
-31
167
138
-205
-192
359
89
-280
41
81
14
-42
-1
-89
325
-149
-207
201
159
-168
-135
122
74
-216
18
128
67
-43
27
-78
172
59
-281
-23
383
-286
-322
228
415
597
-1017
-1090
1570
659
-882
-973
1163
259
-1385
1138
254
-597
-107
777
-355
-391
594
-82
-427
330
176
-142
-115
187
-63
6
22
-152
220
-52
-3
0
-269
229
14
-103
-133
295
-31
-104
-74
181
-12
-67
26
221
-192
-110
5
192
-190
-58
118
247
-189
210
363
-706
-146
706
151
-965
72
671
-347
-273
299
179
-164
-75
253
-73
-232
35
125
32
-271
197
37
51
47
-35
-83
-28
162
-186
-60
164
85
-164
20
91
176
-164
-101
-25
121
-35
-89
5
183
-141
-59
38
35
-108
53
-82
78
118
677
-145
-1846
979
1372
-259
-1629
430
1480
-1462
-28
667
-296
-218
142
315
-521
330
-120
-142
85
61
-162
80
414
-403
-91
411
-100
-273
59
239
-141
-76
-16
77
-116
136
-16
-89
-114
473
-106
-424
123
419
-158
-226
188
141
-308
8
108
-25
-39
160
689
-1146
-407
1277
412
-1306
-379
1274
-251
-567
347
210
-112
-188
360
-159
-108
42
-203
87
84
-158
70
-85
174
-10
22
36
-33
-74
79
-124
10
-5
102
-101
131
-48
-37
-59
183
-143
-168
54
327
-141
-202
182
196
-133
-87
-66
136
-27
523
277
-1990
518
1768
-220
-1643
-29
1766
-1186
-729
884
271
-616
-30
715
-197
-257
32
174
-115
11
159
-154
246
-6
-241
151
-131
121
-175
107
106
-153
57
45
-74
43
-56
43
-140
14
292
-196
-84
215
187
-365
-22
88
147
-157
-279
223
209
-94
744
-942
-779
1253
532
-1005
-817
1570
-197
-1087
746
370
-331
-174
291
48
-330
188
-71
-126
-23
228
24
-403
256
379
-170
-137
24
125
-130
59
-60
-38
-16
-6
104
43
-79
-151
183
23
-184
107
111
-32
-27
78
28
37
-79
-125
145
100
-140
-121
782
-602
-1051
1101
779
-805
-1039
944
274
-781
326
621
-320
-353
301
189
-421
-100
190
306
-419
-128
440
-78
-251
111
189
-234
60
36
-160
321
43
-251
23
138
-190
17
42
38
-86
36
194
-69
-92
117
174
-322
20
196
-220
121
59
-237
540
978
-2324
-29
1933
81
-1899
-91
2138
-1184
-997
1065
399
-670
-77
572
-36
-430
124
45
146
-253
48
149
165
-139
62
-36
74
-141
-182
156
311
-358
5
166
65
-37
-7
-62
50
-55
-233
33
169
-104
-105
174
160
-61
-72
-5
53
9
-70
497
299
-1238
87
1336
257
-1574
15
1476
-782
-904
778
604
-821
-313
774
-43
-624
361
93
-30
-236
159
105
-126
119
24
-219
149
126
-233
4
332
-326
-117
159
28
-47
-33
-41
126
99
-240
2
-38
213
-120
-139
65
236
-126
-107
-78
162
-58
-41
-100
837
183
-2209
780
1768
-869
-1682
896
1249
-1921
192
1325
-410
-838
483
765
-774
-290
419
-36
-242
-114
369
52
-202
152
-134
173
-82
-115
-88
170
42
-121
17
160
27
-114
19
15
-153
45
-14
179
-213
26
63
149
-59
-129
175
41
-249
326
793
-1360
-247
846
472
-1147
-471
1193
-299
-803
512
454
-443
-395
625
115
-416
221
71
3
-244
133
-50
219
-147
-10
-86
61
237
-189
29
-33
69
-63
-40
-109
290
-14
-251
141
157
-189
22
2
-105
207
-60
-33
-29
151
-150
-100
7
320
147
363
-1433
331
1228
-379
-1305
347
1382
-1227
-333
938
-28
-568
62
761
-468
-230
148
-102
-32
22
217
-82
-101
328
-198
104
-120
-10
-143
232
-192
-148
84
187
-20
-148
117
274
-251
-136
93
177
-154
-36
42
147
-96
-32
-62
41
39
-161
-102
295
48
527
-738
-459
884
338
-532
-547
650
-241
-105
185
-34
33
9
91
-178
204
-76
-103
225
56
-264
262
-121
56
96
-5
-197
121
47
-253
77
347
-236
-180
148
144
-139
-243
245
224
-296
-200
219
212
-169
-53
64
119
-238
-25
88
25
-117
12
351
722
-1558
-89
1602
-110
-1558
111
1759
-1317
-536
986
168
-727
108
858
-497
-202
167
92
-136
-37
210
21
-39
-41
26
142
-150
-116
-40
314
-247
-244
293
186
-209
11
98
47
-57
-215
111
38
-157
-87
78
226
-114
-114
-83
215
-70
-221
-114
562
412
-1449
-144
1558
1
-1403
88
1118
-859
-376
974
-207
-578
480
235
-548
-58
404
-38
-211
166
57
45
-8
-85
177
-83
-108
111
13
-87
-37
250
-115
-69
144
41
-201
49
-72
-18
-32
127
-120
21
108
270
-200
-205
49
260
-101
-279
27
389
-141
-215
580
120
-1773
624
1231
-195
-1617
562
1286
-1500
-27
863
-242
-476
362
495
-459
-413
512
167
-292
-96
436
49
-262
93
190
-27
-281
85
38
6
-33
-135
174
132
-221
38
116
-195
42
229
-324
116
211
-258
9
95
75
-240
125
153
-55
-272
174
1008
-713
-1410
1122
1134
-622
-1294
863
936
-1629
272
843
-337
-570
431
634
-765
-61
383
174
-469
38
333
-142
-66
153
-117
-13
254
-258
32
178
-52
-73
88
-101
22
203
-88
-332
322
83
-204
-89
263
-95
-109
-54
159
-108
-137
200
289
-346
-186
1149
-181
-1733
869
1136
-457
-1746
1009
1259
-1450
92
726
13
-623
371
280
-387
-148
204
76
-31
-58
301
-177
22
111
-89
-121
193
-206
-32
113
84
-119
37
138
71
-111
-192
-16
168
9
-208
16
227
-73
-65
98
5
44
2
-142
120
69
-284
410
921
-1423
-1125
1846
685
-1419
-872
1859
-279
-1535
886
734
-649
-444
784
207
-870
440
89
-79
-46
36
212
-238
148
108
-234
42
117
-112
-109
354
-228
-129
84
146
-123
-81
51
220
-182
-218
180
230
-287
-88
243
30
-229
35
99
-122
54
97
-53
443
442
-1523
74
1506
-268
-1558
440
1358
-1178
-195
1090
-339
-729
273
679
-550
-317
363
280
-451
-9
276
109
-104
-77
-36
236
-57
-177
-72
285
-157
-245
213
72
-134
76
10
10
20
-104
-32
-117
128
55
-145
32
169
-18
-112
-90
304
-57
-149
752
-497
-1605
1375
1142
-788
-1705
1343
990
-1970
523
884
-352
-926
819
614
-1000
71
557
94
-453
82
339
-121
-78
43
46
13
-147
50
-4
183
-39
-324
304
-66
-145
93
31
-154
54
70
-36
-59
123
-79
-6
14
273
-204
-261
217
235
-179
-251
215
270
418
-427
-1542
1213
990
-994
-1103
1383
260
-1526
667
686
-748
-276
741
-75
-525
131
324
-233
-35
-5
329
-276
-74
122
248
-169
-162
133
158
2
-309
-28
389
-77
-222
-40
363
-293
-107
140
55
-118
27
4
86
-29
-49
49
286
-257
-105
192
51
403
148
-1504
676
887
-428
-820
383
722
-1286
462
454
-517
-76
212
-121
-32
115
78
-299
-10
407
-511
150
136
29
-161
138
-26
-67
155
6
-15
-99
88
-61
-61
161
-12
-143
130
85
-80
12
40
-176
171
-63
-126
-68
233
-199
-29
987
-59
-2090
1276
982
-1371
-851
1823
-300
-798
1101
422
-843
-34
463
-55
-321
73
162
-151
45
-119
164
60
-13
24
20
-139
118
-186
102
152
-172
-114
351
-227
-116
353
-249
-145
82
180
-195
-42
124
82
-116
4
-34
181
-143
-41
-38
94
-80
40
300
514
-1611
-27
1512
-56
-1297
48
1392
-1009
-641
824
36
-572
57
706
-448
-303
329
111
-3
-278
229
416
-536
76
164
3
-280
49
192
-154
-111
202
11
-158
166
-4
-110
16
136
-235
-56
34
91
-143
93
166
-84
-186
60
213
-189
-133
4
283
1128
-1505
-1098
2254
1
-1803
-471
2232
-778
-1494
1122
773
-784
-424
736
188
-527
-58
226
92
-370
108
127
2
40
-14
109
-107
147
5
-265
-72
137
-9
-115
-79
-132
405
-36
-264
216
120
-48
-81
-8
115
9
-222
59
55
152
-67
-127
148
81
