50
-579
67
692
9
-609
-63
645
-37
-771
-20
712
5
-709
350
689
-273
-818
508
2358
370
-4092
-1391
2592
694
-1611
-401
1721
1046
-1067
-1135
675
645
-602
-465
405
430
283
-505
-372
389
426
-276
-388
140
370
-5
-295
-223
341
465
-438
-566
294
760
-122
-828
61
937
88
-813
-131
780
-218
-715
180
691
-214
-838
460
446
62
456
937
-1970
-1759
1363
1026
-972
-23
759
-392
-398
684
-231
-583
634
293
-661
112
620
-453
-364
546
273
-623
-178
752
132
-781
63
917
-336
-997
608
989
-916
-678
1158
432
-1225
-158
1138
-238
-977
747
475
786
457
-2469
-737
1904
-758
-1942
1487
2208
-1154
-1957
2115
1077
-2762
-12
2230
-565
-1514
779
881
-968
-441
1127
53
-981
99
846
-240
-813
298
773
-597
-486
735
210
-677
160
707
-182
-621
48
677
-240
-759
365
728
-726
-560
1753
312
-1413
282
-122
-980
409
635
-640
-215
1059
-109
-692
715
21
-704
439
615
-952
-87
1064
-289
-726
348
545
-338
-494
267
476
-244
-438
288
398
-470
-198
730
-3
-634
314
451
-485
-156
686
-56
-743
213
720
342
-117
-765
-413
-224
395
-76
-771
868
805
-997
-350
967
-123
-1005
600
597
-956
-216
844
-227
-763
537
543
-755
-248
834
165
-891
-99
1065
-159
-1095
322
1189
-280
-1078
548
835
-846
-561
1051
1
-974
584
543
-693
-253
1431
290
221
-1325
-2311
1344
1691
-1047
-1236
1819
859
-2125
275
1275
-934
-787
999
564
-1146
-168
1182
-357
-799
388
844
-527
-559
945
223
-962
97
987
-540
-744
884
481
-1004
-85
1101
-201
-927
555
671
-573
1413
803
-3353
-837
2505
-497
-2576
1694
2483
-1697
-1347
1830
172
-1881
747
1267
-1282
-369
1307
-330
-962
585
761
-809
-440
807
226
-815
-345
1001
-7
-971
211
1150
-635
-844
1082
381
-1176
-75
1117
-390
-910
710
586
-775
486
1419
-1102
-1753
647
693
-759
395
812
-507
-393
859
-242
-914
586
392
-800
-37
873
-365
-584
493
447
-608
-165
759
-36
-833
118
980
-296
-769
420
671
-479
-564
875
473
-838
-297
942
-3
-880
417
591
-804
416
2579
-1518
-3785
1460
1479
-812
-673
1034
620
-1164
268
707
-896
-69
640
-140
-352
184
165
-369
125
426
-335
-432
562
297
-488
-71
669
-132
-764
577
518
-929
-385
1098
69
-1043
379
866
-776
-575
991
61
-212
1182
659
-3310
-569
2050
-318
-600
577
661
-1078
280
811
-1146
88
1028
-598
-577
981
211
-1234
241
1157
-600
-918
651
775
-718
-459
728
470
-826
-451
974
180
-988
64
949
-442
-860
703
506
-936
-306
996
-241
-674
2472
502
-4353
-454
2443
-274
-1653
960
1747
-1403
-434
1398
-492
-1132
643
964
-671
-686
668
211
-631
171
601
-468
-491
823
447
-940
-276
1214
-260
-1162
724
822
-841
-638
1053
441
-1135
-25
914
-443
-198
1397
19
-1249
-1229
43
855
402
-280
-373
561
122
-834
-238
908
-159
-614
380
450
-404
-421
353
368
-463
-333
691
168
-636
-5
564
-87
-437
138
593
-324
-449
408
632
-712
-600
848
324
-936
-94
1010
-240
-985
1839
1167
-3439
-767
2481
-192
-1857
1015
1634
-1291
-832
1304
-10
-1129
343
630
-412
-185
335
-187
-480
474
241
-542
-155
604
-15
-726
205
777
-555
-687
862
361
-836
-197
823
-97
-778
532
273
-584
15
689
-363
-74
1702
-501
-2150
145
553
-145
442
994
-802
-613
1137
-234
-1017
584
541
-521
-5
497
-321
-206
432
34
-406
-33
398
-139
-278
229
307
-299
-286
576
214
-789
0
897
-196
-692
386
558
-508
-308
736
36
-848
458
2448
-1296
-3782
1484
1246
-537
-277
90
1052
-617
-172
572
-227
-186
-197
103
619
-416
-459
487
457
-585
-197
513
-38
-547
189
572
-266
-442
268
382
-300
-356
688
314
-920
-75
1044
-408
-873
741
626
-1017
655
1964
-574
-3351
-69
1751
-253
-626
651
605
-806
-92
573
-454
-212
241
91
-13
47
-164
-39
285
141
-401
-88
563
50
-559
-95
800
-126
-862
364
681
-554
-471
741
241
-752
-97
559
-261
-536
604
404
1279
-473
-3061
454
1258
48
-804
73
1605
-565
-893
993
138
-1004
69
1055
-359
-749
573
460
-539
-232
435
333
-403
-293
540
262
-705
70
530
-12
-414
173
425
-130
-314
-54
532
-124
-627
199
550
-544
-525
648
624
238
-531
-964
-119
-293
152
267
378
76
-712
339
786
-933
-580
1020
284
-974
23
968
-174
-903
213
849
-496
-533
640
451
-692
-249
862
-132
-690
470
501
-652
-203
754
-152
-855
608
512
-662
10
698
1695
-820
-3309
566
966
-295
151
283
607
-397
-375
264
290
-533
-367
829
266
-710
-33
780
-258
-759
388
614
-328
-504
336
524
-301
-453
322
501
-388
-456
504
444
-593
-133
663
-212
-636
491
434
-695
290
969
-322
-725
-619
-166
128
623
293
-620
78
520
-484
-564
465
182
-343
-158
371
101
-418
315
252
-479
-225
472
144
-622
150
610
-463
-390
752
157
-803
-63
794
-85
-954
486
635
-679
-258
823
103
-696
2648
-596
-5150
2166
2090
-1626
-563
1286
755
-1888
746
1222
-1648
-43
1276
-530
-898
992
599
-1296
0
1190
-396
-948
851
690
-720
-542
842
388
-938
-224
1111
-122
-1060
636
734
-826
-285
836
-250
-837
1263
1435
-1315
-1290
1182
-702
-1716
2371
656
-1699
-145
1107
285
-1675
529
1192
-1025
-57
863
-293
-716
532
343
-626
-347
664
118
-671
-2
694
-105
-781
260
767
-329
-622
294
650
-370
-466
177
432
-214
-289
434
119
-609
519
1523
-1241
-1556
1311
-245
-1383
691
933
-780
-308
1311
-119
-1209
868
498
-942
138
651
-537
-469
840
117
-713
86
589
-31
-454
142
297
-282
-263
485
113
-848
312
946
-754
-681
1132
255
-1168
311
946
-502
768
522
-2304
-424
1199
286
-453
276
655
-734
57
392
-826
-116
748
-66
-561
451
336
-573
-87
543
-53
-667
44
784
-264
-717
650
660
-714
-544
891
327
-1022
186
732
-571
-299
642
-109
-513
531
97
-686
1832
1026
-3728
-304
1784
-828
-690
1335
1107
-1509
-138
1611
-582
-1041
713
477
-446
41
370
-221
-256
463
85
-471
-163
558
-46
-510
83
680
-279
-632
593
560
-744
-445
910
189
-860
-205
766
110
-832
1167
1033
-986
-709
-352
-387
-3
689
172
-528
721
322
-899
-287
865
19
-792
349
514
-391
-343
565
169
-552
-105
722
-140
-544
211
505
-352
-238
403
125
-428
-208
649
-66
-551
272
620
-487
-575
789
89
124
601
-1333
-652
814
-168
-173
-228
1066
-553
-819
986
251
-1049
11
1142
-229
-855
609
523
-763
16
902
-154
-782
264
799
-210
-723
164
823
-341
-804
502
692
-639
-575
943
263
-892
-34
647
-236
-583
600
702
-532
389
129
-2281
451
1329
-836
-404
1153
35
-1193
647
785
-1504
-148
1482
-446
-919
951
370
-1044
-15
869
-400
-626
624
444
-530
-275
810
227
-1026
-102
1273
-415
-1112
871
692
-1202
-205
1132
-271
-920
739
1801
-1381
-2044
1788
543
-3031
1269
1624
-855
-832
533
1111
-1136
-480
1012
-253
-482
717
-192
-567
445
299
-623
137
467
-320
-232
456
129
-466
-62
558
68
-459
-81
505
5
-463
188
328
-458
-336
836
-222
-313
631
307
-293
-466
-782
-9
202
555
-306
-140
645
-63
-427
74
329
-306
-154
402
125
-283
35
418
-199
-324
193
358
-200
-305
295
331
-359
-345
712
245
-662
-242
843
-44
-732
267
633
-391
-414
534
1280
-482
-2008
494
915
-665
-494
583
843
-623
-855
1076
513
-1400
-91
1295
-247
-895
189
614
-314
-372
576
181
-514
-252
713
96
-802
198
658
-538
-387
770
78
-802
339
679
-795
-530
1082
166
-1009
278
1197
746
-996
-1529
-25
122
260
465
-281
121
-104
48
278
-646
-130
428
114
-466
58
445
-323
-243
214
322
-108
-331
-10
543
15
-587
-97
670
-103
-501
188
354
-362
-92
437
-95
-431
482
264
-478
1516
1510
-4065
-1403
2968
-10
-1627
475
1641
-1024
-884
1691
-103
-1423
608
1034
-531
-691
620
172
-677
-44
655
-287
-514
356
632
-480
-420
493
402
-662
-188
640
22
-488
-65
666
11
-791
-41
928
271
344
431
-1559
-1189
417
647
-169
-141
939
-204
-530
622
-113
-793
276
814
-416
-691
563
447
-506
-290
292
313
-347
-262
470
18
-461
21
440
-73
-362
112
428
-294
-465
332
390
-502
-142
634
-148
-716
988
1875
-2196
-1855
2000
-252
-1975
1419
1116
-1003
-610
1386
177
-1491
584
624
-728
39
530
-477
-338
672
57
-657
50
728
-275
-504
370
636
-515
-630
877
356
-1056
-193
1220
-115
-996
404
698
-558
-635
979
200
-323
2532
-743
-4270
1031
2176
-975
-1141
1482
1019
-2135
668
1411
-1488
-641
1360
61
-1165
677
761
-773
-449
917
65
-852
258
585
-283
-413
446
415
-642
-251
1035
-85
-966
430
759
-799
-372
999
-181
-964
1275
2125
-2844
-1748
2452
-564
-1303
1049
802
-723
-601
1321
-259
-861
736
-35
-527
660
242
-917
42
1021
-264
-865
414
745
-452
-648
612
579
-902
-325
1192
23
-1185
221
1171
-559
-859
689
442
-880
-260
947
-157
-802
1146
961
-1077
-798
-127
-339
193
751
-348
-562
668
476
-973
12
586
-545
-128
420
-220
-182
198
64
-376
82
326
-146
-123
329
122
-386
-166
644
122
-779
91
885
-427
-759
826
395
-1015
-56
1010
-373
-50
1459
-1705
-1493
1862
-387
-1342
916
1061
-979
-675
1484
-315
-1055
929
595
-714
-160
589
-150
-526
394
355
-483
-373
507
324
-483
-389
767
33
-637
323
502
-387
-232
540
72
-532
-66
575
-110
-676
418
793
-775
-54
1551
-429
-2036
416
1051
-646
60
979
-415
-630
979
-93
-1157
695
587
-758
17
814
-399
-645
777
307
-865
-36
954
-128
-885
593
737
-676
-659
935
298
-1117
265
830
-394
-438
356
205
28
1722
-1447
-2850
2268
327
-905
632
759
-517
-931
1275
223
-1575
635
957
-690
-310
865
109
-849
212
828
-378
-668
510
549
-444
-440
729
25
-867
295
908
-309
-780
317
909
-385
-930
401
614
-470
-451
956
1141
-932
-390
1150
-2167
-1370
1908
489
-1270
-157
1791
-559
-1190
1220
101
-1009
238
864
-387
-663
687
272
-690
-129
832
-140
-793
171
753
-330
-608
380
564
-496
-181
420
283
-372
-168
508
-48
-413
124
368
-326
-230
527
819
372
-1049
-808
-434
816
633
-1393
289
1212
-639
-592
776
225
-1002
43
1027
-334
-964
476
530
-569
-242
690
-147
-635
221
916
-515
-837
802
681
-847
-378
911
240
-896
-179
1017
-197
-988
445
899
-585
212
1692
-1200
-2140
580
611
-638
304
805
-684
-97
1203
-630
-787
947
183
-885
211
991
-464
-626
582
368
-571
-224
556
183
-577
-116
794
-152
-736
392
795
-779
-578
1051
230
-1112
-31
995
-385
-784
1329
2265
-2529
-2701
2240
611
-1357
247
1056
-122
-797
313
424
-640
-196
261
31
-34
-60
-68
-62
312
-178
-314
227
422
-337
-418
542
141
-651
-74
804
-71
-647
309
490
-368
-517
580
220
-736
210
661
-455
1191
1572
-3992
-1308
2795
378
-1293
214
1871
-1100
-1607
2039
41
-1613
613
993
-727
-517
963
-110
-812
474
443
-684
-72
678
-68
-461
171
771
-483
-736
687
790
-949
-530
1167
25
-1115
452
794
-675
-518
791
1600
-501
-2550
415
913
-1021
18
519
377
-408
-443
567
126
-423
-200
297
499
-280
-424
358
230
-347
-199
407
143
-358
-91
733
-78
-550
101
623
-292
-340
391
229
-426
-302
652
-39
-644
109
1459
42
-899
-14
-885
-916
908
978
-938
-359
1153
88
-945
193
632
-355
-322
494
60
-566
170
347
-357
-277
526
80
-476
22
618
-187
-583
240
499
-482
-464
613
434
-836
-167
1031
-248
-808
784
1345
-1337
-1483
1442
524
-507
-571
254
656
-225
-432
-110
473
-236
-854
639
859
-902
-145
749
-158
-554
136
571
-268
-403
128
491
-117
-544
149
572
-419
-397
691
154
-711
47
704
-358
-719
416
539
-724
-79
1408
-33
-733
-788
-678
279
544
246
-538
116
715
-426
-371
309
-48
-183
169
176
-121
-154
75
249
-227
-208
380
233
-415
-163
647
-41
-752
108
935
-185
-847
396
729
-583
-591
767
109
-699
339
446
-454
628
1458
-2030
-1655
1905
390
-1632
404
1485
-695
-686
941
55
-1048
347
430
-350
-99
424
-203
-597
524
261
-480
-136
562
-113
-408
252
362
-365
-280
642
58
-751
85
799
-123
-920
193
822
-358
-660
597
400
-275
678
662
-1409
-1222
408
517
-292
68
420
-166
52
474
-484
-318
467
14
-460
198
554
-317
-405
365
279
-439
-171
402
39
-357
-119
475
69
-428
-48
472
-11
-499
238
393
-512
-289
663
-14
-571
251
420
-585
626
1658
-1771
-1843
1629
49
-1479
497
1739
-726
-1153
1437
156
-1435
396
874
-559
-592
735
140
-813
346
495
-519
-367
799
17
-735
337
621
-553
-427
1055
270
-1178
98
1005
-438
-789
608
262
-593
77
320
16
1227
747
-3390
-851
2033
314
-1217
535
1476
-1548
-469
1494
-815
-940
1130
371
-979
259
798
-632
-434
744
143
-692
47
765
-177
-397
185
569
-374
-574
604
446
-959
-193
1161
-149
-1055
230
884
-235
-733
528
332
172
603
-739
-899
597
-816
-232
531
481
-151
-806
1167
187
-1107
376
878
-429
-629
403
449
-580
-226
429
243
-364
-380
618
352
-659
-259
770
7
-789
33
799
-314
-553
476
335
-525
-209
952
1337
-593
-2605
-234
1055
619
-254
-552
1001
98
-921
303
388
-470
-187
452
428
-430
-120
279
178
-203
-58
72
162
-156
-92
281
6
-165
85
113
258
-151
-274
269
331
-523
-306
703
89
-570
-38
477
626
24
-774
-390
343
-454
-188
348
168
15
-252
89
507
-330
-659
407
822
-554
-777
503
758
-732
-521
849
266
-781
45
992
-279
-742
467
525
-626
-346
611
218
-573
-95
804
-205
-674
622
432
-794
-5
1172
465
-720
-1407
-261
487
499
-416
-227
1041
-662
-638
901
-235
-686
332
584
-489
-272
713
-185
-609
273
613
-390
-525
445
716
-470
-641
704
476
-861
-267
1081
-87
-1085
456
874
-607
-592
755
343
-927
725
2560
-1919
-3423
1585
891
-521
-411
341
988
-774
-39
411
-266
-36
-233
200
469
-597
-204
410
287
-459
86
722
-263
-513
404
370
-415
-206
467
177
-530
-130
869
-124
-834
433
904
-868
-684
1166
440
2
423
-836
-849
-312
548
-3
-196
791
-92
-477
520
52
-761
274
754
-700
-161
828
-32
-701
237
580
-279
-475
195
635
-184
-592
269
775
-459
-583
531
385
-734
-212
916
-47
-722
273
519
-371
619
447
-1845
-617
1394
290
-1477
445
1661
-1181
-889
1546
1
-1329
354
941
-340
-596
628
164
-532
26
479
-149
-520
270
500
-548
-358
712
168
-742
-32
885
-247
-896
445
676
-525
-628
738
432
-956
-124
1202
478
-1018
62
-167
-1501
635
991
-445
-173
584
30
-404
212
-211
-366
653
46
-621
46
615
-140
-570
413
372
-480
-363
710
241
-654
-9
720
-192
-624
405
401
-549
-354
693
-119
-677
436
561
-684
-459
1421
629
-2289
7
1657
-648
-140
-410
308
285
-240
-242
61
678
-449
-592
975
115
-961
450
778
-652
-542
697
467
-731
-421
757
301
-706
-232
842
258
-963
-78
1153
-331
-955
495
745
-749
-561
818
293
-755
174
1732
2
-2554
464
559
-1009
505
1112
-462
-448
930
-27
-1259
770
673
-1200
221
881
-662
-512
799
110
-883
151
825
-381
-633
532
460
-563
-257
911
-48
-933
325
926
-573
-705
981
462
-1286
76
1266
-481
-830
2320
-463
-2815
1245
541
-858
36
744
-223
-780
865
232
-1026
499
284
-637
336
730
-652
-609
1003
202
-914
-74
917
-76
-630
267
542
-392
-567
690
432
-735
-125
778
-171
-526
580
58
-704
1086
1948
-2211
-2713
1574
868
-1197
416
1137
-522
-798
880
-59
-1195
580
582
-670
44
576
-432
-347
617
17
-603
103
722
-321
-496
433
734
-545
-680
786
413
-1168
-149
1180
-159
-1001
495
731
-844
449
2674
-2291
-2682
2051
145
-1099
658
940
-269
-965
994
98
-1386
528
804
-678
-344
629
103
-569
-29
616
-263
-534
302
477
-361
-304
312
185
-355
-10
379
-131
-377
94
392
-248
-389
207
526
-348
-506
1110
895
-535
-808
-923
-585
728
572
-435
132
811
-350
-383
498
-166
-525
459
333
-538
-151
319
93
-407
81
283
-119
-206
116
451
-96
-522
66
622
-176
-616
416
449
-558
-428
750
8
-740
336
572
-194
2313
-923
-4796
1422
2211
-1135
-741
1488
1037
-2154
31
1502
-900
-992
1248
543
-1272
4
910
-303
-634
420
409
-653
-124
779
-143
-632
417
518
-642
-284
937
-92
-982
337
935
-527
-604
658
334
-636
1971
833
-4440
-955
2648
509
-1866
303
2317
-1390
-1147
1590
-74
-1315
481
741
-711
-140
804
-339
-478
405
329
-515
-34
459
126
-367
-267
515
173
-551
-106
668
-147
-583
122
465
-405
-390
422
342
-494
-270
883
1148
-879
-1258
678
-509
-953
883
170
-38
74
238
-17
-315
217
-186
-215
688
-46
-635
199
452
-288
-148
304
92
-440
150
463
-350
-264
692
-185
-408
254
198
-55
-296
-109
651
-40
-692
284
668
-537
-329
1505
783
-1777
-1391
640
128
-33
132
144
221
-218
-104
63
-6
-262
-140
450
-77
-571
326
511
-338
-323
297
400
-211
-356
33
533
-130
-411
155
317
-201
-210
421
-69
-432
353
307
-547
-44
744
-50
493
906
-1874
-952
964
98
-388
-5
1071
-365
-864
950
-21
-1037
245
659
-52
-485
405
268
-491
-119
584
-130
-552
354
478
-569
-381
793
216
-771
-77
915
-52
-912
239
766
-467
-617
591
269
-686
735
1533
-689
-2544
-127
1146
282
-778
-17
806
53
-670
-151
469
40
-387
83
566
-217
-389
360
196
-368
-35
328
100
-339
-124
447
80
-322
-120
597
-175
-541
610
385
-898
-183
984
-252
-914
569
1391
362
-1899
-508
683
-989
397
553
-257
23
102
282
-317
-205
59
-160
384
-120
-526
149
606
-314
-594
484
533
-569
-409
771
225
-800
-120
1000
-27
-982
181
765
-460
-483
642
253
-650
85
726
-468
632
2126
-2996
-2953
2754
1755
-2445
-609
2522
-140
-2595
1599
1264
-2174
-97
1773
-446
-1421
1044
949
-1378
-444
1432
-77
-1079
354
842
-357
-707
811
509
-969
-316
1215
-236
-1142
854
772
-1200
-209
1118
567
352
-1693
-950
876
-456
-142
564
369
200
-497
88
366
-591
-74
352
98
-405
-135
525
5
-582
134
780
-297
-549
432
831
-477
-786
699
521
-911
-357
1077
70
-927
79
886
-469
-866
827
337
-791
258
2155
-435
-3220
834
1136
-919
249
618
41
-342
220
253
-966
583
368
-743
194
695
-305
-476
637
87
-703
218
572
-483
-258
479
335
-468
-387
736
191
-867
99
904
-351
-823
712
528
-715
-89
2116
-100
-3271
530
1181
-950
212
590
124
-397
266
85
-494
281
10
-449
473
141
-462
-21
436
25
-491
-158
531
205
-536
-113
583
-17
-583
172
692
-564
-475
865
152
-651
-49
534
-383
-685
1649
1122
-2275
-1076
1210
-121
-300
316
136
-184
220
209
-499
81
353
-438
81
361
-158
-165
261
-94
-317
191
352
-428
-253
742
204
-746
58
808
-62
-873
479
676
-662
-385
863
-118
-611
351
2434
-548
-4668
1648
1962
-1116
-491
612
708
-802
-137
711
-562
102
330
-319
280
419
-312
-520
730
317
-667
-334
728
32
-634
113
589
-187
-643
490
500
-678
-356
860
-85
-752
277
598
-579
-225
1473
161
-1240
-736
260
-121
-254
913
-193
-384
448
74
-569
-376
413
127
-119
192
30
-117
-127
266
-24
-359
-84
418
23
-507
64
694
-315
-558
478
450
-504
-420
655
268
-855
-114
782
-135
-473
329
1916
-1138
-2256
1346
554
-1811
281
941
3
-471
129
415
-507
60
168
-289
273
293
-511
-137
562
-149
-340
199
345
-390
-129
477
21
-485
-24
607
-330
-557
539
479
-650
-302
948
-201
-1018
603
1711
312
-2470
-867
1334
-182
167
-225
217
361
-742
461
220
-404
-90
214
444
-389
-245
372
143
-231
-218
252
352
-374
-241
386
429
-427
-442
641
334
-759
-174
815
-160
-598
211
475
-531
-202
811
43
903
-329
-2273
445
1448
-565
-836
670
1244
-1225
-739
1443
-114
-1502
282
961
-439
-692
606
429
-793
-125
784
-251
-603
593
436
-646
-254
775
102
-772
163
587
-606
-282
733
66
-813
210
715
-427
-569
887
1128
-893
-420
91
-1362
420
1123
-652
-305
821
-79
-618
337
-6
-573
430
472
-733
-89
784
-302
-638
220
742
-333
-561
485
610
-539
-459
715
261
-773
-142
811
-107
-602
202
430
-456
-398
830
-35
-777
875
2710
-2486
-3453
2870
689
-1610
406
1256
-257
-1242
1008
404
-1270
325
777
-423
-283
482
-66
-541
212
433
-498
-214
677
21
-685
172
539
-260
-525
226
602
-443
-476
436
577
-432
-561
684
215
-842
867
2029
-1442
-3009
1188
850
-766
319
859
-5
-687
800
-136
-1161
684
533
-922
-45
892
-209
-586
582
215
-548
-96
457
119
-444
-163
583
153
-643
71
773
-455
-557
828
237
-871
82
711
-430
-578
954
57
-30
1105
-1782
-1360
1296
244
-496
-474
1459
-299
-1066
1091
426
-1325
52
1268
-377
-938
704
609
-788
-205
1093
-102
-1054
312
1007
-483
-605
523
509
-604
-517
980
258
-833
-122
1097
-68
-1120
483
646
-230
560
417
-1126
-1349
583
417
-531
696
186
-558
300
466
-824
-523
1097
-89
-802
515
650
-636
-439
907
85
-858
29
824
8
-781
202
761
-404
-599
857
137
-873
241
835
-540
-601
874
370
-1007
329
1164
1262
-1956
-2032
1639
-369
-360
574
81
264
-408
8
239
-141
-167
-127
536
110
-736
150
649
-340
-503
404
423
-490
-365
676
311
-754
-150
817
-26
-790
-21
921
-208
-759
567
472
-630
-172
672
-105
622
1015
-2536
-832
1458
-36
-1081
475
1441
-962
-578
1306
-547
-1088
779
740
-945
-161
1025
-199
-713
218
503
-284
-454
406
500
-503
-323
592
320
-757
-97
1046
-216
-932
513
789
-570
-689
802
543
-970
-274
827
746
-159
-1463
-199
746
-60
-387
-421
846
237
-815
-117
895
-268
-936
570
653
-805
-452
888
91
-856
109
810
-331
-590
452
468
-535
-320
639
186
-697
-143
787
-94
-892
367
640
-715
-288
773
-205
-270
993
32
-825
-615
76
124
-270
656
-101
-609
583
-19
-644
-32
537
-244
-454
726
-1
-625
418
514
-550
-377
479
486
-465
-406
443
572
-504
-474
915
148
-817
142
930
-379
-705
682
496
-913
-51
545
269
1143
-1252
-1308
814
-1058
183
489
419
-149
-594
793
210
-510
-106
280
120
-83
-350
-28
307
-72
-295
366
-36
-212
246
146
-231
30
329
-179
-209
127
389
-329
-373
355
484
-479
-326
634
67
-666
405
1718
-543
-1975
539
232
-889
716
703
-227
-94
53
-163
22
250
-310
-87
685
-219
-430
445
141
-547
-36
679
87
-609
-3
703
-127
-477
164
469
-402
-386
624
105
-669
219
486
-493
-416
880
-125
104
2085
-1506
-3099
1284
1156
-929
-193
1502
261
-1709
638
966
-1451
-649
1429
168
-1055
257
802
-574
-345
937
-51
-821
259
752
-427
-490
583
348
-522
-242
750
191
-793
-229
858
49
-965
172
819
-570
-479
703
1566
-279
-2367
309
442
-1111
234
772
166
-246
77
237
-178
26
-135
-154
495
-13
-565
193
570
-514
-421
700
142
-606
-88
806
-173
-746
317
680
-603
-535
776
334
-885
-41
1037
-271
-976
501
1088
95
-1195
-258
600
-578
-181
626
-229
-298
431
-154
-228
175
-98
-463
220
595
-470
-384
598
127
-517
154
553
-332
-587
491
429
-564
-236
521
183
-209
-72
389
109
-409
7
391
-66
-426
218
428
-490
-176
472
427
581
-642
-1749
99
524
51
-395
235
894
-742
-440
974
-236
-826
313
577
-457
-453
501
197
-549
-120
583
-105
-602
339
634
-396
-544
845
166
-906
196
793
-367
-660
564
572
-945
-366
1060
-53
-912
528
466
397
1363
-2249
-2471
1932
1132
-1376
-173
1618
18
-1800
1084
740
-1849
196
1334
-550
-897
825
355
-963
220
913
-471
-593
706
414
-649
-349
809
39
-857
286
802
-529
-506
931
293
-826
24
717
-323
-522
651
501
481
259
-1850
-865
763
787
-158
-528
1062
-244
-1086
635
77
-606
28
736
-16
-832
411
423
-604
-18
586
-183
-560
246
853
-564
-603
799
397
-720
-245
728
-3
-731
71
770
-204
-564
490
501
-591
265
1633
-698
-2733
871
463
-1504
1307
1115
-516
-333
554
-175
-1066
677
452
-944
419
407
-665
-143
643
-22
-560
211
236
-203
-147
37
216
-222
-302
417
276
-635
27
903
-304
-811
589
522
-739
-278
884
208
-562
941
781
-1609
-1543
876
703
-612
342
288
-320
46
383
-675
-306
949
-313
-827
625
342
-674
4
585
-45
-639
200
743
-357
-602
466
505
-602
-214
496
143
-536
-7
747
-365
-600
530
428
-600
-276
2024
1677
-4699
-1005
2633
-729
-441
558
958
-797
-58
1066
-853
-422
858
-167
-435
539
38
-578
97
586
-223
-364
223
490
-351
-269
441
183
-504
-143
668
51
-715
190
865
-314
-591
312
529
-412
-306
507
667
-206
-542
-184
279
-575
-305
387
177
60
-280
353
236
-422
-273
165
141
-116
-224
-29
527
-125
-497
267
462
-368
-252
673
36
-617
174
466
-254
-238
272
202
-328
-268
691
-115
-658
419
730
-662
-582
1515
1040
-2328
-146
1086
-1138
-140
1075
-22
-921
660
637
-777
16
396
-382
102
707
-660
-258
931
-17
-802
248
751
-261
-761
342
656
-488
-562
771
384
-961
-190
1166
-267
-958
696
500
-687
-250
708
1211
-487
-1920
-236
715
-71
-17
-4
474
133
-891
318
510
-432
-419
543
500
-717
-235
803
-18
-562
94
583
-327
-515
495
347
-701
-220
904
-159
-742
200
681
-328
-597
701
391
-907
-183
1093
-43
-964
1558
1098
-3070
-162
2318
-1169
-1520
927
1096
-856
-209
1138
-621
-519
813
-292
-533
817
61
-742
384
459
-453
-160
510
111
-464
-106
597
127
-602
-91
750
-182
-777
574
421
-943
-61
871
-362
-650
564
664
-63
-81
429
-1654
-1257
1953
683
-1350
187
1482
-958
-744
955
-181
-742
610
529
-686
-65
634
-272
-552
490
400
-549
-220
589
146
-817
131
924
-283
-832
310
711
-581
-510
831
309
-813
-284
1019
109
155
179
-1025
-435
353
358
-925
27
1216
-401
-636
1058
-138
-1033
299
749
-646
-594
778
363
-975
-333
1208
3
-988
32
902
-258
-765
552
519
-555
-297
761
199
-820
35
883
-450
-744
937
315
-920
-7
1201
185
-1172
938
-207
-2045
493
987
-321
-492
728
2
-521
614
-159
-428
347
221
-588
-80
828
-480
-508
643
461
-544
-319
896
147
-1064
122
1061
-369
-782
527
736
-674
-635
922
131
-708
31
822
-305
663
801
-2609
-629
1928
-89
-711
367
1085
-1298
-372
1650
-552
-1181
848
723
-824
-230
840
-87
-737
387
587
-574
-154
718
136
-830
158
562
-358
-321
675
221
-907
88
835
-468
-721
849
373
-326
742
345
-1293
-903
827
-96
-895
913
526
-856
507
814
-1052
-529
992
-154
-731
430
486
-580
-369
841
-67
-919
102
870
-347
-784
348
709
-539
-507
694
288
-673
-92
740
-104
-820
126
703
-222
-597
507
568
896
-908
-1221
812
-265
-778
190
484
406
-437
166
380
-251
-225
-139
325
312
-714
-113
626
-230
-348
369
301
-577
-148
778
-110
-646
315
499
-557
-393
673
274
-836
149
772
-531
-616
851
248
-432
1311
-503
-2180
1051
707
-975
-53
1081
-250
-884
1203
-160
-1337
868
656
-1041
-70
995
-140
-907
347
764
-481
-578
549
664
-583
-310
812
160
-718
53
707
-388
-412
578
275
-526
-252
719
-168
-658
374
527
-581
719
1041
-2152
-525
1778
-956
-1009
1149
790
-1043
-422
1737
-647
-1233
987
354
-776
114
636
-497
-385
692
117
-627
77
640
6
-632
4
830
-158
-720
347
776
-538
-714
810
357
-844
-107
734
-36
-510
1214
641
-1833
-429
1095
-1006
-398
1120
-155
-950
924
839
-1236
-238
1314
-440
-1052
1174
313
-1221
160
975
-411
-721
453
601
-557
-307
742
56
-609
137
809
-502
-670
827
457
-1069
-184
1248
-159
-1118
698
712
-800
972
-87
-1670
379
896
-424
-1372
878
951
-1129
257
812
-716
-467
621
-52
-508
424
259
-647
-28
514
-47
-279
-67
406
69
-558
267
620
-492
-512
710
228
-664
90
617
-452
-391
625
-20
-438
246
1213
-134
-1396
296
-89
-998
378
320
-93
53
445
-135
-156
211
-8
-205
129
23
-182
-134
266
-14
-254
12
297
-134
-234
242
295
-479
-87
698
-118
-665
78
757
-131
-850
264
665
-409
-486
653
188
-335
1488
-653
-1709
612
-630
-70
227
547
163
-920
943
488
-1003
-37
561
-213
-331
167
230
-279
-100
294
263
-411
26
312
104
-374
-134
506
17
-428
21
270
-184
-294
332
218
-627
-279
792
-138
-687
462
1216
-537
-405
-79
-1262
-536
1564
146
-1244
827
938
-890
-251
685
-170
-582
527
315
-571
-161
747
-154
-574
275
501
-512
-429
530
417
-686
-255
887
31
-760
-36
830
-54
-635
487
324
-559
-218
651
-101
-112
1550
-799
-1445
893
-518
-1055
917
833
-861
-644
1657
-156
-1676
881
900
-979
-143
1004
-389
-636
505
315
-520
-10
537
-49
-327
27
433
-54
-424
329
545
-581
-490
917
151
-909
167
772
-418
-790
1195
1220
-1289
-1146
1414
-436
-1315
598
662
-122
-531
204
369
-204
-370
334
407
-233
-236
299
149
-468
-50
129
121
-46
-359
157
362
-281
-340
338
224
-384
-162
362
-46
-423
100
599
-270
-439
333
685
-15
-666
-109
-108
-643
723
128
-679
536
484
-662
-258
617
-200
-367
510
195
-359
-89
385
-119
-269
320
88
-362
-17
591
-28
-744
207
971
-442
-744
635
603
-967
-341
1171
-251
-1083
677
545
-146
387
435
-1018
-547
48
-389
-63
1019
-95
-860
1247
300
-1508
159
1199
-805
-838
1023
318
-1126
16
1142
-496
-760
574
777
-555
-505
782
273
-698
-96
691
-137
-623
359
494
-538
-434
867
-27
-767
271
1295
312
-2005
79
1068
-1607
551
952
-317
-394
111
445
-646
70
231
-307
306
224
-172
-140
361
-39
-436
33
588
-242
-431
257
414
-203
-398
495
294
-471
-128
640
147
-704
40
729
-408
-543
693
311
-675
58
1783
-103
-2387
332
489
-533
630
339
-459
-76
157
-316
-395
733
-47
-569
608
311
-566
-135
625
-151
-492
279
446
-350
-312
478
141
-469
-245
672
-20
-710
290
597
-656
-395
1004
49
-1059
413
1348
862
-2230
-1162
1864
-1346
-548
1545
35
-206
-203
546
-384
-254
418
-278
-6
618
-240
-654
691
381
-833
-55
871
-290
-564
482
489
-555
-581
917
360
-733
-221
788
-57
-725
456
427
-727
-211
814
-281
-111
1905
-351
-2644
547
700
-1724
600
1867
-585
-1570
1489
1063
-2361
55
1928
-939
-1060
1261
434
-1278
-75
1279
-402
-1045
636
830
-652
-641
619
628
-914
-365
1068
87
-1035
88
1135
-296
-1095
413
796
-514
-614
2367
-134
-3921
907
1968
-1274
-251
960
46
-1056
490
729
-1026
-369
698
-11
-307
333
102
-511
23
670
-327
-697
452
640
-662
-319
766
-4
-604
68
668
-204
-449
208
400
-356
-258
450
-52
-704
732
1644
-298
-1987
-121
699
-1710
692
1275
-749
-220
712
583
-1344
-156
1155
-654
-350
675
23
-409
147
404
-348
-318
650
-9
-452
77
437
-54
-561
228
597
-585
-693
832
368
-849
-243
818
-176
-811
653
507
495
-471
-1104
422
-105
-241
274
-28
307
-151
-171
405
36
-480
-252
695
126
-875
244
765
-437
-483
711
398
-771
-47
632
-108
-422
228
463
-304
-441
646
67
-730
158
768
-371
-528
661
121
-809
1503
1886
-2762
-2391
2095
659
-1489
504
1163
-388
-495
882
-391
-634
643
30
-554
501
438
-670
-150
711
-57
-578
307
439
-506
-347
677
449
-887
-246
1125
-142
-1097
738
702
-800
-394
751
29
-642
906
2497
-3712
-2364
3568
-390
-1361
