-2569
528
1339
-676
-663
-161
610
406
-429
-268
433
410
-317
-788
424
828
-217
-738
-133
572
360
-620
-461
840
279
-533
-366
563
288
-323
-466
214
540
-188
-667
44
912
25
-712
-76
680
280
-622
-584
531
367
977
-1186
-1706
1794
1061
-1350
-747
1104
-15
-855
308
772
-366
-603
90
221
112
-61
98
-120
52
233
-165
-54
210
-270
-100
254
95
-350
9
261
-43
-75
-178
277
40
-369
69
282
-92
-359
174
343
-190
-359
1378
-120
-1737
569
604
-406
-340
-249
1140
-304
-699
827
192
-629
-224
730
223
-780
79
619
-106
-649
281
700
-299
-611
521
505
-660
-412
860
140
-810
75
809
-371
-551
405
457
-652
-534
787
123
386
-382
-1752
1716
362
-1438
477
926
-691
-451
884
165
-851
9
360
253
-239
-119
124
222
-149
-200
378
-216
-318
465
242
-367
-256
422
120
-312
-234
235
222
-278
-162
346
-112
-220
-89
507
-324
765
-815
-1134
1571
40
-995
-53
461
125
-101
-434
171
367
-358
-196
326
34
-193
-203
70
310
-218
4
-71
211
100
-128
-181
60
70
-101
109
24
-95
-142
339
183
-557
-123
782
8
-507
-39
530
990
-1027
-1189
1650
-282
-792
456
588
-468
-616
851
176
-568
-144
90
363
-65
-143
-39
224
160
-310
149
71
87
4
94
-71
25
153
-210
-186
562
139
-429
-177
576
69
-477
-33
411
-61
-367
599
1186
-2006
-186
1165
-242
-928
217
809
-438
-102
341
-42
-370
-241
392
146
-351
-110
180
232
-526
-83
553
-157
-576
343
397
-445
-343
487
98
-286
-141
406
152
-523
38
697
-98
-492
45
676
-131
-11
-65
-728
837
-519
679
-121
-1209
1339
150
-814
171
182
-41
-537
317
370
-224
7
-254
483
-295
-294
265
52
-134
-37
147
258
-190
-221
111
196
141
-247
-370
468
110
-288
-204
387
174
-329
-133
2305
-2116
-1805
2259
11
-1414
-105
1110
356
-1254
437
793
-457
-804
165
1055
-337
-810
294
687
-110
-736
550
605
-602
-353
794
250
-670
-258
734
272
-827
-139
1022
-107
-718
227
759
-472
-453
692
102
-67
-651
219
384
67
8
-748
705
178
-936
537
301
-644
-93
387
93
-283
224
-1
-286
137
25
9
-271
53
228
-10
-353
-19
469
-117
-516
323
524
-308
-622
548
484
-578
-152
584
240
-565
1053
-134
-1583
117
969
-186
-527
10
403
366
-666
83
539
-717
-382
797
317
-828
-411
847
225
-711
-270
804
-15
-624
75
474
-226
-465
275
450
-324
-298
252
417
-275
-131
167
176
-236
-153
221
78
1093
-1773
-309
2027
-543
-1246
-30
1136
11
-1046
712
225
-574
-182
289
305
-546
213
88
-39
-33
-119
284
-119
-269
123
223
-105
-246
295
81
-471
229
479
-326
-549
655
377
-494
-408
636
156
-408
903
-1126
-501
449
551
-121
-678
-35
822
-236
-440
280
148
-478
51
663
-45
-503
209
565
-101
-552
128
649
-174
-258
70
320
-105
-281
37
399
-118
-256
-43
334
34
-409
9
335
-242
-92
73
156
-179
1579
-1483
-907
1288
-498
25
-530
402
768
-826
-1
497
270
-692
-369
960
-7
-401
9
160
302
-317
-56
183
-22
-51
196
80
-21
-268
160
62
-137
168
-122
-94
372
-73
-325
160
76
189
356
-983
428
-126
-183
497
-655
346
239
-341
463
-20
-245
-140
321
170
-278
140
-50
59
171
-39
-124
112
126
57
-92
119
11
-193
54
232
55
-236
-183
451
123
-528
-222
583
15
-369
3
745
771
-1882
224
764
-245
-567
-322
1538
-37
-1346
609
798
-711
-744
689
617
-699
-169
253
313
-432
-108
496
-156
-471
201
597
-311
-514
482
233
-657
105
551
-347
-621
484
597
-624
-492
479
954
-362
-1481
636
498
-376
13
25
-163
24
-97
380
-4
-471
-142
348
293
-255
-142
149
69
44
-92
135
-77
0
372
-124
-289
172
319
-33
-286
300
102
-140
-23
196
-7
-439
275
410
-165
-460
-25
1311
486
-2879
1281
832
-817
-405
-564
2111
-388
-1478
654
441
-138
-851
363
842
-520
-210
194
297
-143
-466
354
176
-501
61
505
-155
-247
199
210
-432
30
503
-217
-543
431
554
-457
-613
486
1300
-548
-2166
1382
952
-1200
-542
670
412
-654
-40
541
38
-946
177
1002
-449
-678
640
389
-482
-176
718
-17
-520
444
456
-484
-503
749
309
-547
-462
792
323
-932
-65
912
-38
-761
169
788
-307
-557
272
1519
-1077
-1824
1951
446
-1676
-211
1651
53
-1628
1062
776
-871
-496
438
701
-320
-314
202
348
-265
-197
522
70
-624
108
630
-223
-636
577
312
-526
-5
588
-185
-369
377
331
-384
-500
600
342
-274
587
-1244
-35
554
110
130
-576
62
594
-546
7
243
-343
-141
31
498
-208
-167
137
116
50
-363
100
365
-140
-152
237
204
-215
-201
512
250
-511
-81
511
28
-187
-144
296
-35
-414
259
919
419
-2710
831
1808
-1575
-371
681
-501
101
587
-198
-453
107
176
-1
12
-99
-90
144
29
-101
-26
189
-42
76
126
-135
-36
338
28
-137
-229
405
127
-406
-70
493
-58
-488
-14
674
-208
-500
1100
-606
-598
-16
238
450
-736
186
512
-130
-104
-82
-49
-9
49
101
-67
50
-55
137
90
-253
-77
469
56
-336
-113
453
10
-408
-132
652
-81
-490
-46
471
-25
-399
-10
325
-109
-275
238
1179
-1556
-778
1811
-127
-1056
199
659
-233
-460
36
503
-90
-614
177
635
-234
-599
414
547
-322
-471
424
437
-577
-269
678
159
-495
-71
532
28
-382
361
279
-450
-260
547
213
-476
-256
661
195
-944
1236
996
-2777
-424
1680
271
-1074
-381
843
306
-1008
170
882
-342
-864
395
882
-565
-670
547
558
-559
-339
768
111
-593
346
490
-368
-626
598
606
-621
-665
903
421
-857
-280
898
120
-816
137
1153
152
-2289
989
828
-850
283
-283
21
798
-486
-8
-48
-260
163
134
232
-360
218
276
-151
-132
-65
182
-283
-28
173
7
-216
-51
249
128
-416
185
391
-316
-398
436
256
-503
-167
696
70
-997
1634
126
-2186
295
579
312
-723
-510
1367
-86
-439
66
314
15
-514
511
389
-411
-217
454
319
-522
-310
697
131
-665
30
731
-214
-564
26
665
-119
-599
126
643
-197
-408
39
466
-90
-234
164
936
-1557
-123
1012
126
-705
-224
1639
-1564
-371
1426
-402
-701
-201
739
309
-779
-4
485
236
-569
-356
918
-221
-521
124
508
-280
-372
192
253
-196
-264
427
59
-370
-139
518
62
-576
59
606
-73
-777
903
1384
-2203
-698
1588
173
-1016
46
718
244
-1011
91
975
-299
-726
176
769
-209
-667
228
429
-187
-223
262
208
-356
119
429
-67
-559
294
763
-576
-571
705
347
-452
-196
580
70
-683
524
1532
-2343
-258
1344
-328
-315
198
153
-155
-83
402
-82
-400
-216
468
435
-275
-213
300
188
-445
123
438
-228
-538
343
577
-389
-517
564
380
-348
-348
526
106
-436
-23
478
-165
-519
285
383
387
188
-1910
1004
815
-1404
-14
665
120
-726
560
626
-637
-176
437
284
-210
6
85
-87
215
-36
25
-52
-8
492
-96
-182
42
204
38
-294
-47
371
-154
-273
175
271
-95
-197
-114
384
50
-479
30
1522
-1660
-686
1633
-157
-793
239
870
-975
-297
995
-66
-681
-185
469
360
-535
-468
628
297
-763
-241
873
-81
-698
-111
781
-55
-764
163
568
-155
-374
225
382
-347
-316
499
144
-586
-19
410
1116
-1325
-1238
1614
474
-1217
162
182
205
-526
83
757
-508
-609
361
605
-183
-550
370
230
-228
-38
43
142
-328
137
369
-295
-517
461
411
-524
-399
767
216
-738
26
807
-224
-707
394
804
-549
237
-58
-847
137
589
76
-1080
637
771
-1013
-174
673
-1
-709
-100
525
270
-428
-424
598
138
-540
-30
323
15
-429
-3
535
-267
-328
62
362
10
-208
-63
171
29
-114
13
194
-213
-24
52
1607
-1197
-1536
1508
-62
-653
-571
909
624
-1254
223
618
-465
-827
286
982
-406
-870
317
754
-375
-655
760
223
-515
-61
621
-81
-716
131
539
-239
-404
333
363
-371
-307
636
332
-823
-170
1007
-52
-981
772
869
-1587
-34
526
285
-384
-592
1046
183
-1009
181
578
-410
-634
735
538
-592
-281
589
92
-624
-138
605
-65
-569
147
731
-208
-626
199
579
-396
-491
335
213
-367
-234
648
-14
-492
-13
1769
-1115
-1941
1163
999
-899
-425
530
817
-686
-708
1168
25
-1114
-194
1092
-71
-939
67
689
-176
-607
492
285
-505
-162
482
130
-623
-205
818
-38
-551
138
413
22
-278
42
435
-210
-338
177
194
904
-449
-2025
1783
490
-1166
197
375
-194
-29
121
-5
-301
48
44
-140
114
82
-47
-174
-217
149
290
-403
-280
429
164
-318
-278
440
118
-383
-204
453
10
-345
-25
374
-53
-306
251
-22
527
-192
-950
569
-75
-226
199
266
-274
35
485
-297
-353
147
51
55
-15
122
-238
-76
326
-122
-43
-267
252
70
-169
-36
50
58
-213
-101
508
-129
-278
104
421
-81
-577
303
548
-390
-697
1731
-211
-2002
777
924
-109
-1678
392
1501
-849
-493
436
445
-492
-640
758
313
-288
-649
378
606
-721
-351
742
15
-682
18
897
-167
-756
175
735
-230
-495
71
543
-129
-417
118
349
-104
-258
106
76
580
672
-2020
626
969
-1096
-402
861
-59
-506
510
400
-522
-346
321
186
-208
-466
13
245
-110
-302
130
201
-221
-58
218
115
-247
-207
111
211
-293
41
183
-105
-89
208
216
-321
-251
508
26
-26
511
-1342
548
1
212
13
-821
1147
278
-764
292
-14
-117
-332
170
281
-188
146
-216
334
112
-304
42
214
13
-216
110
310
-261
-203
99
296
-112
-373
-59
482
-143
-215
-32
255
77
-445
14
747
946
-2391
395
1779
-1144
-913
846
563
-941
23
1032
-455
-785
66
737
-21
-947
341
431
-132
-370
188
458
-286
-331
323
170
-249
-178
94
327
-325
59
276
-173
-143
430
21
-400
-255
666
60
-1135
1794
-422
-2831
2011
1154
-1459
-505
520
675
-245
-433
248
398
-295
-506
629
484
-484
-161
314
281
-316
0
324
-67
-307
345
273
-357
-340
525
538
-720
-139
678
43
-446
-14
547
-121
-529
538
104
439
-151
-1007
836
-183
-299
182
-219
15
339
-26
165
-205
-85
-12
14
141
-285
-32
117
63
1
-243
132
185
-115
-189
132
129
-205
-187
304
123
-372
-109
351
-85
-168
61
380
-288
-366
368
1393
-1466
-1486
1673
730
-1156
-1162
1557
769
-1580
296
875
-81
-913
-95
874
-11
-331
-393
445
182
-363
189
208
-295
130
310
16
-522
179
626
-308
-505
556
305
-562
-328
796
135
-778
-61
808
-304
313
748
-1827
420
605
-535
-257
417
-2
127
-8
-167
110
-76
-387
356
397
-415
-454
224
463
-525
-389
420
303
-377
-218
448
125
-531
-4
570
-264
-372
147
487
-270
-452
345
259
-330
-254
505
47
-546
1626
-1877
-443
1744
-717
-667
509
-262
136
406
-381
-515
110
-127
-291
700
-58
-642
70
587
-89
-591
89
540
-322
-343
247
334
-331
-457
426
348
-510
-197
308
305
-343
-309
337
155
-280
-56
376
-331
5
729
-249
-499
-316
546
280
-727
78
835
-321
-362
413
301
-411
-436
565
243
-449
-406
296
223
-313
-300
407
42
-325
156
255
-240
-414
423
232
-459
-229
580
143
-517
-23
742
-294
-665
273
2192
-1859
-2100
2229
539
-1191
120
99
606
-251
-482
451
136
-627
-162
779
216
-649
-219
464
141
-165
-128
162
-196
48
387
-345
-374
514
316
-466
-134
545
49
-314
146
179
-146
-330
334
491
-350
36
714
-847
-627
489
476
-655
-165
465
22
-246
30
164
-113
-282
124
493
-72
-524
272
487
-496
-436
527
273
-572
3
559
-123
-440
274
362
-359
-318
486
59
-429
121
542
-278
-554
695
342
-941
360
2214
-2891
-672
2161
-605
-800
410
122
335
-350
-25
85
-82
-419
178
751
-276
-397
302
306
-122
-321
77
26
-135
159
125
-149
-347
198
526
-220
-709
490
507
-301
-513
450
255
-542
-14
449
-47
-622
723
707
-1326
-298
373
583
-652
-713
1241
-65
-750
500
391
-360
-474
468
439
-411
-405
387
264
-273
-240
402
235
-468
-28
617
-113
-509
283
409
-203
-279
381
269
-512
-22
613
-60
-490
-66
534
954
-1188
-1109
1794
-143
-836
604
-468
-166
709
-434
-314
267
-52
-381
245
342
-295
13
173
-53
73
-90
131
32
18
56
-94
255
-63
-199
56
343
-7
-40
-289
285
283
-417
-174
307
332
-326
16
417
1139
-1234
-1036
581
441
249
-803
0
784
-250
-90
196
-190
-52
105
230
-189
79
72
93
-78
-174
188
-64
-10
93
37
-130
-26
140
1
-252
337
139
-387
-150
590
152
-703
-126
718
47
-829
373
1469
-2242
-7
1616
-344
-779
-843
1256
505
-1368
165
694
-229
-814
288
725
-520
-112
312
61
-186
-137
619
-137
-706
310
593
-208
-723
338
699
-502
-640
785
290
-624
-240
727
145
-680
55
571
-407
764
-322
-625
-42
-413
812
-283
-490
897
115
-411
-123
191
148
-274
0
123
51
-334
-65
262
10
-307
80
297
7
-255
152
151
-363
-68
469
80
-349
-227
616
93
-515
88
422
-204
-566
329
825
552
-2848
1007
2276
-1713
-881
1128
64
-621
-91
624
-216
-516
-14
269
183
-403
-210
353
125
-332
-57
213
-151
-65
119
96
-212
108
259
-149
-297
313
215
-314
48
183
-50
-190
114
311
-204
-188
118
659
-24
-986
346
-256
221
-11
35
-162
-146
432
164
-509
37
335
-226
-60
402
8
-210
-145
255
262
-374
-17
164
154
-46
-50
112
-115
14
517
-21
-469
-26
609
122
-547
-134
622
-43
-497
17
1243
-974
-1416
1112
459
-343
-260
-342
1126
-361
-893
573
234
-415
-359
518
284
-293
-95
209
-53
-116
71
44
-233
102
222
-117
-319
107
274
-286
-336
534
89
-473
-24
395
-38
-459
283
297
-347
1025
-1146
-426
616
-107
-27
-107
-217
99
456
-268
-212
235
-139
-206
363
138
-165
-253
233
228
-220
-173
273
269
-154
-157
242
250
-412
-179
726
-207
-470
188
466
-238
-489
189
417
-301
-345
382
153
-449
875
-792
-535
1046
-453
-41
306
205
-626
350
370
-282
-81
-129
86
280
67
-316
-40
481
-93
-444
151
352
-175
-246
25
309
-74
-279
-103
445
-145
-321
60
263
-22
-300
-1
340
-222
-204
260
-29
1602
-2234
-554
1786
-945
-686
542
133
-12
-376
572
72
-809
124
492
135
-470
15
313
-98
-76
148
217
-103
23
261
-60
-199
250
105
-147
-199
507
123
-556
2
828
-118
-715
101
872
-205
-690
292
790
1048
-3128
641
2249
-1306
-1190
1188
335
-577
398
156
-365
-132
76
148
329
-36
-270
92
295
-40
-77
185
-194
58
335
-235
-270
512
72
-229
73
198
55
-122
202
17
-273
148
163
-7
-84
-71
361
-309
795
389
-1899
-359
1014
-109
-105
-151
474
256
-367
14
277
121
-577
37
872
-331
-627
157
418
-2
-519
414
221
-346
91
534
-145
-613
123
863
-194
-612
109
628
212
-622
4
471
-208
-381
1484
-1248
-1114
1292
322
-682
120
123
-554
506
157
-468
49
-234
111
225
-170
-219
192
343
-430
33
308
-13
-210
-171
564
17
-235
-240
388
490
-624
-380
850
214
-661
-61
562
-8
-422
382
227
-511
-131
737
1136
-1430
-824
621
221
-980
570
280
-345
-83
294
161
-315
-332
61
185
84
-326
15
230
-211
43
93
-19
-258
404
241
-295
-279
255
110
-219
-165
367
97
-492
306
443
-365
-686
444
826
-717
49
873
-1296
-92
114
858
-1092
-191
1510
-773
-513
574
235
-565
-384
601
358
-277
-413
349
507
-716
-155
730
-24
-669
224
591
-291
-447
461
346
-455
-156
442
77
-498
-31
628
-262
-435
181
712
-474
379
271
-996
108
-305
667
-354
-289
811
-85
-24
-229
-51
-53
-183
132
-10
-60
-62
-115
79
31
21
-15
10
-103
-43
211
-17
-360
-190
623
93
-508
-158
580
160
-480
-124
471
7
-438
198
247
1059
-1728
-618
1735
-680
-749
601
293
-31
-182
-107
157
-62
-136
-283
591
103
-771
274
424
-258
-178
247
20
-323
299
391
-367
-363
349
169
-301
-281
343
154
-302
44
320
-182
-377
294
594
-545
-718
1404
1128
-2837
-192
2071
-578
-1294
603
895
-596
-508
477
567
-438
-679
581
664
-418
-652
318
658
-520
-126
390
34
-178
148
480
-375
-517
692
355
-622
-373
727
343
-759
-356
1109
-26
-890
84
892
-270
-602
1257
-1049
-227
420
-183
606
-1057
18
1576
-1090
-673
1252
-86
-1002
-122
1167
-142
-742
387
427
-244
-522
594
406
-511
-564
756
580
-939
-316
943
208
-730
132
614
-268
-476
518
362
-640
21
513
689
-313
-1344
710
127
-414
-119
400
-219
-276
664
-16
-436
74
164
-162
1
231
-78
82
105
0
30
-31
177
-53
88
8
18
111
-219
139
381
-144
-312
-5
521
30
-479
3
423
96
-324
-27
457
623
-1892
465
228
428
242
-1702
1180
878
-1502
-207
873
325
-1063
-136
944
236
-658
-273
472
167
-501
85
199
-132
-121
336
119
-506
62
426
-251
-62
144
-86
-111
74
133
-235
-28
161
-256
146
1471
-1544
-658
929
212
-873
-288
835
170
-328
45
81
-201
-93
133
187
20
-181
-121
285
-30
-190
129
137
53
-254
385
222
-581
-97
755
-30
-634
-70
737
-57
-586
122
308
-203
-331
342
254
-196
56
-697
1117
-419
-172
-361
-232
1057
-392
-315
352
30
-168
-284
222
127
114
-88
-281
395
25
-120
-326
228
217
-294
-259
313
151
-380
-237
430
128
-542
61
438
-229
-221
220
351
-499
-222
2088
-1810
-1062
1345
131
-645
-83
376
95
-138
-181
321
21
-389
19
525
-77
-712
174
501
-210
-288
160
179
-76
-286
363
56
-512
-26
491
-116
-681
261
589
-311
-641
616
356
-632
-296
733
114
-1096
982
640
-2110
762
1105
-901
-117
249
56
-48
-235
335
-22
-451
-288
519
92
-675
64
337
-203
-359
396
190
-389
-391
446
398
-519
-393
656
288
-552
-121
542
-4
-329
281
201
-246
-135
561
-156
128
470
-626
-285
-4
847
-674
-8
435
-72
221
-9
-404
262
108
-390
75
180
-73
-251
6
206
-225
74
114
-172
-22
266
-76
-238
-96
349
166
-539
-158
519
183
-205
-373
458
120
-648
-154
2244
-1455
-2457
2182
515
-1354
314
-38
243
170
-251
-12
236
-233
-448
552
312
-507
-183
379
252
-359
-66
425
-213
3
238
37
-158
58
305
163
-505
83
437
-224
-232
336
211
-284
-196
536
345
-197
-905
379
501
-721
-206
810
-244
-321
410
226
-604
-12
222
-134
-60
190
-133
-276
44
145
-175
-99
80
28
-124
-91
70
77
-191
-148
236
91
-269
-313
574
198
-484
-159
391
218
-443
124
1577
-1911
-384
560
637
-457
-1387
1587
711
-1423
25
899
-167
-991
298
935
-271
-861
270
835
-530
-607
612
496
-803
-249
1190
88
-902
278
707
-277
-517
512
404
-701
-173
898
-108
-476
-106
852
686
-1759
140
865
-518
-592
691
232
-446
-139
535
-262
-626
177
235
131
-372
-121
423
-114
-243
248
73
-122
-132
293
62
-294
-211
419
102
-339
-132
462
-57
-403
283
444
-416
-578
444
909
681
-2908
924
1519
-1258
-318
271
-156
149
79
156
-23
-235
-209
105
479
-268
-358
115
159
135
-96
-96
-38
176
142
-149
-119
333
36
101
-252
88
266
-228
24
68
10
-203
27
341
-277
1000
-610
-877
325
208
243
-1094
438
648
-394
-11
302
-173
-419
-8
377
-147
-77
-95
-58
260
-96
-158
73
166
-99
1
123
-102
-257
170
312
-311
-227
281
296
-216
-239
381
72
-538
-120
1404
94
-2423
556
1029
-100
-998
-80
1250
235
-1017
-60
760
-233
-656
417
578
-342
-386
237
527
-435
-116
398
-121
-308
352
417
-403
-363
677
214
-746
-100
626
-3
-485
87
465
-277
-333
445
206
536
-1047
-308
1080
-536
-352
496
-235
228
128
-31
1
-146
89
-109
164
8
-58
84
-280
179
120
-75
-202
104
268
-219
-324
158
167
-218
-100
244
-74
-305
291
348
-459
-372
722
210
-798
180
1741
-1463
-613
1057
227
-1425
131
1532
-551
-695
509
482
-472
-624
490
714
-177
-579
390
394
-354
-9
325
-148
-424
343
500
-332
-500
404
517
-415
-427
768
198
-719
41
727
-83
-584
21
1078
1507
-3307
-53
2186
-963
-847
508
515
34
-565
204
588
-370
-538
215
553
-192
-637
89
365
-29
-230
94
42
-16
43
-49
62
-217
-5
227
107
-131
-231
-35
421
-91
-348
-88
385
-64
-241
1544
-1731
-700
1277
83
-373
-739
76
1291
-291
-564
184
228
-503
-338
731
-66
-383
46
266
56
-337
288
132
-253
-96
381
86
-531
33
578
53
-515
-144
723
33
-492
-117
411
28
-431
196
441
1305
-2273
-190
1720
-1154
-748
839
-362
149
180
11
242
-294
-82
114
97
-212
-216
249
0
-135
-107
274
-146
-6
213
18
-243
38
235
117
-308
114
164
-294
248
188
-248
-243
225
286
-453
-397
1519
-561
-1676
935
607
-395
-1116
1157
817
-1278
-192
551
217
-900
-354
630
363
-415
-483
576
218
-474
112
235
-150
-315
515
315
-822
88
675
-267
-685
518
397
-584
-404
724
320
-691
-200
406
641
494
-1639
156
367
-382
-516
538
445
-232
40
123
68
-124
-188
-74
221
255
-351
-341
280
339
-199
-525
400
324
-251
-172
237
-34
-310
-23
339
-134
-469
125
602
-204
-311
95
199
524
-546
-826
1040
-809
-80
89
77
657
-502
100
384
-292
-403
-65
416
-29
-36
17
-167
314
-144
16
3
-40
-23
10
119
111
-9
-282
66
533
-53
-352
-175
512
206
-565
4
363
325
396
-1465
690
454
-961
334
-104
-141
391
-266
165
67
-231
-140
118
259
-78
-252
34
143
69
-52
-21
202
79
-102
-69
371
-3
-147
-120
300
302
-489
-209
477
238
-244
41
260
-165
-251
1307
-518
-1687
932
563
-165
-909
363
1454
-970
-845
1171
125
-931
-169
859
232
-682
-117
576
35
-487
172
247
-343
-74
497
76
-656
403
410
-370
-328
493
72
-657
18
670
-208
-866
1224
933
-2138
192
548
120
-410
-532
709
157
-668
325
325
-537
-513
577
303
-648
-21
318
-90
-549
227
586
-508
-522
786
300
-643
-429
667
261
-534
-195
688
-23
-503
107
593
-119
-554
169
422
467
-626
-908
1440
154
-1276
109
1017
-187
-686
709
364
-800
-324
530
28
-356
75
154
44
-489
262
352
-359
-321
332
241
-306
-345
358
202
-453
92
397
-319
-332
434
480
-602
-421
844
44
98
549
-1000
-324
-137
403
408
-320
13
361
-99
-118
-5
248
-388
-293
815
-187
-538
-38
528
-173
-621
222
395
-282
-323
486
225
-543
-317
542
349
-635
-382
750
251
-512
-106
558
-160
-528
805
725
-1906
225
577
349
-461
-657
1359
-84
-1028
655
424
-762
-612
720
611
-584
-325
475
252
-603
-1
536
-276
-641
341
765
-610
-669
878
282
-607
-232
709
-20
-742
212
647
-520
-578
461
1332
-376
-1987
946
441
-630
-164
28
523
-320
-246
386
-99
-471
-144
504
-103
-404
36
35
-65
48
144
-151
-102
316
167
-235
-342
269
243
-418
-248
509
91
-531
128
667
-224
-519
147
672
779
-2069
168
1438
-771
-377
713
-604
-217
868
-123
-515
116
64
-311
335
178
-354
96
-121
164
153
-209
-193
184
169
-75
-399
337
56
-249
98
93
13
-119
37
265
-298
-284
281
261
-292
-324
177
1709
-1224
-1402
1306
31
-667
-353
628
610
-979
40
882
-250
-661
-1
654
-102
-452
265
263
-72
-97
273
66
-228
198
426
-196
-595
452
454
-602
-316
813
136
-621
-106
858
-174
-771
125
537
-503
694
-554
-984
1407
-388
-309
39
-514
842
-27
-521
228
59
-399
-392
679
2
-534
51
297
148
-371
-84
281
-7
-214
-169
450
-32
-380
-5
491
-100
-357
77
251
-220
-352
587
111
-438
-92
234
1334
-967
-1414
1887
-174
-1255
359
359
30
-806
695
569
-978
-185
535
486
-543
-520
438
168
-58
-476
234
196
-198
82
18
-95
60
71
-82
-16
220
-7
-370
66
532
-178
-603
234
441
-405
586
828
-2657
787
1401
-1018
-769
696
386
-500
308
205
-280
-342
-207
612
185
-613
-213
575
128
-556
-93
491
-51
-414
214
294
-378
-197
383
179
-282
-214
269
207
-263
-338
414
52
-348
114
404
-341
-210
1674
-1202
-850
282
-4
380
-197
-391
777
73
-509
127
243
-302
-219
346
211
-336
-129
303
-31
-56
12
162
-90
-226
396
121
-449
-328
514
246
-527
-358
709
187
-579
159
518
-278
-692
1568
214
-2873
1008
1387
-798
-773
462
499
-300
-109
293
-18
-646
-365
866
372
-553
-448
768
405
-911
52
711
-137
-681
350
810
-524
-509
639
334
-516
-137
291
222
-398
-217
486
-35
-476
109
626
-216
724
-1512
506
910
-1211
-101
646
-360
-510
852
329
-457
-168
247
102
-164
-216
39
-118
-7
108
-209
-30
91
161
-77
-118
120
74
-293
-122
343
229
-451
-374
799
128
-617
-69
512
738
-372
-1753
1095
614
-597
-147
580
289
-1361
915
583
-1054
34
20
435
106
-150
-149
62
630
-475
-134
228
123
-106
46
153
-85
-24
-100
188
185
-170
-128
296
126
-236
-118
206
-57
-175
27
1054
37
-1932
1225
574
-1205
-194
398
508
-243
-309
630
-82
-609
179
598
-97
-812
231
494
-231
-349
263
283
-398
36
342
64
-446
81
449
-274
-359
464
264
-508
-145
651
191
-653
-253
724
1501
-2736
-727
2610
-515
-1376
567
524
-330
-2
262
-173
-388
-109
66
470
-223
-285
311
90
-244
72
328
-217
-189
433
112
-318
-214
429
344
-355
66
140
-122
-47
-63
155
-55
-357
274
309
-439
-460
2447
-1455
-1830
1810
51
-1252
-145
941
280
-725
65
496
92
-730
-274
1242
-228
-878
27
824
25
-753
478
517
-353
-240
600
206
-555
-342
773
247
-725
-89
844
-32
-628
205
815
-494
-603
634
153
330
779
-2737
1129
1080
-572
-558
-359
1488
78
-1104
496
246
-174
-791
597
1032
-959
-406
553
560
-645
-438
671
83
-526
-18
514
-87
-333
-43
577
-184
-405
132
207
-58
-295
142
235
-264
105
228
785
-817
-1031
615
570
-557
-187
499
-11
-153
239
188
-321
-38
52
-136
74
-11
-24
49
-244
187
21
11
-109
-5
182
-122
-229
15
59
-70
145
64
-240
-134
501
299
-740
-264
714
318
1291
-2264
-671
1696
-288
-79
-279
10
1413
-703
-868
507
400
-589
-585
943
469
-941
-123
625
251
-728
-53
421
-134
-282
103
258
-228
-125
425
-138
-166
224
51
-242
137
195
-152
-261
465
-17
769
-870
-1044
1219
-102
-600
180
249
-203
-330
701
-60
-737
382
341
-283
-49
395
-125
-273
436
233
-284
-352
621
271
-512
-214
433
135
-501
20
676
-295
-484
276
570
-451
-428
469
305
-416
-404
843
1180
-2198
-426
1660
-192
-920
218
796
99
-1012
237
605
-633
-496
379
505
-519
-135
419
183
-456
-1
501
-304
-377
512
109
-392
-31
535
0
-715
446
522
-539
-319
453
293
-351
-285
455
378
347
-1097
-247
357
299
-471
-412
1012
0
-603
334
278
-244
-306
77
189
133
-204
-442
490
187
-236
-179
292
223
-177
37
97
-195
-106
172
176
-136
-401
509
369
-384
-177
406
18
9
1456
-2028
-511
1269
-121
224
-1133
419
1529
-977
-484
588
258
-914
-354
1362
-241
-650
160
419
-73
-544
190
325
-408
-154
360
216
-363
-113
212
386
-235
-384
115
453
18
-438
185
203
16
1170
-1615
-138
1396
-705
-407
281
310
-388
-46
543
-174
-175
-66
-141
242
186
-243
-385
86
333
-173
-324
54
258
-142
-125
6
147
-144
-248
276
57
-397
-132
345
67
-355
31
400
-246
-333
420
1763
-2596
-725
2215
-6
-1491
-663
1763
483
-1659
329
817
-317
-951
213
912
-267
-525
69
652
-133
-533
438
136
-501
153
465
-93
-654
458
364
-515
-243
515
29
-629
208
556
-298
-829
1439
677
-2444
437
1013
76
-1039
217
1095
-1020
-76
708
-38
-517
-185
721
73
-588
-51
321
25
-513
388
186
-422
-189
467
165
-443
-396
432
356
-436
-232
332
81
-229
-43
429
-107
-385
529
166
-67
1484
-2559
385
1162
-238
-1022
-25
1554
-147
-781
277
-4
-76
-331
-6
742
-233
-470
9
652
-198
-520
183
252
-167
-263
217
49
-179
216
-167
120
114
-354
12
554
-171
-441
61
596
-76
-540
319
1702
-1863
-704
1720
-628
-723
277
189
205
-161
190
19
-212
-389
272
413
-741
-224
495
-4
-449
52
651
-299
-578
582
468
-657
-536
832
311
-729
-252
812
36
-537
141
465
-177
-978
2189
-420
-2840
1562
1124
-939
-990
1060
1206
-1515
-359
1320
-24
-1404
-190
1351
249
-1337
4
1057
167
-1039
79
983
-409
-690
469
575
-610
-369
697
300
-453
127
338
-145
-295
451
156
-511
-150
681
167
-1082
806
1613
-2157
-78
939
-536
-294
-21
169
289
-322
-45
397
84
-573
164
464
-363
-262
194
136
-374
33
345
-92
-398
407
467
-587
-355
724
267
-557
-279
610
109
-624
188
539
-322
-794
1514
-162
-2105
1083
419
-98
-695
-392
1722
-435
-1242
817
428
-980
-547
1010
273
-1048
209
574
3
-612
267
664
-569
-512
604
394
-528
-325
589
231
-585
54
574
-247
-493
375
569
-661
-286
762
-48
349
207
-1027
131
59
332
-416
-234
422
138
-4
85
-244
80
139
-5
140
1
-148
-195
357
135
-202
-132
244
287
-308
-162
525
-165
-445
141
528
-173
-446
41
688
-89
-560
76
923
505
-2520
684
1887
-1375
-550
270
492
129
-446
286
308
-364
-349
210
361
-318
-80
207
-22
-84
155
218
-395
-73
224
184
-430
-45
354
21
-300
169
288
-264
-298
339
214
-392
-282
515
369
491
-1574
711
418
-934
643
-460
90
186
-116
320
-378
-104
228
285
-153
-378
368
-9
-257
11
349
-17
-291
366
339
-127
-14
108
33
-218
266
223
-423
-218
461
451
-518
-491
652
140
557
-327
-1469
1305
342
-1759
281
1153
-129
-405
-4
193
-75
-291
-245
288
705
-563
-507
675
424
-584
-269
540
-13
-521
108
450
-230
-230
125
415
-103
-439
45
667
-65
-537
112
404
-184
-193
506
1379
-1733
-919
1065
462
-500
-764
1052
239
-1025
482
647
-282
-535
348
608
-317
-277
212
171
-276
-80
356
193
-503
206
551
-327
-469
471
299
-514
-27
643
-179
-467
545
524
-531
-578
773
1589
-1758
-1302
1578
494
-1202
-632
1380
329
-1341
312
842
-328
-814
85
827
-139
-438
193
470
-357
-204
500
-71
-563
223
655
-376
-552
675
275
-468
-179
489
70
-537
207
423
-330
-370
330
197
975
-1153
-407
982
-421
-318
217
-295
298
204
50
37
-220
-89
55
249
-198
-156
140
-148
202
21
29
-69
-134
182
84
-285
-17
13
-35
54
-10
-146
-200
304
365
-427
-271
357
1286
-1010
-1465
1364
84
-579
181
-136
699
-43
-678
415
332
-645
-328
561
154
-351
-48
411
-10
-114
-7
265
-88
-259
119
92
-52
-85
92
-92
129
284
-245
-361
407
199
-251
-414
550
201
-446
1282
-900
-930
1129
-124
-294
-78
-145
479
-241
-293
683
-247
-679
146
629
-324
-625
232
332
-218
-330
154
290
-311
-153
284
178
-438
-300
611
-20
-444
-97
456
-98
-377
233
436
-454
-158
2039
-1792
-1405
1867
209
-752
-273
147
535
-174
-5
112
-4
-351
-152
634
8
-427
-68
312
-93
-176
203
86
-332
-230
500
12
-447
-97
491
165
-450
-241
555
159
-597
-174
571
-73
-381
-50
730
1418
-3007
273
1955
-1237
-1025
548
320
72
-293
322
125
-531
-108
696
313
-890
27
650
-166
-240
