-224
-199
272
129
-94
270
174
-541
-304
-287
399
152
-409
79
380
-189
-168
29
488
-276
-627
403
763
-563
-433
329
343
-211
-335
148
230
-8
-126
-160
214
292
-249
-329
110
505
-216
-426
165
461
-205
-200
-32
417
32
-368
-63
442
-2
-344
461
957
-562
-794
29
-299
-44
137
33
339
-55
-564
63
365
-497
-441
803
287
-659
384
415
-368
-121
288
-148
-195
157
159
-81
-285
127
401
-287
-390
293
437
-464
-319
217
536
-365
-359
356
491
-367
-352
418
111
-428
-71
1185
504
-1717
-55
840
-1067
-239
618
63
-132
277
-126
-248
451
-202
-524
641
17
-384
34
275
27
-429
172
487
-213
-156
-58
399
-184
-375
492
-71
-389
230
322
-136
-326
186
416
-481
-240
758
-303
-542
803
2037
-1861
-2023
1250
-242
-632
938
399
-516
67
608
-696
-144
553
-162
-135
12
391
-378
-195
208
87
-190
-52
133
182
-212
67
217
-41
-76
-163
191
76
-183
-83
262
74
-270
-21
330
-49
-396
115
139
-135
-269
1100
927
-1273
-940
486
-1001
81
1033
-257
-420
703
306
-1101
147
529
-306
198
-126
69
40
-130
115
39
-64
35
96
-11
-68
-31
237
-239
-37
126
20
-80
27
72
262
-354
-242
547
-27
-451
-98
883
569
-645
-768
-167
-115
1
248
299
-22
-43
122
-319
144
-258
-173
474
30
-382
202
296
-232
-412
278
306
-269
-230
171
333
-254
-174
0
494
-256
-222
142
231
-125
-166
336
-105
-346
239
383
-364
-309
304
350
-521
402
1548
-1641
-1609
1166
304
-446
386
309
-203
-63
273
-665
84
380
-537
346
172
-23
-51
-17
34
81
-123
-89
98
384
-356
-228
323
-162
-28
24
-134
399
-59
-312
300
255
-271
-268
445
-52
-379
305
175
-82
1413
375
-2081
-1057
1141
426
-1435
411
1241
-561
-333
811
-131
-900
126
819
-433
-188
418
34
-270
-17
159
1
-78
-52
195
-73
-264
223
18
-85
-107
163
49
-54
-68
57
168
120
-323
-96
543
-48
-615
107
725
944
-991
-1132
802
-250
-98
417
-348
229
-59
84
-382
16
309
-332
92
235
-26
-250
163
200
-123
-190
114
264
-50
-235
76
267
-99
-135
-174
375
51
-310
43
314
-179
-139
382
-142
-247
238
144
-430
165
1752
-535
-1909
235
286
-590
277
733
-719
71
815
-680
-479
414
18
-236
227
174
-3
-215
-69
103
104
-283
-65
494
-247
-208
309
228
-562
-38
588
-110
-530
196
537
-288
-348
348
205
-289
-142
455
-128
-373
425
1832
-1068
-1913
1156
-511
-789
836
276
-165
340
239
-975
99
682
-550
89
422
-260
-354
165
398
-450
42
43
77
238
-71
-32
112
-131
-68
239
-146
-185
88
366
-66
-392
261
327
-355
-184
278
169
-455
100
1476
-397
-1813
634
720
-499
-358
458
13
-181
150
-443
-4
229
-289
277
237
-96
-4
43
-76
194
-160
-90
-19
361
-190
-217
101
249
-104
-226
24
251
-68
-104
-95
357
-89
-202
61
436
-258
-471
541
71
-508
253
384
390
642
29
-1809
-811
1245
-308
-1129
788
1073
-623
-152
300
211
-341
89
520
-418
-218
163
158
-313
144
46
77
27
-54
110
154
-152
-183
163
156
-275
-277
518
24
-339
-31
522
-248
-369
471
390
-200
-735
897
-135
-871
163
-66
47
193
-210
57
463
-76
-532
-72
553
-29
-395
62
602
-440
-225
333
72
-279
-120
519
-115
-342
261
208
-146
-100
71
119
-220
-30
239
214
-361
-11
402
-20
-486
227
375
-541
-227
985
1096
-1361
-1351
1735
-508
-1453
793
307
-185
-44
694
-485
-222
815
-636
-68
737
-272
-625
298
511
-441
-528
535
472
-527
-219
351
251
-564
7
330
-71
-236
216
111
-102
-157
109
254
-209
-212
-31
460
-303
16
897
-463
-912
566
431
-851
-175
1056
-590
-538
790
70
-548
-189
975
-361
-553
405
143
-333
-43
379
-193
-169
149
199
-275
-66
221
-34
-320
71
448
-83
-376
31
555
-211
-376
218
347
-375
-210
385
7
-153
-128
970
315
-766
-305
-461
-467
1129
220
-2090
1100
1322
-1152
-631
1216
98
-1242
840
698
-891
-239
539
173
-696
94
439
77
-481
142
190
-60
-316
128
77
-56
98
158
-214
197
103
-293
91
212
-226
-202
308
190
-488
51
564
-51
221
-137
-71
-406
-548
280
-10
150
539
-459
-122
264
359
-680
-271
739
-387
-325
417
362
-561
-171
859
-159
-617
85
643
-392
-330
311
254
-430
-6
485
-174
-326
209
261
-270
-172
333
101
-426
-158
718
-403
-319
775
30
-627
76
2582
-646
-4390
1660
1138
-801
-61
575
268
-920
795
-155
-459
586
-409
-131
142
532
-454
-354
589
31
-305
18
191
98
-132
-146
167
46
-212
44
108
179
-190
-58
389
-111
-268
-28
173
-97
417
773
-120
-1124
-551
554
-161
-672
443
662
-522
-97
731
-438
-800
633
368
-519
-30
482
-14
-402
75
299
-156
-301
105
285
-194
-212
212
383
-419
-64
111
203
-46
-195
92
306
-208
-288
444
371
-600
-187
772
-171
-107
1237
-660
-1187
-94
2
-21
341
591
-80
-264
337
-56
-628
-106
667
-149
-411
402
89
-292
-41
467
1
-499
-27
723
-220
-483
47
642
-266
-548
512
289
-494
-27
537
-233
-370
464
-66
-374
144
398
408
1615
-982
-3358
417
1663
-84
-845
596
601
-913
256
267
-339
-182
278
353
-194
-26
-91
260
-77
-245
170
215
-300
102
66
247
-130
-315
104
199
-4
-79
-140
463
-58
-521
401
311
-259
-197
336
-25
-410
268
1158
-20
-1745
114
502
-538
-119
-215
465
-2
-444
29
82
-132
310
214
-327
8
35
253
-113
-189
-19
270
74
-254
118
105
-189
21
30
-41
55
-26
282
-29
-202
38
272
-213
-234
225
211
-524
492
1384
-559
-1836
-52
685
-402
180
602
-435
-102
732
-541
-442
347
187
-187
-110
556
-249
-461
347
347
-514
-206
457
202
-428
-127
566
-57
-485
88
475
-48
-419
121
499
-330
-325
470
76
-467
251
226
-572
150
2036
556
-3439
-376
1723
-1134
-331
810
434
-692
340
421
-828
183
78
86
-47
-223
238
-243
-101
349
-99
-263
105
567
-241
-407
198
388
-560
-168
421
114
-271
-162
662
23
-579
-95
635
75
-652
18
737
387
-764
601
-225
-1495
370
617
-200
-68
805
-468
-316
805
-782
-453
688
153
-298
32
508
-248
-350
203
247
-297
-124
235
86
-332
52
440
-188
-483
119
507
-319
-244
414
229
-563
146
647
-552
-417
773
155
1180
-1266
-1485
648
-518
707
55
132
268
-185
-102
-52
181
-644
52
777
-296
-270
-57
574
-112
-513
186
466
-433
-178
274
282
-383
-228
455
91
-297
111
59
68
-168
-116
182
-8
-237
-6
348
229
616
128
-1027
-1282
502
667
-851
376
733
-715
-273
556
34
-449
-62
420
30
-224
147
-99
168
-91
-55
-32
125
-53
76
85
-107
-85
48
142
-86
5
-34
192
97
-293
-10
439
-131
-394
387
192
-496
-336
1460
904
-2106
-820
1139
-117
-1080
867
701
-508
35
69
-85
9
8
45
174
75
-164
-187
45
227
-55
-276
-29
541
-52
-290
-13
355
-286
-137
170
66
-112
-104
416
-80
-163
-103
285
128
-384
154
113
179
311
315
-409
-1207
298
471
-364
32
314
83
-422
290
6
-562
308
327
-75
-310
505
19
-540
319
339
-483
-84
349
227
-338
-24
126
239
-159
-315
160
370
-279
-308
473
60
-353
-59
506
-132
-471
200
323
-325
706
826
-1335
-860
808
-7
-715
578
612
-792
76
755
-478
-391
406
156
-280
-184
331
78
-373
-172
564
-106
-430
320
339
-455
34
406
-231
-310
72
394
-200
-200
199
267
-429
-165
689
-207
-302
1173
216
-1084
-570
212
-577
499
436
-455
251
582
-53
-1003
228
264
-352
174
388
-156
-397
315
272
-444
-88
128
155
-118
-200
298
162
-121
-199
316
-33
-208
-14
177
145
-399
24
287
-77
-215
287
57
-336
613
747
-1124
-570
760
-314
-445
373
252
-386
230
598
-678
12
20
-38
226
-20
-237
182
65
-154
61
144
-125
-60
335
-279
-33
102
209
-265
-78
56
272
46
-201
-36
330
-13
-516
210
547
-472
-417
709
643
-583
-178
235
-864
-42
773
-245
-336
308
127
-287
-155
93
-333
321
315
-225
-136
203
162
-277
-116
327
-76
-210
-16
340
-127
-276
12
425
-122
-362
170
347
-405
-97
545
-282
-338
420
240
-427
-232
1608
1161
-3369
-63
1511
-1009
-181
586
137
-241
297
-232
-168
498
-423
-88
471
122
-479
-266
388
244
-517
-4
293
294
-346
-164
324
5
-379
86
61
-20
156
-24
-98
170
93
-249
5
362
-348
-80
543
417
-556
-453
176
-92
-181
483
-12
-462
236
375
-444
-127
243
-342
150
372
-159
-123
119
21
-279
22
236
24
-298
71
319
-149
-206
23
361
-312
-156
327
138
-475
116
495
-132
-499
402
319
-522
-242
564
407
465
-600
-1173
211
160
-20
34
-74
542
-337
16
266
-147
-212
-157
588
166
-884
158
582
-416
-259
219
364
-348
-258
548
-80
-438
-4
421
-31
-411
57
491
-243
-386
148
453
-309
-352
521
253
-628
581
1217
-818
-1267
-116
467
-81
-275
214
249
28
34
165
-273
-483
479
320
-356
-74
262
-46
-174
137
76
-306
-17
469
-154
-305
136
453
-194
-460
170
558
-376
-370
365
317
-378
-339
612
68
-510
256
1006
-379
-1133
878
-230
-1013
632
266
-406
337
446
-680
-198
659
-402
-158
321
21
-281
-124
597
-333
-197
230
186
-265
-76
112
190
-334
82
353
-184
-116
78
331
-115
-378
243
201
-340
-174
1063
708
-665
-813
-571
-361
532
533
-251
-82
593
224
-818
-137
320
-244
140
289
-69
-223
138
246
-307
-170
135
153
-78
1
5
146
-102
-255
152
313
-265
-188
267
277
-351
-197
358
6
-189
8
191
-235
-85
1252
341
-1690
-297
372
-304
-17
323
117
-372
395
42
-446
129
241
-48
41
-126
96
-73
-273
369
76
-295
-32
485
-212
-167
170
118
-262
-66
173
74
-232
110
348
-1
-422
170
493
-468
-322
638
551
286
-144
-1526
-709
1099
292
-627
421
457
-180
-371
88
-220
-173
299
350
-156
-224
355
38
-374
53
139
15
-121
118
97
4
-32
-153
108
40
-72
-195
232
161
-236
-51
232
-69
-110
315
-52
-386
730
1012
-1662
-865
1019
22
-409
484
597
-534
-301
613
-514
-132
-2
435
13
-358
337
116
-360
-177
591
-188
-520
316
422
-433
-90
354
-76
-339
-32
619
-117
-389
235
233
-183
-508
548
354
-592
-180
1860
-464
-2222
520
740
-299
433
-411
-165
728
-595
-452
142
744
-711
90
403
97
-205
-326
724
-160
-606
302
484
-153
-266
-5
459
-258
-278
99
419
-220
-287
220
347
-506
-27
534
-386
-184
437
107
-502
-111
882
1266
-556
-2176
-38
975
-729
206
273
180
185
-255
3
0
58
-166
189
409
-513
-297
188
400
-473
-225
479
227
-389
-5
394
-169
-481
102
481
-256
-301
107
455
8
-357
-42
402
-240
-201
290
-160
-194
977
67
-47
-695
-996
327
545
-14
-386
240
142
-291
-57
-155
449
115
-258
-6
342
-53
-420
184
234
-323
10
277
-7
-211
-60
337
-16
-376
-52
523
-211
-321
276
461
-533
-339
754
63
-478
-212
627
56
-182
1456
-784
-1829
636
380
-357
-98
1022
-396
-433
521
-374
-62
-122
347
273
-628
-26
554
-272
-376
418
283
-472
-73
653
-176
-413
96
378
-19
-382
77
364
-171
-207
380
30
-281
-61
487
366
485
127
-1826
-755
844
469
-372
231
631
-305
-444
25
12
-166
-20
545
-182
-275
356
43
-204
-79
140
-113
-100
272
-112
-32
-4
-22
-31
236
-142
-177
246
97
-345
-107
446
-112
-402
247
346
-227
-208
237
1162
-129
-2016
218
442
-239
49
163
390
-118
-35
-311
126
323
-483
99
265
-23
-361
-122
723
-389
-316
255
392
-425
-61
367
-75
-471
112
544
-356
-266
222
313
-154
-272
467
44
-440
37
909
313
-849
848
-96
-2590
921
1486
-904
-523
1101
203
-805
589
-249
-526
366
246
-176
-210
436
-266
-421
429
163
-288
-239
182
438
-348
-315
316
315
-344
-157
384
166
-479
-95
491
-278
-234
323
325
-340
-205
1409
45
-2394
684
733
-983
509
395
-370
-249
742
-480
-868
867
-177
-352
503
257
-267
-117
-15
400
-271
-120
103
166
-174
-76
166
-68
-214
93
420
-241
-173
61
439
-118
-495
124
357
-334
398
1496
-1371
-1784
1082
460
-792
476
684
-888
504
412
-1159
1
379
338
-404
42
254
-148
-232
207
271
-411
-14
349
-48
-194
66
160
111
-249
-65
229
174
-242
-137
409
-129
-322
348
189
-303
-162
396
1070
510
-2153
-1289
1029
592
-417
-579
897
236
-647
199
154
-259
-235
405
252
-350
-138
75
210
-208
-103
-35
253
-52
-135
43
297
-284
-60
192
131
-135
-294
165
298
-285
-133
263
179
-245
-238
686
644
-309
-1033
-71
-58
-32
526
-247
-376
624
222
-668
-66
300
-247
-58
670
-367
-320
307
296
-357
-338
471
60
-343
-39
177
70
-179
76
8
87
-112
-115
132
133
-194
-48
358
-150
-167
358
9
-466
928
1381
-2541
-857
1400
-181
-629
863
431
-924
32
723
-521
-585
550
44
-307
311
-40
-104
87
-28
100
-37
-162
196
168
-341
-66
500
-126
-462
284
423
-312
-396
376
310
-483
-220
518
113
-136
792
244
-1051
-824
466
-222
-369
455
66
130
50
229
-392
-233
455
-43
-234
-43
648
-234
-447
192
268
-238
-147
189
263
-223
-128
119
167
-299
61
111
-42
-112
-59
347
-165
-189
200
320
-342
-373
646
224
-664
1203
461
-2140
-121
1128
-74
-1169
793
554
-963
313
415
-230
-381
429
-121
-280
360
-21
-266
-5
389
-13
-489
42
737
-318
-447
170
481
-480
-258
740
-88
-518
68
590
-300
-260
568
-5
465
1038
-1434
-1217
353
562
-421
-39
838
-564
48
217
-235
-411
-89
749
63
-578
258
414
-317
-252
209
328
-461
-25
465
-146
-327
260
381
-291
-144
228
154
-397
-21
347
155
-610
64
756
-40
-665
1689
38
-2946
464
1130
-815
-434
918
307
-846
72
785
-563
-350
372
329
-305
-107
404
-118
-478
203
418
-179
-297
98
303
-251
-93
-22
367
-117
-138
40
345
-194
-204
165
190
-262
-182
752
956
-1015
-1283
546
72
-264
782
-80
-463
-13
543
-596
-239
676
-219
-59
63
113
9
-161
35
188
-149
-126
256
6
-181
-36
368
-252
-248
281
271
-345
-140
449
53
-421
16
467
-27
-508
290
555
519
-1533
-120
535
-283
271
-399
361
218
-243
-320
205
311
-380
-38
398
-3
-108
-118
402
-112
-497
308
269
-286
-356
416
235
-293
-46
215
97
-153
-57
70
225
-336
-154
501
-223
-170
445
504
617
-1249
-406
28
-139
535
190
-279
57
452
-357
-432
494
-111
-412
543
-93
-341
239
229
-230
1
85
139
-159
-70
291
-95
-166
-26
470
-289
-317
553
112
-657
62
622
-225
-547
442
447
-758
35
2245
-442
-3201
837
1078
-614
-171
419
483
-245
-399
-102
229
149
-310
172
92
169
-183
-216
128
310
-181
-207
70
392
-234
-194
6
154
74
-160
-69
313
18
-296
22
235
-128
-284
163
359
-470
-23
628
616
129
-965
-301
-135
-449
308
337
-292
-120
782
-273
-616
584
18
-543
394
246
-469
107
208
-88
-241
252
85
-64
36
-49
12
173
-322
17
347
-16
-298
-21
433
-81
-384
67
246
-38
-157
-77
331
572
-633
-332
214
-246
127
191
-261
227
47
-417
105
462
-406
-189
391
233
-258
-342
536
-23
-428
1
609
-432
-297
433
187
-468
-108
605
-57
-466
117
356
-259
-332
545
55
-461
61
776
-669
882
2293
-3824
-1731
2260
636
-975
125
1313
-1104
-391
1247
-945
-364
466
308
-319
87
649
-609
-91
185
228
-124
-272
273
306
-348
-153
258
150
-360
-6
439
-8
-489
83
368
-248
-276
206
379
-291
-106
509
1478
-1006
-1706
859
-468
-361
768
-112
281
176
-110
-416
355
-30
-360
313
239
-289
-176
87
264
-203
-84
85
157
-134
-237
302
111
-363
36
196
-76
-68
34
105
68
-327
-67
467
-163
-380
48
622
-441
353
1382
-663
-1409
-344
208
-324
158
496
77
-62
294
-35
-234
29
345
-93
-384
352
123
-428
31
402
-52
-339
159
317
-191
-268
55
425
-176
-360
247
540
-464
-60
285
-30
-252
-40
375
-305
-101
174
760
775
-2167
-265
752
-454
518
-260
238
173
-245
-83
-30
328
-467
175
358
-215
-251
-62
514
-395
-252
437
117
-416
-49
497
-153
-441
150
524
-350
-249
280
257
-258
-448
749
109
-558
-120
1155
756
-824
-1187
-605
349
795
-419
213
323
-342
83
-94
89
-377
-108
330
301
-355
-244
519
-94
-417
143
338
-94
-211
8
271
-112
-284
37
383
-178
-277
246
335
-367
-62
399
-255
-296
400
280
-148
1626
-53
-2691
-283
891
209
-394
341
1086
-968
-182
709
-361
-599
173
743
-350
-414
347
102
-179
-137
219
189
-284
87
221
-7
-342
57
315
-150
-358
186
582
-256
-216
111
253
-193
-505
607
41
107
625
926
-2367
-1734
2248
106
-972
786
597
-731
-181
444
-607
-159
598
27
-277
26
367
-341
-274
264
-35
-272
100
333
-55
-307
141
248
-157
-172
228
120
-353
-67
577
-198
-393
583
81
-523
772
1327
-2308
-1466
2103
9
-1051
696
605
-710
-428
773
-342
-583
413
124
-429
277
389
-383
-9
108
182
-230
-166
335
179
-338
-113
369
72
-488
37
547
-169
-282
159
355
-343
-267
415
105
-432
281
1803
143
-3228
-348
1122
180
-38
27
327
-142
211
-328
-395
430
-44
-81
-253
713
-162
-584
471
272
-554
25
489
-72
-434
186
453
-289
-255
350
171
-310
-237
582
123
-699
189
650
-475
-219
717
286
1945
-1683
-3150
1202
-89
577
436
-172
760
-712
-332
246
524
-588
-395
743
188
-558
-67
401
117
-403
93
131
237
-133
-320
261
235
-318
-196
265
280
-233
-185
403
51
-499
206
307
-271
-199
1039
812
-1266
-1339
305
539
-267
-180
504
-292
3
413
-291
-529
233
494
-455
-220
519
116
-613
-76
658
-213
-444
381
402
-514
-102
505
-164
-427
109
664
-374
-316
394
310
-414
-491
863
92
-712
246
1949
-680
-2811
1065
427
-1006
833
357
-69
-353
286
-16
-482
526
-369
-20
306
321
-490
-313
770
-194
-573
153
662
-214
-423
59
623
-322
-432
435
276
-412
-280
549
114
-602
312
210
-409
229
848
2228
-1476
-3510
689
422
316
155
-300
542
576
-391
-963
772
369
-868
565
118
36
-457
188
246
-310
1
-110
253
157
-300
-23
344
-13
-441
84
452
40
-615
185
629
-322
-457
146
586
-102
-453
-33
526
2041
-352
-3713
477
1061
-217
-750
658
814
-605
-16
-19
30
3
-74
213
-132
45
-315
78
138
30
-121
-18
254
106
-188
-230
513
-41
-413
-127
461
138
-551
179
467
-419
-106
231
519
707
295
-1583
-1629
663
1050
-601
-280
1037
-80
-557
108
445
-536
-335
512
309
-496
129
360
-130
-307
277
173
-318
12
89
189
-196
-121
46
432
-235
-196
295
287
-450
-226
513
-42
-654
396
520
-332
-286
1777
498
-2552
-424
1214
-640
-890
1013
585
-674
468
53
-439
79
165
-137
-111
365
-67
-655
230
566
-229
-365
457
208
-535
-65
400
-188
-311
263
189
-317
71
399
-6
-401
373
248
-616
-3
789
352
-422
-379
-519
-386
920
267
-753
286
184
-56
-734
485
196
-393
468
107
-330
83
336
-403
-184
317
118
-361
76
389
-80
-436
103
694
-388
-530
346
368
-542
-259
734
-307
-549
672
335
-438
791
1385
-2876
-702
1516
-831
-142
527
400
-545
20
649
-849
145
252
-148
83
41
60
-93
-37
-89
313
-112
-70
-50
345
-231
-123
150
6
-62
-37
161
10
-103
24
76
81
-291
-170
466
-50
-560
754
450
-584
-230
43
-505
-72
687
-187
-338
432
190
-403
-358
515
-141
-270
327
199
-434
184
427
-379
-171
144
267
-81
-271
37
267
61
-304
-44
530
-239
-349
324
277
-360
-104
374
-205
-277
420
-47
513
986
-772
-2432
432
1943
-951
-908
1456
319
-1503
356
979
-929
-347
985
-49
-537
7
568
-270
-437
313
342
-387
-146
312
179
-420
29
441
-315
-357
213
522
-282
-325
159
440
-208
-478
627
172
-427
519
860
-679
-452
-424
-386
-77
386
205
-208
364
403
-400
-156
197
-111
-261
107
469
-218
-344
313
208
-312
-144
340
78
-360
24
327
-66
-248
-140
520
-144
-363
166
295
-352
55
314
-238
-144
465
1971
-1510
-2521
1359
912
-1144
223
551
-537
-152
780
-418
-477
627
-172
-254
177
320
-197
-97
180
-8
-24
-170
147
240
-184
-102
98
210
-371
-59
244
135
-418
32
625
-260
-231
-147
463
185
-786
768
900
-621
-746
6
-244
-367
516
264
-244
134
239
-249
-230
205
15
-243
15
397
-98
-283
270
135
-326
32
416
-167
-279
203
212
-133
-105
115
122
-176
-107
310
-21
-198
-19
474
-441
-77
571
-239
-118
1729
208
-2798
-1097
1700
251
-1113
1215
485
-893
-224
601
-374
-246
580
-213
-275
384
-63
-439
153
488
-288
-400
212
630
-313
-484
361
411
-450
-441
570
256
-609
-85
806
-111
-495
118
373
-255
736
666
-1893
-322
895
-363
-111
358
335
-764
101
580
-763
-190
418
314
-210
-186
518
-39
-371
8
223
-1
-273
222
201
-225
-88
284
60
-244
127
97
-27
-230
-2
356
-171
-330
186
741
-479
-297
1787
-4
-2064
-554
746
327
-369
388
172
-30
173
-415
150
-250
122
111
-148
232
-124
-180
114
224
-160
-305
194
211
-162
-177
-40
334
-15
-200
-111
506
-33
-314
75
208
-86
-346
184
407
-448
-58
381
194
801
418
-1535
-1718
853
1185
-965
-91
1125
-392
-454
304
-3
-286
-43
458
-118
-267
134
267
-195
-189
266
55
-209
91
201
-79
-153
162
68
-72
-140
22
368
-41
-443
65
407
-280
-370
608
133
-361
1348
-923
-1614
817
585
-513
-551
1077
224
-1035
125
643
-738
-193
546
210
-536
275
273
-385
-215
323
92
-354
73
213
175
-288
-108
251
134
-318
-44
396
-116
-340
119
250
-243
-284
431
221
-546
704
991
-286
-1164
-945
363
-31
80
518
-46
-111
500
-128
-690
32
644
-185
-256
476
-5
-328
-64
519
-221
-400
249
422
-346
-253
393
276
-476
-182
535
44
-590
114
637
-83
-632
6
621
-325
-396
1314
245
-1651
-361
681
92
-451
303
65
69
139
-111
-165
130
178
-299
154
249
-164
-304
204
182
-222
40
347
-12
-218
-91
366
6
-507
77
381
-73
-300
293
240
-489
-50
529
-437
-241
1224
441
-505
-1012
-656
173
271
483
-285
66
146
154
-438
-401
544
-125
-42
190
10
-111
5
265
-160
-214
25
474
-281
-216
138
526
-434
-306
477
76
-371
-277
671
82
-569
-67
475
36
-361
266
215
-354
-42
1677
-213
-2242
624
-62
-537
759
-58
141
84
-110
-153
-35
534
-410
-24
237
12
-249
-134
397
-239
-314
299
178
-105
-224
96
241
-236
-147
66
307
-233
-148
289
189
-461
-64
564
-231
-387
311
367
-31
920
385
-1765
-1301
920
848
-643
265
820
-650
-130
229
-375
-101
308
258
-272
52
236
-49
-293
-24
353
25
-372
28
545
-178
-337
219
353
-385
-202
296
182
-295
-34
370
-47
-451
118
365
-275
-265
1609
160
-2583
1038
134
-1102
567
534
-227
-384
781
-223
-643
388
103
-91
91
17
-118
-111
135
124
-203
-36
146
162
-128
-92
49
189
-130
-109
-134
521
-100
-444
259
413
-282
-431
464
428
-505
-334
1392
1541
-2647
-1847
1737
-178
-803
1014
463
-357
185
279
-926
74
399
-474
345
226
-88
-204
72
436
-323
-177
61
394
-112
-468
220
575
-513
-313
687
-36
-505
106
419
-153
-292
422
-11
-521
364
314
640
403
-2031
-445
452
529
-49
-322
805
-180
-651
136
423
-121
-767
440
484
-331
-92
121
248
-354
42
466
-196
-308
223
336
-352
-80
196
160
-253
-94
630
-27
-429
138
685
1198
360
-3618
-699
1980
-249
-154
196
584
-329
-344
417
-421
293
-280
80
327
48
-274
-140
371
-3
-369
43
205
-11
-68
22
-100
168
-29
-61
-194
487
72
-309
-96
371
-174
-359
227
195
-310
-104
489
-190
76
1220
480
-2242
-938
1713
-476
-1345
986
899
-789
-308
796
-316
-283
124
236
-201
-123
212
-69
-222
37
354
-127
-176
222
465
-448
-295
516
-63
-580
81
670
-201
-441
451
306
-521
-299
679
-34
-641
577
1316
-260
-1475
-765
578
557
-361
-169
438
425
-480
-617
416
296
-516
208
420
-186
-322
88
354
-359
-188
186
212
-123
17
-48
262
-22
-270
127
136
-203
-217
468
-66
-368
230
384
-416
-234
556
6
-388
1152
494
-2277
-309
1324
-556
-487
784
363
-749
119
230
-606
135
352
71
-252
24
378
-208
-306
98
343
-256
-277
507
168
-487
38
570
-138
-514
35
486
-195
-288
242
291
-473
-253
676
-71
-393
277
206
1424
271
-3395
-261
1567
317
-814
193
1188
-608
-709
673
-273
-332
-158
935
-321
-482
627
-3
-446
-99
488
8
-415
165
501
-252
-299
203
327
-466
-220
715
0
-770
356
527
-496
-330
771
147
-218
2413
-2120
-2847
1780
161
-85
38
653
-163
-394
961
-614
-624
535
355
-162
-341
391
184
-242
-173
65
345
-301
-145
317
182
-331
19
54
93
-193
11
344
-180
-183
172
191
-46
-323
382
160
1261
93
-2722
-253
917
903
-65
-970
748
-32
-679
-108
506
47
-701
536
260
-177
-10
-128
525
-449
-151
372
4
-66
-76
357
-1
-388
10
271
66
-263
-111
582
-90
-478
-20
638
-230
-427
537
285
1438
-908
-2164
794
-253
-2
466
-294
180
87
68
-259
207
104
-642
490
438
-509
-286
306
197
-509
96
427
-128
-101
-66
299
13
-358
-75
459
-171
-244
216
194
-227
-327
598
-280
-325
903
1135
-680
-719
-1059
-524
669
747
-389
61
462
-30
-552
-132
95
106
-118
66
378
-23
-69
-218
261
-3
-306
122
339
-370
-133
404
0
-408
50
472
-109
-396
135
363
-197
-381
303
441
-356
-278
437
899
-466
-1275
530
184
-687
373
216
-87
136
235
-627
345
173
-714
114
798
-303
-712
614
384
-725
93
621
-169
-405
89
505
-181
-534
247
479
-281
-365
516
196
-615
48
554
-525
-312
555
178
-697
726
2175
-1432
-2810
859
751
-433
142
740
-554
-39
622
-741
-172
406
73
-251
82
276
-145
-136
85
166
-364
2
431
46
-461
30
582
-255
-463
252
488
-317
-347
329
308
-473
-348
781
-1
-409
-10
1040
514
-2104
-142
579
-185
268
-226
386
-39
-1
-370
-358
806
-469
-219
594
185
-378
-162
519
-184
-349
141
337
-131
-208
59
215
-79
-324
205
302
-253
-102
323
122
-488
-27
533
-316
-414
653
1396
-79
-1772
-682
39
-121
740
140
6
-29
265
-163
-469
405
-226
16
131
52
125
-106
134
36
-275
3
217
110
-232
-82
308
111
-419
3
473
-123
-281
29
407
-188
-177
48
215
-131
-260
504
-111
-554
1106
1676
-2146
-1907
1341
-7
-492
551
485
-373
-226
690
-317
-688
598
194
-206
-113
383
-282
-179
319
-149
-107
125
198
55
-239
27
393
-252
-323
-60
625
-302
-408
472
392
-474
-126
426
297
634
603
-1928
-1738
1081
1324
-1045
-98
972
-612
-191
404
-155
-559
242
680
-436
-153
364
108
-135
-275
156
274
-252
-196
126
357
-243
-184
57
449
-299
-92
146
48
-95
-91
214
-87
-161
128
173
-135
-300
1817
484
-2886
-213
1209
-525
-411
716
167
-566
627
117
-562
187
12
-46
-67
232
-163
-214
133
295
-230
-115
289
128
-271
-21
295
-20
-557
229
483
-131
-473
-29
796
-316
-512
445
288
-201
1350
899
-3822
-1005
2559
95
-1163
617
1322
-1250
-411
1226
-1100
-340
503
477
-648
31
898
-477
-352
150
535
-209
-450
261
583
-385
-311
424
109
-339
-38
426
-42
-529
305
219
-388
-44
471
7
49
905
-539
-1560
78
1035
-392
-1107
894
1004
-854
-520
815
-210
-685
263
612
-520
-179
528
-137
-503
167
716
-445
-394
300
410
-479
-170
242
303
-428
-183
501
-5
-324
-4
294
-6
-340
-180
503
128
211
-456
497
75
-781
-373
58
362
-133
-100
140
309
-169
-169
22
260
-115
-335
219
373
-398
-327
635
-29
-448
32
583
-176
-403
256
369
-392
-353
633
-3
-521
108
402
-358
-105
669
-541
-87
499
907
-495
-1519
785
-486
-316
894
-421
-73
386
23
-502
324
281
-882
272
503
-322
-299
384
231
-507
-33
688
-249
-431
115
589
-470
-505
734
164
-572
117
466
-36
-310
-199
526
91
-582
-32
439
601
429
-554
-695
-457
111
-109
-193
496
201
-439
403
236
-608
-139
313
418
-500
28
166
132
-313
-97
311
16
-223
230
181
-250
-54
178
-38
-115
-22
18
280
-166
-242
293
323
-446
-87
642
-118
434
-365
-738
70
-177
320
628
-711
341
449
-356
-465
496
-12
-798
842
374
-848
178
610
-137
-591
149
418
-133
-456
190
492
-375
-228
337
425
-506
-26
283
53
-338
-92
418
-173
-291
168
362
207
178
-240
54
288
-804
-794
280
385
114
-365
412
136
-121
90
-305
254
78
-339
-48
600
-265
-318
186
473
-509
-165
506
-232
-276
83
398
-123
-306
132
509
-204
-378
340
310
-585
-343
856
-193
-779
684
327
-380
585
1123
-1642
-1191
1001
58
-745
839
499
-855
271
553
-922
67
470
-368
-145
308
68
-375
55
500
-111
-278
-121
509
-39
-435
41
372
-295
-133
298
198
-244
-93
491
-159
-464
165
369
-159
-476
49
1437
-558
-323
780
-1485
-803
1074
190
-756
471
683
-532
-78
57
-172
8
-16
357
-166
-144
19
301
-267
-44
474
-241
-321
207
440
-322
-254
171
350
-204
-387
416
265
-325
-249
629
-361
-322
1705
-273
-2600
929
546
-615
261
449
-73
-80
415
-439
-415
383
3
-339
333
456
-380
-124
279
87
-32
-14
-183
320
29
-295
-119
434
-18
-350
196
307
-240
-17
424
-251
-258
23
437
-213
-308
364
1780
-110
-2979
675
397
-997
477
783
-138
-156
555
-231
-623
554
67
-293
11
293
-34
-333
471
-214
-387
272
376
-172
-440
404
309
-511
-213
378
209
-271
-244
445
164
-747
85
544
-308
-81
295
1750
-929
-2502
770
434
52
233
-374
440
248
-407
-594
454
82
-756
546
634
-373
-326
334
262
-344
-146
152
85
48
-46
40
130
-87
-82
135
100
-217
-8
377
-155
-448
391
237
-441
-242
1043
1387
-1028
-1851
246
-75
-145
793
-109
-343
363
547
-931
-152
610
-238
-53
115
110
-148
11
175
-16
-142
-88
389
-61
-326
28
508
-204
-418
278
310
-340
-291
463
261
-475
-107
400
187
-412
168
1566
-81
-2677
-131
982
-132
485
-357
258
296
-473
-149
1
153
-20
-56
57
390
-262
-183
-17
376
-362
-13
174
94
-50
-142
249
-115
-158
80
106
114
-152
-141
381
35
-425
-30
488
-94
-312
1658
544
-2459
-1096
1123
192
-462
350
470
-500
145
189
-608
91
170
118
-247
160
340
-235
-252
146
226
-227
-99
183
256
-332
-352
639
67
-524
-44
765
-405
-442
523
52
-502
110
603
-339
1058
1535
-3450
-999
1679
-44
-618
686
889
-997
-509
1044
-244
-691
188
443
-184
-103
204
-71
-87
-129
206
39
-64
38
124
-141
-104
67
92
-112
-118
44
306
-157
37
-112
274
-56
-552
533
91
186
741
-327
-1109
-605
581
