705
900
-2129
1497
2767
-3918
39
766
-591
344
-835
1369
1005
-2397
970
1358
-1869
333
608
-508
185
-455
370
404
-858
499
579
-1057
41
1203
-1117
103
1127
-1216
918
16
-1577
1450
357
-1366
1135
-374
-625
1477
-1160
344
997
-2249
1790
866
-287
94
-2436
147
2124
-2392
85
2847
-1244
-382
268
-768
1528
-1727
137
977
-1146
709
376
-990
178
998
-1000
-148
1237
-1041
598
-446
108
1240
-1423
600
323
-867
831
-1154
1260
-122
-996
1511
-1640
999
-241
-164
4045
-5013
-4
868
-1312
2825
-2237
1732
-228
-1116
1347
-1380
1223
-932
-219
1420
-1065
-351
1232
-720
-44
547
-864
727
152
-404
743
-831
127
471
-867
990
-637
242
77
-796
1755
-1445
-129
1356
261
-1251
-1792
2459
-297
-3124
2602
939
-1079
-160
288
589
-1463
530
349
-1203
1556
-496
-759
1236
-613
-468
1053
-463
151
103
-637
1137
-1455
728
-17
-81
78
-1303
1984
-1296
170
584
-1493
2079
-1870
2921
-465
-4175
3254
-2208
730
1090
-915
1201
-1950
2517
-1419
-729
2201
-2178
881
270
-990
1014
-205
-487
658
-500
-47
862
-764
957
-627
135
199
-1288
1634
-1020
149
456
-1361
2485
-1756
-118
1777
-1321
2872
-4468
30
3444
-3536
1074
524
1088
-890
-1439
3343
-2771
609
432
-1490
1749
-584
-545
715
-138
-114
316
-562
949
-650
-2
791
-1043
868
-629
134
852
-1874
1837
-280
-944
1731
-2033
1324
-705
-765
1230
1020
-128
-3334
1944
-318
-1104
2240
-1370
985
-548
-716
1704
-1848
871
-151
-451
999
-883
-177
1069
-726
-82
144
-117
616
-1008
948
392
-1580
1488
-843
-66
809
-1536
2233
-1599
-153
1617
-1882
1067
910
365
-3122
236
3197
-3970
1284
2086
-1056
131
-1433
2303
-1310
-1546
2324
-1392
240
367
-669
649
-320
-101
704
-649
267
351
-879
1397
-1030
65
884
-1649
1694
-1025
-466
1934
-1584
820
-243
-739
1336
-1935
2307
1373
-3967
886
-353
223
-868
1732
762
-2658
2407
-792
-1293
1999
-1569
562
167
-471
343
-284
247
6
-438
749
-266
-430
1358
-1146
477
328
-1260
1356
-836
-221
1288
-1627
1060
308
-744
426
-1053
1631
-796
1085
-1180
-1875
3585
-2617
-1300
3650
-1645
403
-560
221
620
-2003
1581
-387
-144
417
-735
711
327
-1151
1044
-295
-375
782
-1362
1422
-37
-1416
1651
-1021
133
729
-1338
1657
-1075
536
-68
-901
1620
-1449
2966
-2310
-1882
3190
-3030
1024
1348
-1254
1377
-2017
2102
-1030
-593
1499
-1573
734
413
-690
509
-387
575
-142
-982
1483
-483
-417
1181
-1137
571
-74
-1009
1713
-1329
627
-643
415
957
-1739
1566
-959
1565
-112
-4738
4094
344
-2352
718
-96
2594
-2683
134
1786
-1672
380
-658
678
311
-1296
1213
-337
-169
536
-549
336
313
-983
1375
-625
-532
1068
-1513
1367
-562
-332
1084
-1182
1334
-991
-263
1169
-2187
3714
-897
-3843
2925
-1577
651
-97
-26
1396
-1750
1423
-762
-183
834
-1280
1129
-568
-56
439
-685
858
-76
-1090
1264
-57
-670
876
-660
898
-920
-535
1637
-1112
200
270
-636
1313
-1566
1113
-66
-1224
1986
-991
2975
-4439
-1560
5264
-4176
-104
2910
-501
-244
-1871
3293
-2051
-1290
2656
-1720
392
471
-723
556
223
-789
1014
-438
-428
953
-1090
941
66
-609
877
-802
476
6
-810
1883
-1306
334
186
-1312
1642
-1369
2747
-329
-4235
2875
-1186
-830
2354
-1612
1614
-1586
1238
-150
-1400
2262
-1837
351
1196
-1805
706
821
-1189
551
-12
-98
382
-494
777
-314
-763
1088
-1134
839
-302
-310
846
-1856
2579
-872
-991
1852
-866
2058
-3655
-707
3695
-2441
413
-517
1503
393
-2578
2395
-1105
-22
199
-1380
2233
-1506
101
826
-825
477
106
-150
208
-382
419
268
-870
959
-1049
630
649
-1794
1593
-652
154
448
-1688
2675
-1912
-896
3985
-1470
-2232
58
761
-568
53
1721
-1919
823
843
-1852
1498
-584
-312
374
-494
780
-262
-423
700
-235
-378
641
-393
709
-558
211
525
-1581
1274
-149
-313
716
-1607
1515
435
-1986
2064
-992
146
40
1481
-1188
-2865
3266
-262
-2711
1907
625
379
-1807
346
2212
-2870
519
1013
-820
91
156
-86
556
-633
301
455
-889
960
-972
616
450
-1292
1193
-638
-248
1425
-2193
1523
-5
-1082
1313
-1605
1343
-259
1920
-1658
-2046
2090
-1761
837
1531
-1759
1605
-1682
1301
-205
-1120
1527
-1128
-167
1156
-1025
110
485
-373
340
-685
583
429
-930
1057
-317
-852
1185
-1240
599
569
-1352
1467
-866
403
273
-1071
1211
-709
2422
-2422
-3059
4740
-1294
-2057
1472
542
1390
-2991
1633
860
-2533
1365
-70
-304
665
-809
525
58
-426
569
-306
237
304
-1088
1130
50
-1336
1660
-1120
475
534
-1535
1755
-651
-291
441
-1034
1326
-1342
501
1315
193
-1090
-1426
1257
-648
-561
2189
-1971
707
881
-1518
910
-519
290
-199
-86
551
-956
604
303
-1068
874
62
-668
1222
-802
645
63
-1425
1933
-1124
-393
1055
-1240
1196
-692
530
219
-1149
1884
-847
1858
-3488
-1096
5250
-4446
-540
3912
-1468
530
-1777
2120
-926
-1565
2098
-1183
457
97
-528
842
-368
-445
1106
-1061
560
431
-1315
1588
-742
-538
1095
-1286
1236
-377
-704
1371
-1206
1113
-1286
153
1115
-2194
3773
-1042
-3987
4094
-2559
-314
1646
-560
834
-2246
2607
-541
-1568
1610
-883
438
-45
-526
1119
-1119
574
447
-1414
1248
181
-572
849
-612
75
584
-1474
1497
-521
24
45
-978
1953
-1592
270
876
-1689
3375
-1170
-4062
3271
6
-1332
-340
1826
437
-2225
1519
-95
-785
529
-808
687
-53
-128
280
-873
1394
-396
-841
1200
-650
-78
731
-804
881
-875
281
621
-1247
1122
-751
603
198
-1497
2075
-1776
393
1089
430
-520
-2396
1655
120
-1721
2608
-1193
16
438
-654
888
-1482
1597
-1086
-624
2032
-1786
17
1313
-912
120
224
-449
969
-1034
793
330
-1365
1093
-547
400
-209
-798
1736
-1586
1040
283
-1592
2070
40
-241
-2084
2282
275
-3670
3379
933
-1499
-438
525
1304
-2667
1302
694
-1417
1272
-550
-496
1080
-808
-66
981
-904
590
-361
-52
919
-1228
762
-115
-657
1153
-1265
1171
-469
-485
1674
-2375
1279
65
986
661
-3723
2142
-797
-1301
2908
-1661
1061
-1056
531
809
-1977
2122
-1100
-888
1867
-982
-789
1214
-384
-278
148
-215
905
-719
168
732
-1251
817
-349
-358
1194
-1495
921
-176
-471
1510
-1527
999
1355
-1597
-1073
205
2276
-2937
-553
3855
-1767
-696
393
828
-94
-1918
1766
-86
-1197
1453
-760
-2
727
-757
287
384
-359
281
-454
542
380
-1356
1220
-496
185
217
-1254
2118
-1209
-364
1373
-1806
1508
-1171
1961
452
-4226
2753
-1182
-650
1962
-1151
1477
-2040
1365
361
-2225
2734
-1526
-282
1210
-1118
256
413
-218
91
-174
-18
663
-836
899
-350
-179
582
-1587
1791
-284
-1163
1582
-1369
1049
-138
-1238
1933
-997
2667
-4042
-875
3602
-2031
114
-285
1475
340
-2888
2874
-734
-1114
899
-1100
1582
-593
-663
873
-161
-265
469
-126
245
-617
639
362
-1457
1503
-331
-729
1291
-1367
879
347
-1304
2149
-1880
641
2
-21
2629
-4108
1331
-147
-1956
3334
-2032
1492
-871
-559
2201
-3169
2150
-238
-1496
1491
-232
-676
397
32
201
-307
-398
1314
-1101
274
763
-1068
812
-782
-255
1842
-2107
623
564
-638
961
-1653
1813
-652
691
1263
-4659
2597
1391
-3207
1610
167
1887
-2882
-103
3190
-2703
136
783
-748
739
-641
52
765
-780
462
-153
-150
789
-979
725
292
-1248
1539
-1022
-174
1480
-1977
1471
-437
-281
880
-1444
1145
-659
-358
3492
-2212
-1454
-135
135
963
-1250
2186
-1230
-294
1348
-2039
1500
-23
-1339
1216
-271
-248
-207
187
820
-999
253
648
-1025
1032
-179
-456
921
-1164
1894
-1502
387
372
-785
1286
-1348
884
358
-1598
3703
-2033
-2431
2415
-541
-1195
-101
2645
-753
-2263
2817
-1142
-1158
1488
-945
88
209
10
101
-364
590
-263
-354
1112
-1058
224
825
-1351
1423
-1006
-182
1159
-1295
756
37
-432
995
-1343
1111
-1049
129
1666
-632
-799
-793
479
-306
-660
2560
-1743
65
976
-1600
892
-373
26
-157
249
325
-1004
422
928
-1481
735
379
-776
1095
-1066
522
705
-1670
921
360
-774
695
-902
838
-385
-65
928
-1738
1649
1474
-2480
-929
351
2090
-2452
-382
3614
-2516
-84
562
36
90
-1008
871
-238
-232
579
-785
608
135
-818
1256
-948
-81
1210
-1091
727
-134
-980
1391
-1264
916
-40
-631
1243
-1651
1437
-473
-525
1160
-1475
4145
-3124
-3059
3715
-2720
1932
28
-517
1066
-1861
2114
-1354
-116
1005
-1462
1274
-459
-588
1285
-886
-170
929
-687
97
605
-753
1211
-731
-354
909
-1134
1053
-723
-118
868
-823
993
-847
113
1232
2
-487
-2486
1843
719
-3923
3266
1604
-2137
135
403
774
-1805
548
854
-1470
1372
-599
-486
1229
-872
-292
1322
-967
2
756
-1099
1299
-946
297
399
-1231
1248
-731
313
611
-1056
1496
-1679
619
547
-78
1530
-3794
1297
902
-2317
1856
143
279
-524
-473
1545
-1920
996
-261
-711
1587
-1438
181
1092
-1024
40
806
-775
776
-545
426
390
-1316
1082
-528
2
216
-941
1841
-1599
365
1355
-1844
1761
-1031
2257
-2400
-2199
3288
-1761
-354
1343
37
553
-2231
2333
-949
-1143
1681
-1550
825
341
-977
968
-103
-804
1025
-629
81
443
-669
841
-473
-88
301
-933
1251
-688
-262
697
-1363
1774
-1997
995
313
-1830
3532
-1625
-2640
2912
-2200
269
806
652
-655
-844
2445
-1978
261
979
-1541
1402
-640
-444
1117
-948
758
-566
-84
781
-684
665
-5
-534
626
-1094
970
-417
-555
1535
-1992
1265
595
-1389
1271
365
1072
-3389
-113
2750
-3350
1396
1258
-375
-291
-800
2305
-2135
-109
1462
-1670
1157
117
-955
1023
-564
-154
876
-609
131
56
-203
837
-1315
904
-275
-647
1273
-1708
1424
65
-926
1587
-1635
686
746
201
-281
-2242
710
-570
998
1497
-2083
1052
147
-349
102
-807
1401
-1166
-341
1584
-1472
282
831
-683
-73
210
-4
492
-873
821
-161
-729
864
-1355
1595
-375
-935
1755
-1716
1162
153
-1217
2374
-592
-1996
-212
1357
371
-2963
2444
1179
-1532
-87
-389
1810
-1690
-420
1390
-921
209
258
-249
286
-40
-475
763
-542
258
49
-292
1037
-1392
696
672
-1650
1193
-370
122
530
-1585
1784
-1064
-567
1601
1492
-2096
-1878
1067
-37
-27
1469
-865
-140
1232
-1657
678
23
-608
757
-344
-60
373
-602
456
169
-448
431
-522
991
-545
-578
1503
-1316
-84
749
-1000
1249
-981
-509
2107
-1841
843
-182
428
1585
-4047
1653
1149
-2681
1324
124
1385
-2123
332
1870
-2655
1457
60
-1424
1426
-575
-254
715
-607
556
-335
46
507
-961
1128
-321
-274
514
-1539
1792
-264
-1327
1712
-1356
1266
-999
-693
2355
-2288
2309
160
-3083
1008
-1768
2838
-475
-805
1261
-1550
1746
-1939
821
1080
-2463
1402
691
-1609
1046
57
-60
-353
-50
984
-1123
370
951
-1335
955
-293
-841
1528
-1701
1353
-517
-1026
2404
-1583
466
204
-368
2883
-4503
841
1013
-1719
1936
-1162
2013
-2427
1102
580
-2010
1990
-1210
-395
1303
-917
338
-250
-67
656
-571
276
343
-853
1048
-714
-59
1152
-1867
1494
-435
-1229
2045
-1052
560
-509
-506
1439
-2104
1971
1707
-3925
1328
-838
187
-60
659
1461
-2710
2244
-204
-1823
1901
-1237
81
571
-534
202
-98
339
-108
-666
1220
-642
-366
1250
-1425
1274
-990
-349
1777
-1684
867
-130
-902
1767
-1750
1272
-617
626
2016
-5233
2297
445
-532
324
-1360
3542
-2530
-288
1635
-1548
1252
-1555
612
753
-963
647
-318
54
360
-815
668
174
-594
1260
-1200
269
1097
-1919
1436
101
-1338
1128
-672
1052
-1252
9
1479
-2239
2093
2179
-3836
-31
-623
1165
-179
-242
1907
-2320
1533
-338
-1010
1603
-976
-367
1030
-614
78
98
65
323
-978
936
74
-1120
1436
-136
-518
534
-971
517
491
-1238
1626
-994
547
355
-1076
1275
-1365
734
-228
447
2812
-5661
1155
3200
-4268
2237
20
577
-414
-1507
2528
-1696
-14
404
-838
1340
-923
-106
921
-841
229
495
-767
575
-200
-563
1546
-1519
593
448
-978
1091
-1269
1112
230
-655
501
-1275
1589
-978
1488
1044
-4339
2029
-76
-1625
2351
-897
797
-881
119
950
-1805
1300
-307
-447
629
-1012
1035
-196
-698
994
-386
-543
1241
-1034
744
-58
-797
1195
-1477
769
477
-778
282
-862
2137
-1125
-1053
2532
-1781
2886
-3399
-1784
3508
-2708
1313
1236
-1103
1139
-1984
1853
-717
-276
389
-1415
2124
-661
-818
1030
-415
-329
864
-723
805
-421
-333
1214
-1380
691
183
-583
701
-969
1141
-239
-598
1494
-1921
1620
-1016
-1109
4357
-3162
-851
913
-1010
1589
-1063
1571
-1332
399
399
-1113
1228
-1060
1
390
-545
984
-676
-217
1168
-1075
244
669
-729
717
-397
44
628
-1162
884
-488
-306
1235
-1675
1591
-781
-791
2125
-2072
2639
693
-5678
3046
979
-1902
484
931
1426
-2994
1385
772
-1543
1017
-930
415
754
-1239
1152
-293
-252
570
-697
514
162
-450
489
-355
311
206
-1138
1427
-752
168
406
-1184
2146
-1786
-194
1595
-2093
3054
-421
-3016
1782
-1286
1129
-422
705
59
-1212
1383
-1080
401
391
-1193
1182
-434
-382
767
-898
717
228
-641
409
-110
121
357
-839
1272
-1051
52
534
-1155
1643
-1391
234
1699
-2111
1466
-395
1057
337
-4565
3411
121
-2908
1648
822
995
-2436
1296
1033
-2590
1757
-552
-663
1277
-959
229
459
-441
20
210
-327
845
-839
331
473
-868
910
-1038
849
162
-1397
1551
-543
-88
579
-1540
1888
-1321
-577
4504
-3763
-756
1189
-1021
201
447
1771
-2408
866
1552
-2683
1764
-675
-357
884
-900
694
74
-792
762
-317
-314
636
-391
834
-914
293
817
-1471
987
-407
-336
1417
-2386
1780
196
-1571
1586
-1469
1128
1565
-1775
-1609
511
1813
-2749
653
2768
-2133
359
-650
990
172
-1826
1179
133
-386
179
-475
770
-50
-713
879
-416
-15
346
-478
1081
-801
-697
1672
-1753
890
122
-739
1417
-1773
1200
154
-1236
1192
-255
2361
-3159
-891
2278
-2906
2790
-796
-194
925
-1669
2178
-1583
13
917
-1266
762
216
-957
378
280
-229
-22
-264
641
-82
-902
1598
-693
-867
1411
-1100
538
-200
-755
1771
-1176
243
470
-1020
1040
-671
3447
-3649
-2845
4730
-2831
483
1217
-535
1417
-2945
1952
422
-2177
1439
-525
586
-189
-478
812
-211
-436
569
-387
30
343
-645
1446
-1389
427
723
-1644
1641
-784
-394
1168
-1294
1493
-1161
48
507
-940
3859
-4209
123
1438
-2532
1968
-962
1512
-483
-1459
2973
-2599
599
612
-1149
902
-261
102
-289
72
718
-983
216
937
-1222
1135
-576
-326
1367
-2024
1407
-39
-1264
1299
-1426
1863
-1120
-12
1310
-2242
2506
1136
-3820
-449
1160
1631
-3153
1538
2680
-3056
1077
-428
553
-409
-1025
1034
-342
362
-49
-575
1053
-480
-584
1292
-1140
511
499
-988
969
-473
-926
1541
-1036
314
53
-110
1049
-1870
1261
33
-762
392
858
2238
-4804
96
3419
-3433
945
1398
71
-607
-976
2024
-1260
-705
1128
-487
51
-21
-480
1139
-745
-395
1306
-926
-119
879
-561
766
-637
-599
1435
-1199
507
-334
-293
1280
-1112
946
-381
-982
1681
737
403
-4090
1016
2270
-3597
2974
621
-1425
280
-254
794
-1173
309
681
-1210
1294
-208
-1331
1468
23
-993
1149
-526
-204
897
-1316
1654
-759
-493
928
-1106
993
-639
213
969
-1378
1349
-1053
-246
1106
1116
-375
-3488
471
1984
-931
655
-107
239
260
-1239
1193
-482
-334
15
40
826
-1106
269
1016
-1212
163
1246
-1254
927
-357
-54
760
-1638
1426
-254
-501
374
-631
1426
-1606
635
1371
-2304
2535
940
-4105
1262
5
-309
-15
751
1348
-2478
1092
504
-616
-186
-562
1005
-378
-380
792
-315
-385
724
-541
466
-278
-191
1014
-1240
831
218
-997
724
-599
506
246
-764
1500
-1732
835
473
-1958
1759
1939
-2173
-1702
885
1004
-1597
123
2145
-1409
-19
-70
831
-692
-703
1294
-616
-220
598
-1110
944
332
-1347
1068
-276
38
296
-566
1075
-1028
-268
1363
-1505
655
-460
752
-11
-1718
2690
-1232
-229
4142
-5386
270
1506
-2233
2440
-894
1263
-967
-357
1136
-1436
1246
-1099
-326
1715
-1719
508
1044
-1269
641
-198
210
197
-719
923
-48
-979
1012
-893
558
-239
-421
1151
-1546
1898
-576
-973
1789
-2011
631
3336
-3464
-361
-185
338
116
160
943
-1259
1099
-400
-712
1029
-1049
492
70
-252
541
-1081
859
581
-1367
774
163
-214
541
-1091
1245
-898
-230
1017
-1215
1221
-1119
444
1224
-2364
2222
350
270
-2052
-1895
4650
-2562
-2459
3438
327
-819
-1730
2262
-259
-2293
2510
-1034
-379
946
-1078
650
402
-703
81
589
-496
426
-555
714
-87
-830
951
-1023
921
-181
-885
1798
-1191
241
445
-1233
1673
-1795
3740
-2463
-3317
3660
-1281
-258
909
-193
1314
-2724
2073
-208
-1584
1739
-1708
1353
-257
-978
1121
-297
-643
1002
-491
50
63
-121
898
-1388
952
-2
-986
1081
-1059
791
-43
-990
2563
-2078
392
791
-59
2507
-5427
1282
2698
-3822
1855
139
1741
-2094
-572
3072
-3481
1238
555
-1575
1489
-261
-722
784
-89
-270
206
-224
772
-968
207
1041
-1000
294
-192
-278
1257
-1489
636
862
-1196
1182
-1344
624
245
-1624
2594
1611
-5621
2040
1245
-1512
-834
2248
648
-3162
2504
56
-1739
1084
-475
730
-436
-652
1420
-1131
413
290
-750
705
-267
382
129
-662
986
-642
-770
1750
-1315
385
-437
-288
2103
-1997
713
618
-1688
2888
50
-3365
108
611
278
-991
2413
-676
-1131
1457
-1517
962
50
-1632
1585
20
-499
139
-100
622
-566
182
632
-1070
675
69
-420
1032
-1475
897
337
-1656
1776
-812
162
592
-1500
1629
-1133
-205
2835
-1529
-1729
5
1056
-1061
342
2243
-2562
1243
279
-1567
1402
-989
580
-367
-144
751
-949
197
586
-496
245
-370
481
603
-1627
1650
-597
-1143
1709
-1026
623
-109
-1522
2781
-1273
-205
622
-676
967
-2265
5037
-3945
-3957
5472
-2778
1015
-365
-49
2956
-4704
2671
-61
-1632
1476
-1407
1751
-552
-777
959
-480
226
295
-566
857
-958
264
1169
-1700
1279
-204
-1142
1988
-1867
811
17
-218
909
-2188
1967
-871
1833
-57
-4329
3906
-1875
-648
2217
-1809
2537
-2844
1389
901
-2188
1454
-581
97
327
-716
711
-510
135
383
-1048
1173
173
-1009
1107
-174
-976
1060
-1357
1200
40
-1347
1257
-749
929
-533
101
1074
-2229
2266
2344
-6332
1764
1912
-1217
-951
487
3020
-2880
-101
1996
-1912
234
-85
263
182
-535
994
-921
271
796
-1007
616
45
-672
1138
-801
87
677
-1495
1420
-371
-373
504
-385
1049
-1459
64
1147
-2029
1344
2714
-3339
-626
282
809
-737
327
1543
-1629
678
268
-1136
1083
-770
177
29
54
156
-939
1087
115
-1279
1183
-44
-878
1285
-671
529
-446
-822
1620
-782
-171
-28
-243
1561
-1703
970
453
-1850
2172
823
-1729
-1824
1053
1661
-2805
1010
2380
-1821
190
-52
602
-935
-257
1038
-1123
768
206
-1042
1093
-20
-760
1107
-829
380
-13
-745
1647
-1232
1164
-875
843
-787
-15
1609
-2228
1448
-967
-231
1221
-1012
4061
-4176
-2057
3504
-2406
1946
-359
309
75
-1625
2710
-2282
512
644
-1098
1397
-772
-342
1183
-794
8
740
-979
658
99
-141
672
-1137
604
219
-835
1190
-1189
615
-19
-665
1731
-1643
367
340
973
546
-5176
2863
2686
-4094
737
1165
1396
-1970
-416
2354
-2152
1025
-60
-451
1276
-1247
316
618
-847
517
173
-272
568
-756
398
669
-1327
1000
-523
792
-141
-1569
2294
-936
-335
508
-1089
1728
-2003
1990
3016
-6840
2171
1162
-1455
734
-270
1939
-2773
1416
1181
-2743
1933
-820
23
643
-1136
1132
-189
-478
361
-59
-292
730
-536
686
-211
-433
613
-1416
1396
4
-602
730
-1341
1768
-423
-1506
2335
-1685
94
2441
-969
-3396
1974
697
-2087
1093
1445
-1427
173
299
-365
412
-925
303
504
-452
222
-227
230
354
-808
773
-106
-551
764
-813
975
-291
-903
1398
-1173
178
894
-1308
1659
-1018
-97
766
-1988
4936
-2720
-3620
2693
-661
859
-671
979
-4
-1620
2616
-2228
283
1413
-1855
971
245
-1039
928
-567
86
280
-357
618
-902
958
142
-1121
1036
-890
123
869
-1449
1324
-1092
679
1064
-2348
2082
-620
357
2214
-5407
1889
1309
-2294
1249
-90
2202
-2812
743
1730
-3134
1846
-402
-984
1574
-776
124
-80
206
236
-854
828
60
-625
668
-156
-482
843
-1193
974
323
-1520
1848
-767
-317
613
-1043
820
-987
1006
3271
-5915
1120
1416
-1456
1386
-961
2098
-2061
128
1930
-2931
2037
-403
-1132
1801
-1379
425
282
-364
410
-506
399
143
-700
1302
-602
-560
1047
-1493
1188
-228
-821
1329
-1178
1153
-35
-1325
1814
-1882
2566
-1
-4103
2149
-221
-245
-822
1976
780
-3217
2403
-448
-1378
1563
-1353
658
223
-406
386
-430
497
-78
-478
1025
-634
-345
964
-1152
1159
-760
-722
2004
-1531
184
709
-908
1429
-1646
776
373
-1463
2018
883
-2401
-429
440
393
-1593
2431
60
-2148
2202
-1304
-19
279
-591
773
-518
134
125
-340
577
-374
-1
-297
-349
1424
-1511
595
448
-1282
1457
-951
-591
1685
-1551
986
-116
-172
287
-1911
4349
-1313
-4839
3960
-787
-653
-8
728
1923
-3782
2579
-125
-1530
1536
-1044
311
441
-423
273
-480
670
159
-1077
1445
-974
276
513
-1153
1499
-1138
-512
2153
-1970
614
184
118
262
-1966
2289
-1110
-652
3746
-3365
-339
-538
533
881
-1024
2235
-2145
668
976
-1672
1079
-356
-498
601
-453
544
-489
503
-11
-1014
1414
-527
-575
1379
-984
374
562
-1418
1447
-881
195
460
-941
1490
-1204
441
245
-1384
3985
-2252
-3169
2514
-433
561
-2362
2573
1232
-2734
889
-44
-242
263
-862
950
-14
-344
279
-492
721
-88
-595
853
21
-1007
1171
-448
-462
1153
-1152
639
-12
-967
1409
-437
129
-314
-572
1118
-1444
136
2152
935
-3599
-1026
2752
-685
-1767
2471
637
-2294
1482
24
-704
-49
192
450
-871
656
-112
-383
632
-482
-535
1190
-635
-248
1094
-718
491
-735
37
1106
-1009
328
-205
-220
1038
-1369
1208
-697
227
2849
-5784
1488
3383
-3068
532
-810
2390
-836
-1802
2743
-1835
510
-687
127
1056
-1419
1056
-211
-608
1135
-986
357
561
-779
1182
-1083
298
488
-1518
1369
-183
-410
526
-672
1947
-2082
575
858
-1832
1194
1668
-668
-3280
166
2495
-1712
1082
74
-348
458
-1194
1561
-1238
178
284
-385
862
-971
160
1192
-1188
169
891
-1373
971
100
-302
647
-1426
1075
-95
-764
843
-1246
1862
-1589
21
2104
-1588
2658
-3603
-1804
5118
-2511
-979
776
1499
-29
-2834
2879
-758
-1046
583
-245
1058
-1071
-60
1225
-1168
330
655
-848
638
-349
161
592
-1537
1227
27
-913
1092
-1419
1415
-881
-33
1502
-2034
1364
-737
87
3962
-5704
800
1243
-1375
1081
-767
2136
-1759
186
1191
-1780
1028
-441
-248
1040
-940
492
17
-602
791
-398
-314
994
-645
-23
683
-723
645
-922
662
529
-1544
1027
-229
285
0
-1125
2094
-182
17
-1955
-661
3180
-3270
-170
3206
-1306
-774
-340
1431
-795
-1329
1831
-880
104
867
-1707
1166
667
-1500
483
779
-1068
651
-444
776
-1
-1161
1469
-785
-25
76
-231
1290
-1769
729
1121
-2124
1312
828
1121
-3271
-1090
2935
-1679
402
1005
-865
560
-1036
1167
-708
-699
1598
-1480
730
375
-932
623
109
-546
719
-707
313
582
-1021
1287
-1086
606
191
-1065
1190
-1247
1038
-378
-669
1925
-2435
2075
2008
-5141
1344
852
131
-795
-66
2355
-2283
797
-318
-80
615
-1624
1412
-120
-531
814
-472
-77
894
-1220
628
312
-634
684
-680
640
-83
-946
1103
-541
129
454
-1015
2088
-1953
-51
1697
-2071
1015
-498
3608
-3176
-3153
5149
-2643
-889
2249
-280
772
-2670
2708
-411
-1937
1937
-763
-525
925
-627
-90
887
-904
299
162
-508
959
-496
140
292
-883
698
-324
-359
1302
-1810
999
570
-1147
1222
-1016
572
-1
-56
3329
-5413
632
2599
-3308
2559
-992
1407
-265
-1975
2942
-2716
955
277
-1777
2459
-1125
-754
1159
-365
-44
-83
441
-41
-924
1014
391
-1210
1098
-920
994
-2235
2076
-118
-1030
1252
-1546
1395
-908
387
3556
-5210
539
873
-632
625
-41
1639
-2647
1506
857
-2839
2476
-724
-598
638
-534
613
-457
267
481
-824
310
433
-421
728
-846
1180
-536
-1387
1950
-925
-224
263
-792
2281
-1855
216
1571
-1729
3098
-2995
-1556
1842
-361
1202
-2645
2170
935
-2263
1300
-900
1370
-1762
-435
2424
-1309
-381
861
-64
-389
-90
556
290
-1153
1314
-202
-1093
1197
-834
237
547
-1553
1780
-306
-725
1129
-1393
1522
-1583
-620
3747
-1415
-2832
1408
38
-759
-172
2539
-1567
-845
2277
-2163
494
972
-1180
208
440
-208
98
-555
830
-258
-743
1077
-725
622
-10
-604
1070
-1126
-449
1809
-1757
741
273
-899
1610
-1704
1072
148
-854
2809
-1738
-2114
1532
375
-1135
-1334
3811
-1035
-2305
2978
-1242
-492
557
-779
619
-203
111
-87
-13
971
-1196
355
886
-1056
594
-35
-475
1107
-1547
958
622
-1723
1574
-1063
792
253
-1090
1221
-1694
2648
439
-4032
2456
-1422
272
191
363
1571
-2844
2120
-267
-1852
2028
-1069
-143
527
-207
278
-796
843
153
-806
737
-268
-346
1167
-1464
1169
32
-1536
1814
-1138
242
143
-571
1674
-1788
855
513
-1553
2068
751
-2010
-2175
2350
679
-3297
2717
1338
-2345
854
-357
404
-662
-281
802
-815
1009
-615
-327
972
-698
-334
1315
-1231
582
371
-924
1644
-1760
587
1188
-1634
693
-224
445
212
-1091
1730
-1994
2622
1512
-5775
2277
-281
-144
780
-965
2606
-2811
1077
1102
-1777
933
-726
347
-58
-314
382
-21
-539
719
-390
-125
829
-1044
1507
-778
-786
1573
-1310
72
755
-880
728
-737
1138
-165
-1266
1963
-1284
3122
-3488
-3249
5740
-1795
-2612
2152
649
1269
-3616
2410
529
-2720
1849
-580
282
-122
-342
523
-97
-335
875
-626
2
892
-1507
1235
105
-982
1261
-1066
10
1091
-1134
1055
-735
951
-485
-1313
1736
-468
2325
-2951
-1456
2863
-2365
793
1503
-1098
611
-1228
1421
-690
-761
916
-706
777
-108
-910
1130
-362
-297
718
-1088
1385
-595
-413
1672
-1936
592
793
-1130
1026
-1323
1150
-367
-673
1969
-1481
877
2215
-3069
-1009
640
882
-1113
280
2337
-2447
111
974
-535
55
-396
326
144
-251
390
-462
477
40
-917
1209
-209
-1025
1242
-252
-418
796
-1237
772
73
-839
1081
-688
1106
-714
-333
1231
-2053
1037
2788
-2508
-903
157
-102
-320
268
1862
-1556
19
1474
-1900
496
469
-490
88
-380
1004
-1155
50
1460
-1277
207
509
-575
949
-1068
781
478
-1702
1438
-578
76
-143
-786
1914
-1620
474
1060
-1854
4531
-3633
-2234
2440
-1169
1183
-1405
1587
330
-2272
1650
-726
432
-751
-468
1607
-1059
69
510
-326
80
14
-386
1055
-853
-48
1211
-1141
527
-574
-119
1023
-918
487
94
-323
861
-1662
1772
-666
-1671
2678
742
-2676
187
85
-388
-445
1079
920
-1897
1715
-601
-307
133
-503
735
-727
276
373
-1026
936
126
-1076
1151
-628
640
-232
-590
1358
-1236
-116
894
-766
987
-1451
537
1385
-2239
2118
-1282
1598
1612
-6372
2822
1794
-2566
1368
-897
2479
-1743
307
408
-1788
2267
-1890
164
876
-740
504
-264
181
656
-1067
404
662
-1001
761
-286
260
-7
-1293
1921
-600
-776
720
-571
1947
-2476
282
1977
-2574
1043
2576
-1100
-2274
-783
1140
-215
677
360
-554
864
-1043
202
152
-630
659
-405
71
656
-1012
519
617
-1032
603
107
-90
382
-543
659
-89
-902
1149
-688
508
-464
-1109
2505
-1366
-287
1263
-1637
1879
2057
-5345
1282
1622
-2084
-50
1499
851
-1736
966
82
-1005
1040
-1276
486
517
-609
536
-589
145
804
-1001
315
724
-909
537
-137
253
124
-1078
1784
-1265
-14
471
-420
1346
-2107
909
646
-2167
3544
-1149
-2251
469
-532
1413
-822
1357
-487
-739
1184
-1253
914
-311
-817
1232
-1093
441
516
-750
349
137
-488
570
-599
727
-145
-372
1167
-1697
683
187
-760
1248
-1630
870
1177
-2078
2017
-1149
405
2691
-3783
-61
800
-1268
673
599
1169
-2035
1087
134
-1620
1942
-1293
-208
975
-496
-14
185
-202
630
-593
218
259
-398
766
-1180
1110
49
-1476
1410
-557
-319
797
-1122
1923
-1502
-225
1500
-2371
2845
879
-4072
1603
-724
75
-178
1312
321
-1676
2139
-1830
227
1126
-1728
1013
391
-1079
668
-111
-78
162
-373
893
-1004
551
550
-1108
990
-810
78
921
-1576
1507
-1040
-202
1819
-2213
1650
-378
-782
3369
-2909
-1939
2091
237
-1798
706
2673
-3186
1308
806
-1525
720
-406
56
275
-321
673
-509
90
495
-930
715
44
-157
614
-1145
1145
17
-1416
2057
-1579
450
543
-1391
1950
-1377
247
694
-1784
3819
-1373
-2810
220
-206
1972
-1529
1723
-285
-1178
1646
-1901
1242
322
-1980
1441
35
-568
389
-216
423
-288
103
467
-809
746
513
-1120
1165
-995
88
819
-1712
1811
-747
-138
1168
-1573
1415
-794
370
3027
-5760
911
2094
-1323
-258
-39
3031
-2518
-514
2510
-2692
908
196
-596
698
-482
314
-22
-249
286
-37
-209
503
-713
856
-451
-541
1610
-1989
829
1025
-1578
979
-505
774
42
-1590
1858
-1352
2768
-1113
-3382
2122
-1223
1304
406
-1118
2144
-2177
1142
-149
-1282
1982
-1902
616
861
-998
456
33
-207
154
-429
810
-47
-841
1593
-1086
-245
966
-1397
1110
-265
-706
1493
-1748
1561
-309
-598
1086
-1888
1655
1789
-2903
-646
419
874
-1803
1613
1931
-2948
1669
-793
-339
689
-944
405
-275
703
-73
-982
1336
-593
-556
1111
-1143
995
-96
-1015
1655
-1066
-521
1590
-1518
1006
-324
-234
1040
-1849
1412
-604
-102
337
1166
-423
-2817
1655
347
-2324
2958
-844
-250
408
-816
1199
-1203
273
519
-773
843
-836
387
602
-1259
878
307
-1166
967
0
-320
879
-1589
876
123
-1032
1408
-1385
733
281
-310
873
-1781
1471
1829
-1376
-2216
-235
2176
-2244
-202
3882
-2024
-804
999
-648
259
-885
862
-388
-103
1117
-1430
556
603
-995
544
141
-738
1242
-1185
718
633
-1653
1339
-590
-141
434
-796
1309
-787
-2
741
-1465
2259
505
-2666
598
-1435
1369
-530
612
1126
-2287
1719
-433
-934
1033
-799
343
-145
290
133
-755
934
-8
-1180
1712
-483
-490
1142
-1270
1040
-641
-762
1776
-1027
-14
31
-14
1075
-1890
1957
-409
1167
-411
-4211
2896
-791
-408
2308
-2070
1318
-508
-634
1322
-1592
1093
-959
271
1339
-1616
497
714
-914
230
734
-1115
1230
-689
-132
1408
-1937
757
478
-888
570
-760
1159
18
-1225
1720
-1228
276
-208
-248
5043
-5916
-1030
2313
-1182
2793
-2486
1166
1245
-2228
1550
-1451
1254
-586
-939
2151
-1219
-611
1070
-514
460
-177
-687
1474
-1063
-80
1276
-1404
665
-214
-256
1118
-1543
1195
-811
906
355
-2041
2510
16
-636
-1570
-372
2892
-3039
356
2605
-1634
488
-1320
1635
-514
-669
656
-1047
1589
-655
-916
1572
-711
-181
669
-953
1192
-801
-138
1461
-1886
951
287
-718
633
-1212
1915
-1568
-241
1929
-1709
3920
-3620
-1997
3537
-3082
1617
413
-137
678
-1899
2034
-1460
318
405
-904
1353
-559
-561
896
-571
385
49
-813
1363
-534
-356
1125
-1031
233
149
-891
1506
-1156
-56
816
-399
908
-1442
928
50
-1984
5000
-2855
-3798
3929
-2165
563
-8
851
980
-2573
2071
-938
-629
1052
-1456
1557
-473
-609
1141
-1093
341
676
-985
448
160
-583
1071
-1074
612
139
-949
1341
-1060
388
30
23
943
-2163
1547
-157
-615
4387
-5168
3
1136
-1717
2626
-1065
561
-347
-364
1395
-2085
1657
-536
-1075
1622
-1059
282
323
-603
630
-230
-853
1578
-733
69
631
-796
769
-1229
525
660
-1359
761
-274
547
276
-1531
2548
-1374
2004
-1789
-3326
3940
-2242
-148
2344
-1300
1396
-2066
1408
-69
-1638
2070
-2189
1202
917
-1919
1346
414
-1384
849
361
-778
702
-760
1212
-585
-778
1352
-988
244
73
-261
1192
-1755
1632
-253
-1613
2096
-2149
3222
-709
-3174
1699
-2042
2222
676
-1636
1284
-1127
1434
-2134
954
1513
-2760
1543
550
-1397
908
-180
187
240
-846
1189
-532
-521
1144
-579
451
-587
-342
1222
-1630
1347
-871
179
1512
-2737
2486
381
-148
-1107
-1779
1157
-629
1494
386
-1527
1756
-1611
647
-86
-457
371
-1118
1407
148
-1444
1130
418
-1431
793
109
8
18
-406
1137
-668
-772
1445
-952
-91
-102
224
1164
-2515
1885
425
-1251
4060
-4638
-821
2252
-2680
2678
-782
823
-424
-732
1776
-2275
1376
-414
-1013
1808
-819
-912
1575
-701
-56
410
-564
826
-396
73
874
-1180
467
-34
-625
1175
-1559
927
200
-635
1646
-1579
2419
556
-5795
3343
312
-1824
613
606
1915
-2848
1426
487
-1515
840
-731
358
474
-851
813
-325
-380
884
-937
156
940
-704
71
154
9
166
-1288
1500
-164
-814
917
-953
1985
-1716
-174
1966
-2418
693
3477
-2900
-1901
837
961
-1679
799
1995
-1607
2
452
-25
-236
-976
1585
-692
-584
1178
-947
466
221
-570
368
-191
-7
806
-943
796
-454
-355
708
-1309
1802
-717
-759
1626
-1425
1110
-232
-1025
3202
-1565
-2053
1161
-1440
569
739
854
-1022
-17
1213
-1971
1416
-74
-1393
923
-78
228
-122
-458
720
-133
-534
899
-527
304
-257
-68
1247
-1830
888
365
-823
680
-1231
1829
-407
-1821
2729
-1687
-17
2818
-688
-2356
-724
435
1435
-766
521
-645
965
-830
-327
1299
-1969
1116
430
-952
419
215
-388
449
-436
440
-257
-55
900
-1210
951
-114
-1109
1159
-706
54
691
-1728
2001
-869
-288
1399
-2362
1506
2801
-2635
-2360
1014
665
-986
915
1328
-1727
1054
-975
175
693
-1329
625
127
-98
386
-734
