-44
189
2486
-1680
-2697
1486
1640
-557
-3792
250
4885
-1511
-3801
1987
1879
45
-1885
-794
2736
-237
-2181
652
1255
-712
-443
312
192
329
-259
-931
1134
499
-1750
725
1145
-1010
-31
-288
55
1086
-919
-144
1247
-796
22
293
-506
948
-22
-390
-898
-789
2951
-261
-4239
1392
2843
-1457
-1467
70
1843
924
-2528
964
1730
-841
-1084
579
1021
-143
-1371
291
1634
-1543
-249
1008
-290
60
-1007
1586
66
-1394
792
-248
612
-1023
514
175
-168
526
182
292
-2183
2463
40
-3372
1329
714
820
-2223
490
2102
-1219
-647
489
1302
-1666
-23
1455
-1222
106
594
-240
272
-513
614
560
-1240
754
120
-22
-412
-203
871
-867
635
-643
953
-3
-681
2400
-2379
-1676
2118
2642
-4489
-1807
4640
-241
-2835
-213
3311
-1095
-2838
2985
-123
-980
-589
1123
535
-2210
1143
1451
-1300
-237
417
626
-837
-321
1292
-366
-480
-1044
2006
-673
-870
950
-458
1195
-1921
2200
1009
-1292
-2414
2368
-88
-3884
2455
1252
-458
-1786
1482
2451
-3628
1059
1187
-888
-286
-125
1111
-471
-1163
1509
189
-950
322
500
-34
-1230
1351
247
-1092
509
-821
1476
-852
-300
1726
-1479
662
-753
1115
1451
-3485
267
2905
-2033
-3437
3808
835
-2973
487
1064
1377
-2871
481
2884
-2351
-728
1878
-332
-726
-298
852
387
-1413
654
613
-428
-197
-123
1535
-1683
103
1155
-1071
738
-1275
1067
122
-990
1679
-355
-186
-1126
1293
-817
-1087
773
-85
705
-1623
1746
444
-2000
1581
-401
-243
337
-134
80
-424
459
218
-217
154
-241
622
-635
-241
1184
-1279
945
-772
151
940
-1648
1452
-460
467
42
2285
-3551
-2251
5523
-648
-5258
972
4128
-1810
-3384
3561
1109
-1749
-1310
1931
250
-2523
1656
1070
-1004
-553
482
744
-772
-437
1426
-892
132
-143
-310
1199
-1571
776
205
-712
818
-1207
1132
212
1255
-1806
-991
1270
271
-1443
-1922
3616
-493
-2602
1784
908
113
-2171
1386
1244
-2151
238
1185
-467
-519
143
780
-286
-999
1400
-347
-544
661
-772
571
-712
-14
1347
-1332
853
-311
228
-348
-112
1187
312
-2377
-830
4295
-1817
-5173
4711
1259
-3021
-1051
2215
1639
-3586
928
2325
-1484
-1072
1022
1328
-1582
-217
1473
-982
217
69
-121
974
-1660
1442
-326
-733
803
-565
927
-832
432
-571
700
229
1344
-2100
-1830
5173
-2696
-3224
2100
1992
-1559
-2746
3158
1250
-2656
-136
2089
-261
-2093
1778
588
-1924
693
1126
-770
-144
-76
669
-149
-1155
1835
-671
-678
-40
308
810
-1596
997
13
-521
457
-647
1025
239
1322
-3992
1254
3168
-4584
1116
1124
58
-1374
-34
2949
-2244
-396
1250
199
-804
-324
1590
-615
-1536
1838
-104
-943
863
-255
234
-706
1075
283
-1177
697
-633
1042
-695
-73
527
-1002
1426
-693
2047
-2495
-848
3062
-2520
-920
373
1762
-974
-1394
1957
-112
-578
-737
1632
-319
-1601
1660
-89
-1187
878
-3
24
-261
-75
1173
-891
-126
698
-560
235
-789
1288
-617
-492
1073
-889
1244
-1062
1508
-68
-3033
2898
-309
-2050
-518
2327
-203
-2274
1584
758
-241
-1524
1338
954
-2374
1419
537
-1001
176
-226
801
36
-777
838
-375
197
-235
266
34
-469
609
-1269
1708
-849
-120
733
-748
2049
-780
-81
-1789
2174
-670
-2978
1821
985
-589
-1929
2705
315
-2410
1387
183
-108
-1108
731
1103
-1620
144
1172
-459
-299
84
978
-1043
51
472
-644
1063
-1151
796
-35
-1100
2127
-1598
1686
1017
-3955
-103
4643
-1259
-5231
3376
1958
-2648
-1314
1777
2701
-3941
526
2705
-2027
249
641
283
-1295
192
1595
-1384
-381
932
389
-1005
-49
1643
-1543
242
300
-75
1311
-2194
1649
-417
95
288
1084
170
-3283
1655
1345
-2524
-1134
2578
682
-3109
1937
869
-435
-866
305
1162
-1570
-7
1586
-1053
-277
798
205
-601
-491
1215
-388
-513
990
-1071
749
-559
-209
1340
-1422
1267
-720
76
803
192
497
-3675
2465
1969
-3395
-1020
2556
1225
-4206
1610
2701
-1505
-853
144
2036
-1774
-1007
2142
-295
-1329
105
1337
-311
-1076
1058
-236
43
28
-547
1410
-1860
1003
-47
-555
1538
-1312
702
-90
2141
-2981
-905
3164
-1638
-2297
1303
2582
-2794
-300
2429
-783
-620
-501
1522
-536
-1018
1229
-1
-651
261
426
-108
-405
560
736
-1536
954
102
-547
529
-1115
1473
-518
-856
1305
-1028
1049
-23
1226
-3870
605
4612
-2914
-2676
1610
2607
-2324
-2792
3895
491
-2084
-294
1358
-14
-1954
1389
1168
-1032
-488
529
753
-1040
-338
1599
-1082
395
-643
148
1169
-2060
1656
-380
-212
400
-1030
1136
569
1487
-4067
1118
2423
-3037
-1121
1868
1935
-3440
646
2852
-1246
-1181
230
1472
-1235
-551
1199
-417
-596
459
341
15
-972
983
241
-1507
1644
-368
-526
326
-866
1596
-1219
326
687
-364
96
307
757
-3087
2089
2136
-3367
-433
1551
1747
-3457
350
2665
-1189
-805
489
1306
-1417
-498
1702
-681
-447
135
906
-275
-1428
1869
-376
-823
912
-1072
1620
-1671
355
870
-773
223
-79
346
-544
1876
-515
-1692
324
1641
-2805
-2000
4730
-1409
-1490
814
1111
377
-2665
1899
663
-1773
555
537
228
-1267
562
1192
-1148
291
490
-856
957
-957
502
410
-852
596
-1010
1185
-81
-468
476
-67
1429
-597
-2629
648
4082
-3357
-3815
4992
655
-3565
-127
2473
789
-3424
1531
2116
-1876
-1184
1586
1216
-1981
-380
2054
-1007
-966
1292
-232
375
-1043
722
312
-1262
1154
-413
460
-850
-17
360
278
2276
-3128
-30
1239
-120
-2012
-97
3583
-2644
-1100
2256
558
-1371
-797
2419
-1349
-835
1293
-181
-649
250
306
506
-869
-221
1841
-1665
328
707
-620
182
-759
1147
-538
-383
1053
-636
917
65
-762
-2099
3460
723
-5652
1927
2682
-1171
-2192
426
3518
-2622
-1179
2044
583
-1720
-124
2145
-1176
-1250
1691
-314
-198
7
222
672
-1726
1358
412
-1286
514
-393
1056
-1115
358
114
323
-642
914
1647
-4172
1487
1671
-1655
-1901
1096
2984
-3770
333
2171
362
-2002
211
2286
-2184
72
1306
-846
30
-156
618
224
-1470
1380
467
-1343
727
-179
416
-834
322
794
-903
490
-717
1241
-525
387
1546
-3623
863
1995
-792
-3229
2208
2626
-3601
105
1826
911
-2332
265
2532
-2396
-49
1363
-306
-200
-616
992
599
-1785
876
648
-635
153
-232
844
-1130
395
90
-51
460
-1167
1170
-1082
1028
857
-366
-1707
-369
3290
-3612
-946
2715
228
-1536
-1084
3307
-1187
-1643
1723
100
-603
-1014
1372
475
-1774
742
1292
-1527
266
478
-79
-184
-181
903
-1197
419
271
-364
554
-1156
1697
-743
-381
1832
-190
-2059
-955
4175
-2333
-3565
3049
970
-1439
-1696
3082
229
-2707
1262
633
172
-1383
580
1489
-1799
-264
1858
-815
-426
387
421
-465
-564
1375
-710
-57
-27
32
982
-1745
1708
-621
415
683
-1723
52
515
898
-2966
538
2257
-1172
-832
46
2784
-2545
-487
2334
-1451
93
3
411
387
-1291
836
682
-1198
465
267
31
-328
127
514
-1363
1241
-258
-30
361
-927
1721
-1380
1942
-85
-3097
825
3154
-902
-5122
3358
2626
-2727
-1646
2218
2652
-4269
713
2914
-1948
-553
354
1358
-584
-1424
1616
292
-1339
473
725
68
-1168
1094
-107
-1039
914
-672
1363
-1568
271
1225
-1391
1365
429
-242
-3397
2444
1804
-3125
-257
1575
1425
-3316
705
2940
-2111
-4
153
1009
-881
-796
1744
-878
-619
1254
-137
-661
308
279
173
-853
1127
-434
-9
-212
-745
2071
-1389
153
760
-1005
1414
-802
1923
-3460
873
2266
-1680
-1414
505
2307
-2907
-353
2704
-836
-413
-981
2136
-563
-1937
2063
203
-1373
252
548
274
-770
319
553
-528
360
-736
1327
-574
-1051
1935
-1688
1019
-67
-449
539
-617
2173
-1241
-1718
1263
1542
-2598
-1428
3168
-782
-678
-725
2515
-284
-2866
2681
64
-1617
682
357
-70
-479
195
789
-471
64
-174
300
220
-944
1286
-787
-256
940
-1298
1467
-1135
479
476
-631
2518
-3229
-506
2601
-2
-3842
1397
2991
-2901
-127
832
1776
-1644
-1379
3077
-1144
-1859
1789
469
-1255
-349
1173
-195
-859
772
219
54
-729
-6
1638
-2279
1090
436
-407
128
-1121
1765
-599
304
712
-911
-1980
1911
1185
-3886
1221
1471
-174
-1551
-205
3647
-2339
-1250
2413
-434
-1165
256
1157
-474
-973
1031
338
-843
291
-18
761
-938
-369
1680
-1530
290
86
259
601
-1381
1275
-322
-72
740
535
-2935
419
4752
-3909
-2359
3466
519
-1907
-2056
3593
614
-3702
1691
1682
-1353
-1621
1811
721
-1704
424
879
-115
-737
-297
1973
-1427
-260
1150
-1213
982
-1212
914
70
-453
556
-446
859
54
-730
-846
2403
-1888
-2221
2311
144
-134
-2189
2266
1253
-2717
573
1038
-190
-1037
900
485
-1098
322
632
-466
417
-394
341
186
-1241
1462
-359
-793
794
-608
924
-853
348
478
-537
185
-715
3293
-4219
-1109
4893
-1403
-2852
-365
3104
-851
-3267
2273
1734
-1486
-1565
2140
516
-2216
904
855
-347
-537
-202
1349
-1061
-492
1514
-831
11
-130
258
726
-1607
1210
-190
33
-558
526
352
17
1652
-3090
1059
1434
-893
-2072
608
2815
-2932
-531
1914
781
-1614
-652
2477
-1553
-477
1004
-17
-49
-774
713
802
-1546
530
1093
-1012
435
-452
709
-525
-56
589
-648
649
-743
578
-350
629
1010
-3379
1500
2122
-855
-3305
1547
3013
-3211
-1356
2217
1435
-2593
-415
3032
-1512
-1177
885
969
-491
-1142
1398
450
-1889
1272
63
37
-292
-46
440
-1072
930
-429
515
-500
-24
499
-54
2199
-3201
98
1913
-789
-2634
473
3717
-2666
-1048
2170
910
-2141
-552
2685
-1714
-833
1667
-383
-595
366
-277
733
-122
-881
1381
-586
-371
372
-294
577
-686
365
255
-874
1181
-1086
749
459
-799
3204
-5023
-159
5197
-2371
-3711
2022
3253
-3429
-1617
3737
444
-2454
-310
2943
-1108
-2182
2325
909
-2443
751
966
-596
177
-657
1360
-506
-820
1205
-535
-112
-551
813
365
-1403
1038
-897
834
-435
2088
-886
-2972
3202
-627
-1844
65
1099
958
-2529
1010
1392
-606
-1221
1015
773
-1883
1026
459
-1022
802
-140
-61
220
-630
1000
-326
-190
524
-879
741
-692
681
-214
-47
294
-1038
1770
-637
2179
-4020
-1420
6808
-3457
-4687
3615
2779
-3950
-1387
3705
361
-2360
-271
2613
-843
-2345
2480
430
-1696
396
455
528
-1009
-102
1324
-1491
680
274
79
-977
476
348
-725
1278
-1162
1113
-936
1642
-1475
-2268
5331
-2502
-3316
1692
2588
-1820
-2728
2971
1333
-1828
-1733
3084
-367
-2611
2235
63
-370
-241
-125
1239
-1025
212
522
-562
292
-297
915
-1543
959
291
-894
893
-1228
1782
-1365
1184
1704
-3993
414
3969
-3027
-3572
5141
-149
-3417
1250
1778
509
-3513
1893
2263
-3453
353
1853
-376
-916
-509
1771
-313
-1477
1647
-62
-245
-707
1124
151
-1128
1272
-1051
1051
-931
-279
1317
-958
2889
-1333
-1575
226
-106
-1371
-527
2711
-1699
-166
1142
700
-645
-1548
2742
-810
-1970
1824
257
-1441
872
198
-61
130
-300
678
-773
770
88
-848
782
-988
806
-12
-933
1748
-1443
955
759
263
-2221
-662
3729
-2609
-2689
3023
637
-1907
-1312
3522
-690
-2388
2108
254
-782
-152
258
1028
-1301
-90
1721
-1094
-44
173
622
-506
-517
1194
-1051
932
-732
217
669
-1205
921
-860
2558
141
-2560
261
194
-862
-1150
2289
-423
-996
156
1284
326
-2513
2327
45
-2156
1530
213
-731
431
-124
238
34
-522
961
-156
-19
90
-486
750
-1143
940
-279
-369
1074
-1901
1506
37
253
948
-3637
1924
1754
-1665
-1860
1726
1310
-3407
1079
1571
-39
-1602
78
2624
-2588
-99
1926
-1069
-175
-11
770
-27
-883
919
-214
178
-317
492
171
-1417
1753
-1441
1016
-17
-561
668
-274
2368
-4101
1125
2964
-3264
-1993
2900
1467
-3142
724
1296
576
-2056
-255
3099
-2705
-108
1510
-823
-48
-191
557
285
-877
701
37
-82
-102
9
877
-1859
1384
140
-1025
1224
-1613
1775
-701
-183
2031
-781
-3244
2258
2819
-5633
284
3960
-1217
-1776
-63
3588
-1991
-2220
3549
-841
-1437
772
739
-91
-1316
647
1017
-1083
125
385
615
-1295
169
1635
-1963
847
-40
-352
1076
-1926
1725
-874
276
895
1294
-2576
-1066
3693
-2292
-2387
1488
1433
-850
-2515
3420
-123
-1908
785
328
-128
-829
390
979
-1073
-256
993
12
-675
-293
1761
-655
-1163
1579
-1108
216
197
-411
1193
-1452
1030
-81
-304
2679
-1625
-2012
1004
1750
-3254
-109
3184
-1553
-698
-74
2352
-1058
-2201
2839
-421
-1551
913
347
-137
-676
719
410
-822
421
-30
689
-746
-133
1520
-2057
1137
-381
160
337
-830
1454
-487
1212
-3016
449
2807
-982
-2801
668
3327
-2918
-637
921
1249
-931
-2101
2842
-392
-1508
1102
351
-306
-914
1094
322
-762
550
-349
639
-399
-851
1866
-1469
520
-351
-115
1494
-1674
948
140
1709
-1873
-2567
3486
942
-4668
-77
4736
-2657
-2338
2494
855
-722
-1887
2445
334
-2423
1119
1127
-640
-804
677
894
-1209
158
1052
-724
568
-826
828
-210
-1315
2151
-887
-239
100
-580
839
-626
1757
674
-1889
-1834
3090
-388
-4754
3039
1529
-1806
-644
677
2310
-2938
84
2227
-1320
-840
1092
197
-493
-212
800
-72
-839
1223
-785
563
-371
-700
1646
-1473
195
377
-636
1259
-1246
763
-165
1108
84
-2733
1734
567
-1514
-1735
2400
1004
-3850
1983
1556
-969
-1343
998
1493
-1986
-1
1376
-581
-429
14
1102
-452
-814
1192
-986
983
-342
-530
1122
-1812
1606
-625
-221
657
-202
-329
657
2033
-4028
704
2444
-1472
-3011
1722
3050
-3595
143
1635
619
-1549
-485
2222
-1346
-511
943
-215
-131
-402
840
-36
-1322
1646
-52
-1039
963
-904
790
-547
-193
970
-1265
947
-655
325
126
443
1497
-3308
549
1869
-768
-3136
1922
1877
-3378
1007
1582
1
-1259
-45
1920
-1576
-517
1373
-342
-215
-354
367
821
-1200
284
805
-1003
1018
-797
395
272
-896
1227
-986
419
-319
-115
331
528
1074
-2644
1045
727
-1422
-468
-11
2334
-2413
-78
2158
-960
-471
-81
1177
-1037
-129
678
-694
659
-34
-47
603
-988
676
411
-1236
1343
-707
145
-536
55
1229
-1420
726
-119
695
-491
2193
-2888
-1718
4808
-2455
-2340
1019
1485
-279
-2736
2755
914
-1928
-302
1445
-469
-1377
1833
-220
-790
449
-387
527
154
-909
1316
-559
-443
769
-782
891
-600
104
259
-551
808
-862
1196
-474
974
95
-1403
281
229
831
-3222
964
2503
-2207
16
664
1678
-2223
-125
1831
-1267
-359
560
387
-274
-888
1287
50
-1194
1321
-483
7
23
-352
566
-1172
1018
-164
-375
292
-103
579
-1191
2771
-658
-3746
2030
1679
-1767
-2917
3417
896
-3050
539
1943
213
-2678
1789
1183
-2207
464
792
-268
-102
-762
971
240
-1550
1213
308
-792
615
-456
643
-736
38
470
-414
455
-1397
1436
-131
-63
1448
-2346
728
46
-20
-1159
-261
1865
-1372
-202
402
1199
-1238
-741
2195
-1432
60
454
-450
581
-884
777
642
-1337
608
225
-207
133
-412
749
-895
560
-429
363
308
-792
1376
-1327
4011
-3991
-3639
5875
1394
-6879
-232
5547
-1453
-3653
1624
2715
-1069
-3136
3154
957
-3649
1544
1143
-735
-656
-156
1425
-400
-1385
1765
-248
-783
503
278
-145
-1176
1263
-255
-395
352
-1124
1627
-1061
1871
583
-3395
945
854
-380
-2189
1458
1602
-2163
118
1011
1064
-2443
792
1243
-2002
964
435
-618
453
-447
150
755
-1143
882
162
-368
-71
-191
855
-1081
488
398
-729
1172
-1370
1284
-116
159
1882
-4366
1283
2211
-1561
-1844
1578
1846
-2814
229
1138
1127
-2500
382
2480
-2316
17
1181
-527
234
-692
693
653
-1438
548
326
20
-337
441
100
-1237
1364
-935
933
-563
-410
917
-1501
2024
-651
1810
-2995
-331
2851
-2353
-1249
1066
1573
-2249
561
1687
-857
-146
-568
1869
-1461
-818
2044
-1147
-387
677
79
-121
-295
590
-100
-257
502
-602
855
-1135
766
-95
-906
1800
-1586
759
362
1402
-2325
-2692
5633
-1500
-4877
1897
3288
-2353
-2397
3505
620
-2093
-203
1086
503
-2148
1060
1340
-1616
-191
1004
6
-452
-345
1025
-320
-405
570
-163
667
-1746
1263
800
-1735
1272
-1111
1230
-154
-326
2295
-2006
-1704
1882
883
-4025
1143
2702
-2103
125
78
2118
-1651
-1411
2835
-1270
-1067
1421
-218
-478
43
158
688
-827
477
322
-339
294
-1012
1418
-619
-867
1486
-1448
1138
-488
-254
1085
-1025
1815
-662
-2279
796
2824
-2182
-3648
3814
734
-2099
-737
2001
1429
-4031
1732
2295
-2354
-509
1397
275
-1072
-255
1410
-562
-603
531
213
314
-1279
1157
326
-1798
1871
-933
394
-76
-645
1041
-855
927
-435
1158
-791
-870
750
110
-975
-2016
3123
-532
-1759
1445
437
356
-1836
1123
1087
-2022
686
783
-264
-716
55
1221
-966
-247
1350
-1022
406
-135
-310
844
-1391
1268
-508
-62
633
-916
895
-588
967
345
294
-3442
1459
4383
-5822
-515
3585
-168
-2000
-865
4035
-1272
-2644
2214
971
-2025
-639
2481
-616
-1655
1114
235
-227
-211
-255
1493
-1547
516
561
-1040
902
-838
891
-597
-291
461
-440
653
-96
1967
-2949
594
1098
-639
-1657
-1262
3743
-1716
-1389
1886
829
-721
-1514
2322
-643
-1031
662
-112
329
-548
-36
1054
-1022
23
858
-726
589
-150
-150
68
-815
1298
-763
171
81
270
101
-786
2259
-103
-3937
1559
3719
-2647
-4516
5014
1054
-3006
-826
2149
1527
-3348
1091
1937
-1747
-432
513
1130
-1003
-759
1866
-619
-993
1380
-518
109
-364
458
345
-1556
1104
-170
410
-867
712
391
-1244
1199
-164
2571
-4335
-309
4251
-3307
-1581
1783
1892
-2205
-932
2791
-387
-1517
-150
2225
-1438
-1260
2197
-688
-1055
1349
-10
-358
308
-506
1066
-976
96
950
-619
-321
-705
1757
-938
-630
1575
-1301
751
-969
1963
12
-3961
2923
1585
-2598
-1619
2809
810
-3335
1181
1425
48
-2328
1555
1483
-2852
1123
943
-875
279
-651
877
272
-1366
1153
-65
-113
-541
1024
91
-1091
1049
-1002
1439
-722
-316
396
-654
1248
-367
2507
-3809
-180
3245
-3446
-414
1191
1230
-1671
845
1862
-1803
345
282
219
-363
-540
1024
-11
-1166
1209
-97
-412
26
62
548
-945
404
331
-1090
1299
-843
239
541
-1132
1523
-1161
431
360
892
-1066
-2633
3440
480
-3410
326
1618
467
-3338
2035
2097
-1934
-500
396
1554
-1874
-722
2421
-738
-1300
816
578
-228
-658
781
70
-536
321
-320
1094
-1538
1350
-236
-1049
1921
-1434
818
-659
2070
-1684
-1805
2559
192
-2604
-698
3406
-1726
-1753
1719
991
-130
-2513
2540
579
-2583
1157
646
-323
-534
372
589
-880
34
749
-289
52
-649
1194
-867
-731
1793
-1254
657
-716
-66
1504
-1419
2942
-3474
-1066
3484
-126
-4190
1227
3675
-2815
-1084
1680
1022
-890
-1956
3121
-456
-2445
1621
1115
-1311
-442
1079
454
-1350
504
513
202
-355
-880
2010
-1563
-109
1284
-1317
1734
-1301
333
-10
1065
567
-2793
225
2458
-688
-4136
2596
2350
-2609
-260
786
2248
-2733
-756
3233
-1380
-1336
1263
411
-605
-562
1151
121
-915
534
-331
755
-844
-110
1433
-2093
1148
-31
-541
931
-1050
1132
-724
967
688
-2159
-648
3269
-741
-5394
3817
1722
-2602
-984
1583
2553
-3572
-273
3472
-1591
-1396
1307
1011
-1243
-563
1534
-432
-469
578
-253
554
-1010
736
739
-1979
1599
-366
-32
-247
-427
1178
-897
685
318
1140
-2779
431
2652
-3390
-599
1361
1394
-1703
-1020
3547
-1390
-1430
1323
466
-993
-306
1273
-369
-910
936
288
-556
282
-148
1219
-1085
-588
1828
-1406
218
-102
468
340
-1247
1163
-377
278
2271
-2981
-1941
3287
1365
-5981
1775
4027
-2433
-1399
780
1982
-1421
-1789
3121
-645
-1665
722
812
-606
-911
1011
743
-1653
847
338
-675
773
-787
1141
-1151
-211
1689
-1327
647
-157
213
-252
708
1749
-2609
-927
1626
807
-4085
775
3853
-2798
-546
1468
1173
-1454
-1207
2482
-892
-1086
936
299
-457
-228
325
745
-1245
518
948
-1453
759
-567
573
183
-1167
1386
-957
452
148
-251
548
-449
1291
-1026
-1263
861
1456
-1806
-2408
3793
-878
-2006
1082
1154
-69
-2176
1753
805
-1558
27
904
145
-1270
298
1304
-1403
398
349
-443
724
-1142
990
-362
-813
1405
-898
473
-475
518
-809
1414
808
-2621
661
857
336
-3439
1653
2563
-2597
-517
1174
1560
-2199
5
1920
-1340
-202
414
245
-112
-498
1036
-413
-826
1629
-696
-284
783
-659
572
-1072
747
361
-568
421
-444
878
-588
2743
-3738
-2623
6250
102
-5128
-443
3896
182
-4525
1596
2965
-1052
-2466
1674
1928
-2598
135
1446
61
-1229
-592
2474
-536
-1702
1702
-546
160
-388
193
762
-1354
524
-201
708
-507
184
80
531
1358
-3358
1864
478
-2077
-1059
1219
2067
-3051
715
1680
-45
-1779
455
1719
-1994
717
375
-532
565
-556
193
712
-1044
984
99
-946
1150
-597
182
-485
755
509
-1483
1280
-531
434
-213
-147
2217
-2155
-1605
1873
2945
-4419
-1763
4641
-473
-2883
48
2913
-647
-2715
2565
264
-1313
-81
767
603
-1626
458
1873
-2081
409
964
-40
-731
-613
1925
-1131
-364
352
345
331
-1166
1335
-1079
2194
-1600
-2249
3201
32
-2066
-1820
3275
172
-3220
1046
2020
-227
-2887
2582
541
-2316
953
366
-154
-30
-440
1146
-391
-996
1421
-875
104
555
-167
-88
-1005
1402
-650
152
298
-587
862
-1458
1620
-216
1256
-2522
-708
3981
-3132
-1542
1846
820
-1589
-881
3034
-931
-1087
617
807
-274
-1640
1956
212
-1896
1081
410
-444
173
-173
483
-649
410
359
-740
485
-780
1313
-1224
382
873
-1344
1085
-654
2191
-2210
-869
2722
-1314
-1581
-209
2351
-1613
-1269
2248
-106
-274
-1374
1952
-84
-1860
1667
-147
-785
744
-200
152
122
-263
662
-728
515
-206
372
-501
-739
1785
-1294
274
253
-299
1261
-1154
2821
-4242
-817
4913
-1023
-4102
709
4065
-2211
-2741
2653
1567
-1435
-2404
3108
178
-2994
1830
1004
-1263
-318
378
851
-842
-183
1149
-291
-611
-452
1804
-1271
-465
1238
-1365
1542
-1448
810
335
-464
1335
-115
-1190
-874
2801
-2062
-2739
2103
893
-795
-1940
3367
-75
-2719
1594
461
-668
-595
664
865
-1266
-98
1225
-385
-535
91
1236
-646
-1137
1734
-1117
124
513
-829
1268
-1440
1088
-108
-501
2079
-678
-3606
1723
4116
-4539
-2475
4821
210
-3049
-1135
3298
722
-4454
2189
2346
-2681
-148
1168
327
-1076
-205
1468
-806
-509
941
-101
-20
-990
1483
-305
-1732
1981
-908
629
-547
-121
1300
-591
1572
-2133
-228
1042
-492
-1649
51
2888
-2664
-202
1759
-122
-366
-1105
1547
-18
-1410
1326
195
-953
359
49
299
-161
31
625
-1096
721
7
-1105
1414
-1017
518
-142
-842
1761
-1399
622
633
711
-1782
-1591
3632
-1644
-2210
755
1692
-507
-2884
3177
546
-2110
629
423
486
-1266
234
1292
-1225
-238
999
-23
-521
-333
1604
-1068
-46
647
-836
827
-1722
1833
148
-1348
957
-920
1473
236
779
-2634
488
685
-2099
420
664
1325
-2321
277
3251
-2639
-109
1596
-621
-735
147
912
-475
-1015
1158
494
-1148
739
-70
109
27
-459
1325
-1487
-275
1634
-1525
390
318
-119
841
-1306
1572
738
-2925
269
2698
-966
-3799
3014
1798
-3383
687
838
1210
-2087
-241
2784
-2006
-246
1561
-399
-480
-130
751
-21
-738
927
-497
594
-1120
752
905
-1716
1576
-1227
884
189
-1232
969
87
2034
-2059
-1959
1708
1250
-3802
98
3466
-1847
-398
-148
2479
-1271
-2281
3273
-674
-1794
1300
228
-404
-283
481
515
-993
595
100
-271
575
-860
955
-510
-804
1736
-1283
680
47
-275
446
52
1974
-3991
1098
2319
-2083
-1558
1054
2746
-3389
-122
2644
-854
-644
-284
1805
-765
-1307
1787
-207
-825
388
963
-604
-1015
1743
-591
-319
338
-719
1535
-2076
1116
354
-720
590
-820
1101
213
1800
-3875
286
2091
-1403
-1685
777
2528
-3421
901
2261
-1156
-517
-248
1478
-1037
-670
1307
-267
-628
-53
923
69
-928
952
75
-998
1043
-955
863
-306
-471
1046
-1530
1505
-113
-305
794
1498
-3706
-842
5677
-3277
-3487
2743
1660
-1674
-2801
3160
1611
-3249
823
997
-334
-986
729
616
-1053
93
713
-82
-190
-574
1247
-308
-1035
1456
-1060
518
-657
150
1552
-1843
668
-157
146
402
1242
-1804
-1709
3461
-1516
-1420
-73
1535
439
-3487
2247
1335
-1809
-18
627
361
-1398
928
561
-779
-8
196
573
-907
-127
1425
-1368
736
-116
-335
849
-1573
1410
-484
-69
401
-619
1053
698
-322
-3016
3246
-110
-3265
890
1309
645
-3319
1830
2546
-2135
-541
933
923
-1743
414
1022
-647
-291
-95
1067
-380
-1012
1615
-904
39
884
-909
834
-1341
864
586
-1286
791
63
135
-869
2230
-439
-2337
777
1802
-962
-4011
3605
1196
-2271
-726
1571
1643
-2941
518
1673
-928
-592
290
1011
-1029
-211
1258
-829
367
394
-524
816
-1274
887
379
-1286
1015
-548
526
-754
642
436
-492
1807
-1778
-1738
2045
2350
-4832
-1278
5056
-1926
-2232
1321
2109
-964
-2471
2695
104
-2077
864
634
-149
-901
81
1643
-1238
-699
2014
-979
96
84
-36
544
-1287
1247
-316
-129
-81
-245
618
-951
2094
311
-1920
-246
1294
703
-4043
1538
2131
-1832
-639
527
2010
-2112
-334
1898
-788
-613
70
786
-1
-1082
999
540
-1399
1103
-293
416
-77
-505
808
-1303
908
-16
-346
366
-501
959
-1101
1985
337
-3636
1326
2491
-1729
-3654
3481
2044
-3523
125
1724
1101
-2884
1115
1639
-1839
12
431
520
-802
-742
1838
-588
-1098
1567
-373
58
-509
890
458
-1617
688
33
611
-1096
597
431
-661
930
28
1215
-5594
3337
4844
-6079
-846
3372
1600
-3853
-289
3215
30
-2250
-316
3177
-2000
-1555
2864
-873
-672
791
-36
519
-1044
529
966
-1370
471
242
249
-913
-94
1444
-1398
1032
-762
694
748
232
-1163
-2678
4754
-905
-4384
1859
2403
-1493
-3175
3508
1343
-2661
-264
1413
910
-2863
1307
2154
-2276
-344
1405
-434
19
-208
451
274
-1100
1113
-409
-105
-2
159
544
-1814
1557
-441
-274
1853
-616
-1251
-1042
2482
-1253
-2741
2755
138
-1237
-1076
2671
161
-2685
2010
179
-1380
683
-86
161
-264
-288
995
-540
-566
1383
-837
-341
714
-165
-23
-858
1234
-544
-905
1873
-1154
331
297
-316
2772
-5093
828
4013
-1342
-3815
488
4015
-2348
-1789
1678
1641
-1242
-2043
3379
-790
-1600
1158
-321
555
-609
-370
1567
-1158
-334
1223
-726
142
-176
997
-1049
53
818
-885
1048
-1390
1484
-286
-951
2074
142
-2218
-1838
4823
-1481
-4760
2549
2466
-1576
-2977
3368
1377
-3121
385
853
609
-1773
339
1950
-1891
-199
1281
-321
-313
27
918
-1116
294
637
-507
427
-1260
1797
-767
-793
1858
-1017
2526
-2688
-1974
3181
390
-3995
365
3674
-2175
-1377
1098
2312
-1507
-2188
3950
-1428
-1896
1887
-149
-32
-850
591
1158
-1459
53
710
319
-635
-123
1206
-1727
566
558
-680
1087
-1899
1508
-588
-295
2442
-256
-2617
-539
2998
-2051
-2097
1740
1160
-1191
-1872
3697
-914
-2199
2141
-547
-198
-449
244
957
-1425
475
705
-609
114
161
308
-491
-202
1290
-1473
473
364
-543
766
-1432
1707
-339
-862
2634
-1760
-2514
2140
3028
-4147
-1599
3277
589
-1659
-1796
3491
110
-3376
2495
109
-880
-383
423
772
-1438
298
1317
-672
-369
134
710
-738
-244
1201
-1051
754
-1317
864
1240
-2262
1708
-818
803
-164
327
56
-1223
708
-226
-3
-1477
1815
206
-1887
1459
-345
1027
-1476
218
1386
-1659
552
394
-416
102
-12
427
-263
247
260
-575
850
-1142
958
249
-1409
1587
-1294
804
97
-702
1356
73
616
-4312
2359
2846
-3037
-1692
2336
1896
-4252
1029
2706
-486
-1486
-341
2462
-1667
-995
1902
-223
-1054
154
724
-64
-1186
1148
397
-1235
1025
-309
34
84
-1002
1878
-1280
30
625
-785
811
-177
1029
-333
-414
-1087
1636
122
-3602
2217
535
-798
-790
157
2709
-2316
-390
2046
-876
-722
330
882
-529
-610
984
-302
-148
399
-262
806
-1010
199
1126
-1855
1081
-275
385
-214
-1005
1719
-856
137
1323
148
-4174
2164
4524
-6261
-398
3462
210
-2179
-1030
4097
-1079
-2347
2461
100
-1574
112
1496
-747
-1004
1332
-210
-657
713
-436
469
-328
-280
1261
-1275
402
163
-293
523
-748
971
-1064
744
557
474
-150
-1908
2092
-540
-862
-1639
1317
1912
-3452
1003
1529
5
-1428
149
1698
-1708
378
816
-609
82
-280
753
-19
-1039
1514
-592
-492
597
-368
763
-1004
234
546
-785
1002
-819
1072
-672
2238
-2311
-2531
4013
-1074
-2642
475
1940
-368
-2826
2367
1182
-1741
-900
1987
-53
-2007
1633
267
-1106
635
-281
726
-156
-791
1441
-1253
662
413
-921
506
-960
1301
-690
0
275
31
-292
242
2396
-3128
45
1259
167
-2508
-1211
4307
-2004
-1588
1330
1717
-1427
-1557
2688
-544
-1331
983
32
78
-450
60
1012
-1380
604
1163
-1189
300
-345
401
-83
-765
1244
-920
600
-538
303
599
-667
2574
-1207
-3412
2041
2799
-3755
-2562
5269
-907
-2946
1038
2126
-483
-3012
2938
740
-2837
976
921
-231
-739
-535
1644
-443
-1587
1832
-389
-243
157
57
486
-1245
906
-239
424
-366
-454
1006
-1478
2059
591
-448
-2123
564
2772
-4634
-186
3030
-273
-1791
308
3106
-2382
-384
1537
-185
-852
-359
1593
-344
-1643
1562
379
-1320
891
-103
327
-669
515
355
-1213
733
-308
576
-607
-20
1581
-1741
1359
1525
-2179
-2929
3823
2102
-6685
1338
3814
-1327
-2601
1247
3551
-3063
-1071
2145
287
-1277
-528
2196
-466
-2039
1900
247
-923
454
222
192
-1143
1088
158
-879
297
-506
1550
-1739
547
667
-487
1620
-655
-1140
-566
2709
-2083
-2859
3485
276
-1670
-1268
3245
-366
-2753
2243
107
-698
-310
288
1038
-1266
-43
1645
-1125
-134
607
96
-151
-623
1165
-1032
-6
604
-661
950
-1362
1522
-524
-178
2684
-2803
-1905
2826
1580
-4394
-824
4293
-873
-2798
354
3856
-1960
-2610
3368
-499
-1487
208
627
620
-1720
639
1336
-1462
2
995
-132
-457
-145
1305
-1360
440
-37
242
420
-1765
2206
-1065
39
785
618
159
-3515
3010
457
-2977
-497
2448
-298
-2623
2359
475
-540
-931
733
1175
-2404
1007
954
-1458
469
554
-313
-49
-145
849
-646
26
606
-736
657
-1301
1164
372
-1561
1696
-1219
850
56
-96
2283
-4579
1061
2988
-1890
-3246
2684
1768
-3640
1484
1036
527
-2126
295
2651
-2757
148
1764
-784
-524
100
667
55
-987
990
-165
57
-568
310
1030
-1964
1240
-143
-565
1188
-1698
1510
-684
723
724
-751
-992
1121
27
-3300
1951
712
-758
-270
329
2352
-2809
292
2200
-1874
-99
753
-143
-37
-476
611
94
-317
450
-588
738
-94
-640
1025
-1472
913
354
-1210
1216
-1064
1205
-400
-338
2576
-2565
-2214
2800
1954
-4772
-312
4225
-1317
-1914
144
3059
-1110
-3037
3087
435
-2407
882
813
-151
-1059
638
714
-1127
389
473
340
-685
-603
2143
-2011
516
626
-380
350
-1535
1950
-568
-291
457
1852
-2923
-264
3688
-3293
-1504
928
2023
-1583
-1834
3661
-593
-1638
126
1164
-403
-1349
1309
-84
-524
264
267
189
-617
-149
1637
-1391
44
1028
-884
489
-1009
1290
-99
-1046
1067
-946
921
-383
720
556
-2189
381
1827
239
-4615
2058
3018
-2712
-487
805
2233
-2374
-650
2767
-1480
-923
924
896
-928
-755
1530
-397
-1068
1327
-441
581
-780
8
1573
-1900
454
356
119
-288
-968
1464
-691
351
-359
2477
-1416
-2996
3524
-1054
-2248
-937
2799
56
-2885
1881
1174
-806
-1466
1791
-43
-1808
1226
146
-540
444
-379
465
82
-1011
1348
-338
-818
1116
-748
254
-396
114
521
-710
850
-1224
1182
-104
-608
1672
-1437
232
-1444
1291
29
-1968
1625
-34
-169
-641
1079
61
-1587
1568
-466
-110
-129
-25
855
-1230
189
1203
-1076
75
706
-775
772
-572
652
-180
-400
433
-569
1098
-932
638
-395
-230
2497
-2128
-309
393
872
-2295
-1029
3121
-1135
-1006
190
1808
-870
-1505
2288
-874
-320
-93
95
790
-1334
299
1374
-1362
246
726
-748
521
-375
764
-752
251
394
-671
888
-1181
1440
-400
-254
1104
-333
-137
-2566
3829
-483
-4137
1746
1510
-563
-2762
2376
1496
-2068
-226
726
1205
-2348
647
1934
-2052
103
955
-628
427
-473
724
-523
-108
906
-717
423
-932
1133
-191
-1049
1482
-1031
1185
-1018
2213
-1644
-1599
3327
-2250
-1817
644
1771
-1483
-1053
2299
-40
-851
-848
2077
-666
-1870
2160
101
-1732
1073
428
-586
-225
357
1035
-1077
31
721
-1039
618
-633
1100
-368
-1103
1602
-1393
1165
184
713
-2186
-1439
4610
-2505
-2846
2366
1632
-2296
-1710
3618
-488
-1944
854
603
-16
-1568
1081
1179
-1914
340
1200
-983
179
345
11
-169
-325
1240
-1144
122
476
-514
903
-1557
1197
-79
-1070
1667
-895
442
-617
824
-437
-1371
945
123
532
-1800
1370
992
-1978
1252
-707
876
-398
-754
1205
-920
171
885
-766
187
27
96
-277
44
511
-620
631
-1322
1421
-191
-1331
1571
-1364
1672
-1106
1127
-834
-2422
3782
-439
-3380
241
3121
-2090
-1577
2390
411
-711
-1729
2659
-327
-2581
2147
612
-1368
-82
431
788
-750
56
762
-385
251
-966
1396
-390
-1160
1673
-1496
1033
-562
-493
1413
-810
1931
-1450
-1652
1274
1357
-2935
-1332
3654
-1421
-898
321
1981
-512
-2747
2829
128
-2305
1266
476
-731
-62
177
641
-958
344
534
-640
601
-593
530
-171
-1215
2021
-1133
102
362
-444
1103
-1147
2650
-784
-3647
2179
2612
-3297
-2312
4074
53
-2727
353
1765
792
-3363
1877
1639
-2679
294
1095
-31
-691
-133
1171
-654
-387
648
-158
545
-1140
973
112
-1794
1873
-777
537
-560
-530
1598
-1140
753
1873
-1258
-3058
2312
715
-3435
693
1504
759
-2558
1091
2848
-3242
363
1529
-900
-403
276
579
-806
-107
1055
-341
-254
138
-55
777
-1396
1122
301
-1385
792
-833
1274
-612
-601
1432
-1035
976
818
-1218
-3362
4563
2169
-7134
1676
3779
-1229
-3275
1042
4401
-2972
-1900
3267
245
-2339
177
2214
-649
-1667
1170
568
-550
-458
413
1201
-1911
974
527
-1204
956
-937
1018
