-437
892
-336
-98
232
-367
757
-336
-764
870
52
-725
263
165
-599
1132
-218
-1095
1598
-553
-1216
1793
-1020
459
2362
-1727
-1360
-306
-887
2089
-734
-1174
2367
-1221
-303
1127
-1779
1249
162
-1689
1464
358
-1333
852
574
-865
406
198
-498
454
-314
-346
914
-345
-145
651
-667
-369
1386
-1367
-369
1971
-1379
867
-30
-1172
1915
-475
402
2270
-4267
-265
917
94
585
-1457
3051
-2502
492
934
-1461
1439
-1407
604
609
-1402
1109
-103
-536
548
-368
485
-131
-297
702
-631
-82
824
-1212
928
-406
-515
1386
-1859
1772
-68
-1078
1418
-1301
2358
-867
-442
-482
-3038
2786
-837
924
-553
603
1283
-2933
1805
26
-1433
1681
-984
755
-393
-455
1050
-931
232
503
-628
501
-185
-214
705
-1251
1238
-380
-1015
1892
-1109
42
658
-1221
2283
-548
-535
-1115
-195
740
-995
1507
-1426
1394
-297
-1722
2440
-1951
687
-36
-333
1121
-1444
686
599
-812
84
371
-147
183
-766
1181
-310
-890
1406
-1440
947
-19
-1062
2046
-1954
946
506
-1469
2906
-1486
656
-2184
-388
962
-959
1819
-1487
1792
-1004
-493
1793
-2525
1539
-240
-349
641
-565
541
-159
-446
771
-443
-278
635
-697
772
-628
-246
1422
-1347
223
902
-1446
1380
-750
285
712
-1374
2481
-886
-569
-933
-720
2027
-1492
649
-85
344
870
-2355
2165
-1152
-672
1183
-572
342
-259
-244
654
-585
155
461
-711
1108
-1087
252
1033
-1488
1152
-361
-667
1586
-1766
1019
176
-960
1327
-1408
2369
54
-1206
-1652
-2540
3555
-1061
451
-89
445
1530
-3418
2125
-193
-1207
913
-285
460
-337
-385
1079
-661
-105
728
-976
659
48
-621
869
-675
-127
1008
-1661
1460
-135
-522
862
-1456
1417
96
748
-1292
-2277
2495
-1092
692
-536
0
2056
-3521
2176
-20
-1145
855
-1054
1609
-772
-603
1174
-527
227
-90
-252
914
-761
-3
822
-1393
1314
-503
-736
1667
-1996
1644
-640
-533
1831
-1825
1674
368
477
-2110
-2622
2301
-159
1223
-1987
1512
1285
-2753
1762
-1036
80
610
-1012
1289
-703
-71
626
-744
544
10
-602
790
-447
-76
888
-1252
965
-250
-876
1538
-1379
943
95
-803
1094
-1294
2621
872
-4224
46
35
1962
-2152
1311
1210
-1911
977
-803
867
31
-1413
1419
-70
-783
369
-73
300
-52
-238
434
-237
-242
787
-1035
624
495
-1411
1282
-708
-282
1242
-1355
1279
-350
-506
1528
-609
1560
-2206
-575
-730
-58
2770
-2383
1099
801
-1480
1475
-1849
1093
191
-1268
1577
-1058
579
220
-614
538
-212
-294
698
-829
681
304
-1099
1360
-1248
291
978
-1640
1385
-517
-513
1261
-1374
1631
-272
3065
-3912
-4065
4664
-1056
521
-550
624
1812
-3895
2599
-5
-1487
857
-767
937
-487
-258
640
-264
-263
643
-779
494
433
-1033
1438
-1054
-156
1329
-1736
832
330
-930
1606
-1328
843
-12
-717
1847
-374
656
-3367
-1021
1668
-333
1996
-2605
2044
933
-2495
1440
-1241
961
-482
-363
1180
-948
227
590
-865
680
14
-687
1053
-1134
412
862
-1451
1306
-363
-933
1688
-1518
885
-179
-266
720
-1442
4565
-1496
-5531
1635
1292
1543
-3579
2430
1705
-3448
1827
-544
612
-735
-355
1096
-640
-101
596
-473
244
99
-336
781
-1041
996
158
-1283
1462
-1037
-437
1592
-1794
1494
-513
-96
945
-1669
2377
-705
1616
-57
-4691
488
313
2700
-2332
468
2553
-3337
1492
-89
-557
484
-808
990
-283
-455
831
-404
312
41
-684
975
-317
-575
1188
-666
-172
965
-1510
1161
-326
-209
1172
-1644
1438
-707
-42
1598
440
-1594
-3815
2719
996
-1472
1282
-1489
2432
-1557
-465
1993
-1950
71
649
-235
286
-524
668
-8
-823
1393
-563
-307
957
-1068
599
451
-1416
1719
-1097
56
764
-1164
1422
-968
404
630
-345
2850
-3935
-1776
633
1686
618
-3015
3461
-851
-1133
1199
-1318
1296
-1372
316
964
-1430
1089
-65
-309
385
-418
606
-198
-871
1840
-1022
-329
1322
-1712
1405
-1095
59
1494
-1896
1414
-795
2352
761
-6441
2346
600
899
-1506
358
2386
-3251
1348
868
-1563
854
-515
186
584
-578
270
-99
-339
510
-351
-55
702
-590
46
835
-1238
664
65
-976
1526
-1210
80
1143
-1394
987
152
818
722
-2067
1080
-2989
556
1521
-842
1125
-1293
1817
-520
-1855
2190
-1238
-200
839
-833
765
-574
246
653
-752
474
-131
-440
811
-1037
1041
-408
-672
1618
-2106
1362
227
-888
1636
-1943
2921
-692
-3224
1628
-301
1253
-2070
1199
-73
-36
313
-1970
2884
-1954
-327
1435
-915
845
-914
485
301
-660
400
-69
-262
738
-1065
789
193
-1186
1703
-1682
1151
247
-1502
2204
-1830
768
659
-1526
1958
408
1596
-6250
-122
4140
-1623
136
-916
2564
-1366
-887
2398
-2518
788
129
-321
839
-666
484
48
-611
830
-654
39
613
-662
1259
-1455
477
872
-1989
1779
-713
-329
1114
-1689
1906
286
1878
-4372
-2188
3987
-1102
277
-1082
1862
53
-3011
3524
-1136
-1222
1081
-438
817
-573
-274
480
-114
-437
678
-390
453
3
-453
1017
-1268
289
958
-1382
845
61
-1018
1626
-1425
865
325
-918
2872
-1406
-1578
-1922
1253
1555
-2027
1688
-554
-156
1024
-1446
1289
-1302
307
919
-1086
534
357
-689
408
31
-58
169
-750
1389
-925
-183
1064
-1145
870
-422
-832
2389
-2140
834
303
-967
2575
-168
-1642
-3085
1811
1108
-1240
745
-580
1726
-1703
72
2009
-2821
1226
479
-702
356
-137
71
496
-913
718
46
-449
793
-1057
927
-194
-788
1482
-1558
601
769
-1695
2069
-1423
930
614
443
2445
-6384
-564
3010
642
-1075
-1456
3903
-2532
-188
1198
-1104
941
-1251
804
352
-1087
644
577
-942
508
233
-181
78
-534
1243
-532
-379
930
-1267
651
327
-1147
2028
-1522
608
385
-1408
2075
-1036
3236
376
-7861
1057
3278
454
-2708
2256
1845
-3216
1134
108
-207
98
-600
687
371
-848
467
-22
-340
695
-725
186
684
-383
-28
62
-233
860
-1105
-231
1585
-1672
784
311
-870
1243
-928
147
1334
-342
853
-2800
183
1
-284
1125
-1143
2327
-1390
-177
1112
-2082
1384
-586
-19
914
-1442
1193
-445
-287
629
-590
544
-232
-328
955
-815
154
751
-1154
1241
-875
-275
1334
-1729
1271
51
-902
1158
-785
2728
-1294
-2057
-1140
836
2023
-2588
2065
-261
-180
918
-2272
2351
-1165
-408
884
-875
1290
-897
77
476
-611
380
273
-595
922
-782
207
555
-1665
1741
-567
-665
1290
-1648
1629
-504
-504
1236
-1490
1879
-406
680
-1266
-1350
1338
-2480
2734
-723
76
935
-1416
1973
-2555
940
443
-845
1174
-842
521
-98
-505
859
-632
14
739
-1109
707
237
-903
888
-381
-260
998
-1292
892
-112
-273
427
-1000
1592
-1386
1373
1683
-4139
1012
-494
839
-159
-717
2178
-2637
1572
23
-814
957
-1207
812
-93
-133
383
-686
1038
-445
-704
1069
-344
-353
971
-965
148
830
-1336
1061
-254
-85
308
-757
1120
-796
181
171
-978
2666
-910
-115
-1582
-1583
2446
-1387
1835
-935
-547
1459
-1928
1379
-1082
331
450
-714
1307
-1653
986
573
-1373
860
110
-1045
1122
-550
76
745
-991
972
-714
-215
874
-803
781
-972
726
302
-1433
2383
-1432
3882
-2870
-5301
4160
-839
715
-755
369
2151
-3001
1551
-271
18
-226
-857
1656
-926
34
352
-504
414
379
-1064
943
169
-1152
1278
-672
-150
585
-704
366
-217
41
771
-953
1398
-1173
477
1864
-1671
1143
-3109
54
1084
-1637
2609
-1154
439
925
-1261
551
-1580
1430
-479
-415
1101
-856
53
822
-1014
109
1154
-1417
781
92
-722
919
-423
-68
549
-680
616
-515
194
378
-1029
1601
-1594
764
1682
-269
-732
-3111
1683
1354
-2065
1183
-25
1154
-1771
51
1542
-1436
265
48
123
300
-949
840
372
-1191
1015
22
-1112
1254
-125
-535
451
-564
422
-212
-369
971
-1117
1307
-1072
11
1517
-2208
1884
-730
745
2965
-6188
1101
1053
-476
358
-571
2269
-1828
614
123
-1098
1273
-1422
1226
13
-973
1305
-811
102
523
-738
353
174
-673
842
-386
-71
540
-705
696
-889
434
719
-1381
1383
-567
-480
1560
-823
3378
-3978
-2265
3157
-1505
905
-940
1348
325
-1936
1982
-1217
551
51
-1084
1666
-1160
-124
987
-629
-168
890
-800
350
504
-855
753
-432
191
-67
-747
1039
-558
-56
734
-1106
1483
-734
-795
1788
-40
894
-3292
414
1811
-3203
1132
927
406
-708
144
1399
-2311
1256
-602
-276
1545
-1282
448
569
-926
594
139
-597
759
-631
287
1
-494
674
-435
436
-46
-854
1314
-971
-176
1433
-1647
1303
-930
427
2909
-2358
-1056
-973
1053
460
-884
1029
-832
1472
-1733
785
717
-1676
1485
-976
434
545
-1360
1194
-120
-659
679
-378
428
-90
-326
704
-1032
560
588
-1315
1455
-1248
840
247
-1569
2713
-1775
383
694
70
2156
-4025
-3
-786
1644
-23
-862
2129
-1872
1392
-1433
-309
1814
-2164
1486
51
-548
573
-389
348
-104
-356
438
-241
-247
767
-780
422
403
-1043
1320
-904
-248
1202
-1238
497
109
-752
1249
-1457
1555
917
-2
-1848
-1743
2447
-1559
497
100
-474
2411
-2079
706
22
-877
1249
-1386
1159
-41
-974
828
-156
-302
380
-398
808
-509
-213
1105
-1394
643
571
-1155
1112
-870
355
808
-1657
1785
-925
542
296
653
189
-3879
1901
-850
806
826
-1580
2513
-2530
1700
-524
-1620
2165
-1400
842
-237
-444
1056
-892
539
-127
-573
1088
-979
148
972
-983
337
467
-1282
1205
-531
76
458
-797
1148
-1342
882
159
-554
3579
-2706
-1860
-160
331
2083
-2937
2487
-366
-363
637
-1494
1933
-1049
-487
1033
-735
523
-702
775
118
-1176
1448
-578
-342
1062
-1098
648
-429
-652
1301
-1324
846
-234
-94
646
-976
1196
-1174
1191
1881
-2146
-278
-2877
2517
-305
-846
2406
-1609
838
-841
-198
1031
-1488
1245
-310
-23
374
-526
460
243
-689
469
422
-1146
987
254
-1149
1315
-387
-377
479
-567
524
-36
-327
539
-660
522
-72
-578
2469
-787
-711
-1508
-525
2261
-1965
956
829
-745
984
-1558
909
-242
-479
507
-368
758
-867
285
586
-1007
294
1072
-1330
705
239
-821
763
-834
561
407
-862
627
-548
639
43
-721
1511
-1812
1494
367
-134
837
-4300
1102
285
423
1231
-2065
2495
-849
-212
-745
-109
1370
-1779
1527
-300
-601
944
-684
120
560
-1179
1134
-275
-718
1239
-604
-106
367
-461
852
-1109
795
-337
-341
1040
-1936
2254
-857
1125
1809
-5707
2305
141
-603
979
-1491
2665
-2158
620
483
-555
676
-1466
1296
-122
-917
1356
-889
186
658
-1013
555
558
-711
518
-189
-353
752
-880
489
-154
109
271
-1224
2042
-1098
-481
1717
-1524
2852
-1295
-2713
1660
-2258
2128
-544
460
532
-1031
1361
-1680
871
16
-1022
1743
-1132
349
427
-767
837
-245
-537
563
-11
-656
920
-364
72
-44
-5
438
-1228
1108
-45
-705
1037
-1320
972
212
-1490
3891
-1369
-2522
162
-30
1499
-1528
686
97
-132
226
-1022
1942
-1741
236
877
-976
936
-315
-386
705
-512
-116
779
-818
582
-190
-101
445
-1000
1096
-522
-166
864
-1543
1847
-397
-1169
2077
-693
1728
-2457
-1868
1244
-1172
1743
-443
330
616
-891
1162
-1962
1143
-141
-1213
1908
-1146
6
785
-674
-4
703
-972
793
-6
-437
536
-596
606
-187
-140
638
-1038
979
-46
-1072
1791
-1803
1277
-158
-875
4400
-3160
-3113
1696
747
669
-2029
2119
-452
-270
-385
-160
1414
-2159
848
968
-1266
633
391
-764
715
-476
76
312
-521
831
-433
23
360
-835
768
-288
-542
1376
-1561
1134
-135
-1207
2125
-1480
725
2048
464
-3179
-3949
3677
799
-502
-498
581
1794
-3111
1073
970
-1352
566
-141
196
265
-828
754
117
-878
742
5
-219
205
-296
497
-29
-715
1027
-848
93
871
-1661
1837
-541
-729
1284
-1625
1544
824
1082
-3034
-3036
3835
-800
335
16
-191
1809
-2895
1739
362
-1841
1770
-1149
698
133
-1074
1120
-248
-322
503
-564
441
129
-702
1159
-1016
831
-67
-1498
2171
-1431
306
1025
-1920
2379
-1497
337
2162
-790
-1774
-2616
2528
-399
352
67
-642
1905
-2377
1254
-279
-1013
1440
-1301
919
71
-520
455
102
-665
669
-283
-8
400
-631
995
-865
-222
1329
-1304
563
478
-1387
1651
-1168
224
936
-1287
2948
-758
-2212
-1029
342
1849
-1194
864
-208
243
334
-2327
2585
-864
-1166
1473
-343
-287
249
100
-52
-46
-156
652
-596
372
301
-854
855
-187
-627
930
-831
65
1370
-1735
1210
-293
-245
755
-1353
2946
-748
-2413
-24
254
1518
-2327
1710
129
-1441
1372
-1476
1446
-504
-818
1395
-910
239
589
-929
881
-590
385
39
-835
1367
-973
338
787
-1540
1437
-774
-484
1516
-1690
1613
-997
34
909
-1327
2272
742
-1796
-3063
859
2532
-2424
1790
-1053
1336
-474
-1739
2773
-1621
-264
1056
-1019
1022
-617
193
303
-870
1014
-399
-335
1125
-1000
72
1027
-1670
1507
-615
-597
1316
-1607
1443
-302
-388
1272
19
1289
-3858
22
1298
-968
1435
-1462
2093
-836
-877
1640
-2000
1310
-469
-368
1100
-1298
979
35
-566
477
-258
433
-222
-639
1562
-1028
-354
1432
-1822
1341
-666
-317
1319
-1648
1348
-756
-40
1094
-1709
3807
-129
-4346
-1865
2873
1670
-3669
2478
203
-965
342
-737
2267
-1938
-17
590
-537
624
-504
242
268
-502
214
370
-793
1353
-933
-10
1018
-1727
1145
4
-917
1391
-1163
886
50
-809
1537
-779
4982
-5586
-4770
4274
201
853
-2442
2129
1352
-3053
1782
-595
-29
289
-803
1211
-548
-124
327
-90
-577
733
-460
-62
676
-734
809
-407
-750
1399
-928
-113
1147
-1199
796
-332
56
724
250
2398
-4744
-376
1733
-1374
1518
-1366
1904
278
-2542
2448
-1398
338
82
-786
1197
-726
-71
546
-247
-31
402
-616
720
-532
-15
952
-1570
1269
-30
-1270
1503
-1261
612
975
-1626
1770
-1307
615
-232
1329
2671
-6616
-401
2087
1091
-257
-1876
3546
-2306
-176
1251
-1616
1297
-711
365
217
-362
439
-143
-444
862
-548
-22
580
-1041
1207
-321
-726
1525
-1564
152
1221
-1576
1348
-886
733
-85
-827
2671
165
-2166
-2250
2088
1128
-3732
3337
-56
-870
39
-572
2278
-2536
484
1266
-1246
432
579
-736
459
-95
127
155
-925
1529
-328
-968
1362
-776
-573
1270
-1541
1202
-59
-414
934
-1498
1558
-489
205
2342
-3173
-572
-1015
1489
857
-1574
2067
-1902
731
288
-1137
1422
-957
-21
681
-752
719
-227
18
412
-948
1028
-384
-625
1199
-951
433
551
-1396
1510
-996
211
882
-1252
1491
-1038
501
82
-698
1865
1714
319
-8223
1802
4125
-2632
1607
-1334
2275
-1087
-1500
2404
-1842
1161
-243
-514
812
-791
450
51
-532
767
-206
-886
1695
-1301
386
571
-1322
1550
-1580
341
843
-1143
1355
-1202
1427
-143
-1014
2942
-560
-535
-4732
1309
2002
-1832
1783
-781
1887
-642
-1533
1746
-1083
249
-403
270
722
-1044
648
309
-834
287
746
-1088
861
-69
-671
946
-927
367
507
-766
816
-182
-237
373
-712
1158
-166
1347
-1850
-1646
2863
-2716
840
553
-1143
2259
-2120
887
296
-1070
1102
-1158
1129
-472
-495
907
-448
-71
531
-676
612
205
-1252
1677
-825
-520
1276
-1011
237
183
-553
1175
-1159
732
-291
-51
416
-398
3324
-3715
-1224
627
-599
2796
-2938
1742
621
-1572
1227
-1781
1612
-833
-201
1224
-1249
878
-418
-47
864
-1508
1187
-253
-800
1233
-611
224
269
-962
1255
-931
203
349
-709
1388
-1640
1796
1198
-1097
-1584
-2153
4002
-1736
-1461
2179
-331
896
-2866
2706
102
-2054
1451
-191
128
-420
38
741
-1018
342
729
-1180
771
473
-1013
690
-110
-606
1016
-1137
669
26
-205
458
-1044
1739
788
-697
-1211
-965
2548
-3079
-45
2509
-1445
1279
-1483
1536
-375
-1526
1614
-775
246
148
-528
797
-533
15
750
-1093
679
468
-968
476
348
-1069
986
-358
-295
655
-770
734
-442
66
247
-799
1378
423
-639
-407
-1947
2308
-984
-3
1270
-2054
2052
-1121
-50
835
-1388
1040
-604
621
-134
-857
1465
-1307
283
831
-887
681
78
-911
1465
-1054
-116
1074
-1241
1073
-942
425
455
-877
1358
-1328
1571
1231
-622
-1020
-4890
3947
126
-738
993
-936
1892
-2110
540
749
-1215
1095
-610
454
82
-744
936
-135
-524
636
-19
-1026
1417
-555
-370
852
-879
481
-519
-111
996
-739
598
-321
-174
882
-902
3022
-3167
-1806
2453
-1805
1706
-1547
643
2042
-2949
1474
-324
-340
545
-1109
1733
-1322
83
866
-754
318
200
-497
751
-488
-580
1456
-1540
676
340
-1059
1226
-795
554
-37
-725
1565
-1767
1276
-1
1245
969
-5226
1191
-234
1276
368
-2132
3325
-1917
-27
451
-632
1020
-1515
1369
-41
-928
1049
-352
-505
961
-1017
578
330
-1072
1266
-714
-345
912
-881
564
-165
10
585
-1154
1302
-1089
962
183
671
1627
-4983
1057
1423
-1591
1585
-1713
2412
-1099
-927
1760
-1349
969
-684
310
85
-878
826
193
-791
907
-450
-63
779
-1158
1014
222
-1122
915
-464
-273
606
-503
978
-1100
1166
-428
-956
3258
-1547
364
-1308
-2824
2686
-1334
2235
-1200
-220
2355
-2823
926
-56
-100
105
-565
1190
-622
-461
1187
-905
256
645
-1046
712
246
-727
436
58
-278
576
-602
399
-216
74
300
-938
1534
-684
1877
-60
-4746
2600
-77
-757
1339
-1529
2188
-1498
-58
927
-915
691
-667
272
415
-1101
1105
-240
-392
739
-872
440
503
-1088
903
-66
-936
1306
-1211
372
387
-214
363
-1111
1640
-963
-198
1343
-458
3097
-4432
-2175
2477
199
907
-2860
3185
-169
-2030
1575
-824
608
-924
519
747
-1460
1158
-191
-610
1028
-505
-220
747
-1066
931
41
-890
1028
-1023
768
-602
-103
1100
-1289
1509
-994
1768
1063
-5423
2343
-334
218
166
-1156
3490
-2694
168
1083
-1104
617
-948
1064
-162
-811
1271
-1048
319
637
-834
702
-88
-820
1404
-1195
12
1146
-1446
1010
-729
548
317
-840
1250
-1646
2090
1448
-2777
583
-2317
919
-796
1186
1545
-2574
2321
-494
-1574
1297
-754
763
-694
725
-55
-1205
1473
-515
-638
1023
-296
-479
980
-944
285
696
-1034
716
-176
-493
662
-120
280
-156
-288
580
-533
2643
-2202
-2217
2260
-2234
1818
-252
-668
2121
-1824
965
-240
-679
1121
-1447
1292
-231
-629
660
-347
38
142
-694
776
332
-1326
1408
-232
-797
854
-752
649
-176
-212
607
-945
900
-239
-163
1886
-1496
553
-1849
837
276
-1804
2464
-1842
965
614
-1650
1613
-1619
1352
-1072
458
868
-1526
1479
-688
-460
1185
-1273
735
236
-926
1374
-1214
557
459
-1029
945
-800
819
-281
-596
1249
-1415
1799
-485
2003
-2450
-3213
3880
-1726
956
-343
-163
2579
-3497
1650
-138
-343
166
-727
1289
-904
-143
900
-877
559
244
-778
1095
-619
-525
1361
-1021
136
560
-1048
872
-529
423
98
-439
1348
-1957
2693
422
-2492
936
-2774
1747
79
-491
1992
-2274
2267
-1199
-742
1094
-687
446
-439
408
314
-909
1007
-34
-926
1285
-821
-233
1029
-740
10
314
-736
950
-787
373
177
-383
882
-1511
1955
1392
-1905
-1415
-1014
2788
-1411
-454
2277
-1701
1313
-1680
1034
442
-1421
992
-77
-9
-64
-330
787
-279
-500
1054
-761
-17
953
-973
360
425
-977
871
-353
-413
598
-602
1063
-1077
952
477
844
151
-3290
1406
-1400
-194
2181
-1533
1546
-729
353
168
-1569
1294
-554
81
325
-737
875
-166
-425
775
-829
269
753
-1182
877
196
-1308
1327
-875
136
642
-930
1038
-906
828
-98
-386
3138
-3592
-629
244
-401
1502
-2067
2850
-1292
247
474
-1231
1335
-1051
148
434
-378
393
-507
628
-102
-660
1178
-484
-406
1053
-1311
743
454
-1206
1406
-1167
739
-411
-41
1268
-1656
1409
-453
1942
1010
-5097
8
-591
3056
-1537
-988
3887
-2268
45
-160
-97
782
-1585
1386
-9
-713
782
-655
302
309
-693
706
21
-1064
1401
-504
-738
1279
-1203
769
-411
-168
1005
-968
523
-355
187
2394
-2082
-631
-636
569
208
-1494
2703
-1570
584
603
-1712
1751
-1232
194
400
-296
477
-1071
992
283
-896
670
70
-819
971
-620
23
929
-1287
1008
-389
-631
1098
-583
665
-423
-210
2093
-1221
324
-1939
465
-181
-919
2813
-2029
778
711
-1182
1077
-1579
1411
-367
-396
980
-1121
915
-310
-423
590
-469
97
812
-1130
664
444
-1212
1295
-736
94
394
-754
684
-508
133
528
-886
1149
57
2521
-4392
-1760
3923
-2077
1268
-1289
1018
1425
-3481
2928
-887
-231
17
-698
1544
-1172
292
305
-566
547
-140
-437
1080
-1065
616
350
-1416
1306
-378
-682
1039
-905
811
-440
1
794
-1384
2722
-793
193
-1854
-2111
2762
-1355
1522
-350
-565
2054
-2252
824
-734
256
452
-758
1020
-704
-248
885
-810
376
379
-937
1136
-957
-165
1404
-1170
411
207
-927
1267
-1180
807
-47
-325
628
-1617
2859
217
-2474
-923
-846
2967
-2242
738
934
-833
809
-1965
2131
-688
-889
1012
-312
288
-361
-190
676
-493
-243
947
-1080
466
605
-1076
627
46
-960
1199
-885
148
577
-523
679
-1263
1535
-214
471
1981
-4123
662
-123
-944
1918
-1671
2142
-917
-249
989
-1751
1167
-322
-173
625
-1060
1164
-306
-91
441
-1092
1228
-278
-1157
1607
-646
-493
1082
-1049
747
-428
414
245
-1011
1275
-939
1171
1273
-2234
-2
-1723
2283
-1076
231
1420
-1450
1765
-2172
1280
277
-1389
1340
-783
926
-766
-132
1076
-1562
1000
395
-1135
832
23
-919
1296
-1059
434
552
-1179
945
-786
725
127
-518
1092
-754
2749
-2633
-1914
2793
-2955
1369
-655
1405
341
-1889
2551
-1501
-303
537
-457
934
-976
685
46
-786
1043
-480
-196
751
-946
372
746
-1099
925
-305
-350
559
-787
775
-407
75
337
-1039
1790
405
-190
-1576
-1246
2239
-2021
1426
21
-454
1559
-2065
1461
-502
-718
1036
-895
1015
-1191
373
676
-816
587
244
-714
784
-104
-910
1630
-1271
264
471
-950
1087
-536
264
73
-477
1068
-1255
1263
573
1130
-1580
-5150
3435
303
-250
292
-577
2560
-2766
356
833
-845
339
-525
1219
-600
-587
1203
-360
-1003
1163
-240
-645
844
-487
122
232
-723
759
-235
-420
681
-475
189
-179
-53
675
-1327
2211
178
-976
-739
-1996
2676
-1079
-399
1682
-1454
1452
-1289
741
219
-1212
1171
-674
360
-97
-431
948
-448
-548
1239
-842
-27
1016
-1270
815
138
-645
615
-603
343
303
-682
917
-929
1101
-986
352
2974
-2518
-590
-1448
731
1570
-1861
2394
-1528
502
131
-1337
1472
-996
665
-414
-65
965
-1495
1106
-67
-908
1184
-949
146
818
-1008
678
132
-629
859
-958
835
-410
135
404
-1262
1982
-1237
2524
-1020
-4732
3726
-1113
553
-82
-852
2442
-2617
1108
180
-318
196
-773
1316
-535
-531
881
-493
209
219
-859
1158
27
-986
1121
-244
-823
1232
-1042
382
31
-218
505
-961
1288
-714
-136
1585
-476
778
-370
-3538
1000
-100
2265
-1725
92
2640
-2654
440
144
-90
13
-573
1386
-1131
110
1000
-1197
678
337
-993
687
-122
-414
1099
-1245
574
207
-532
580
-961
1417
-851
53
791
-1774
3185
-653
-2091
587
-1092
1916
-2706
2253
767
-1854
1665
-1741
1288
-605
-248
684
-777
1341
-1597
525
925
-1240
626
495
-1153
872
257
-1190
1213
-662
134
157
-577
739
-548
377
93
-740
1382
-1324
805
481
-390
3311
-4430
-1239
909
619
1316
-2713
2759
-216
-1473
732
-331
631
-1812
1849
-7
-1157
934
28
-736
919
-673
315
340
-916
985
-596
-197
652
-441
252
-483
402
301
-1140
1966
-1429
763
52
800
2110
-5663
1005
1799
-1613
1051
-967
2555
-1367
-368
682
-861
999
-1504
886
460
-1121
876
277
-1000
934
-133
-575
856
-598
191
348
-701
342
43
-267
550
-785
1047
-707
233
664
-1741
3222
-948
-2251
1343
-1973
1753
-1195
907
449
-922
1388
-1693
1070
-380
-135
425
-548
495
291
-725
1182
-750
-105
763
-1246
840
190
-566
562
-575
552
-173
-471
954
-1376
1558
-1217
-261
1828
-861
3172
-3500
-2417
2692
-1721
1521
-1516
1632
977
-1976
1121
-422
606
-825
83
1207
-1413
194
817
-1168
568
207
-823
1056
-127
-593
876
-456
-462
721
-650
557
-369
257
183
-1028
1500
-825
135
957
-475
2038
-3490
-752
2172
-2226
1699
-188
567
-38
-936
1489
-1569
597
-168
-374
1411
-1413
780
475
-1254
917
23
-786
714
-199
-51
473
-570
637
-651
431
-75
-656
1444
-1428
496
507
-1568
2146
-1573
1845
2305
-4836
-395
-412
2512
-733
-984
1937
-1008
380
-1381
2068
-730
-1675
2043
-1152
383
-81
-452
970
-491
-560
1145
-796
85
611
-612
504
-797
879
-349
-638
1402
-1505
1307
61
-1679
2659
-2247
1668
1131
-1405
-244
-3491
2107
515
-183
509
-450
1481
-1864
1091
-1029
72
1161
-1345
1053
-133
-700
1028
-492
-291
792
-797
550
-343
-41
688
-718
852
-811
-238
1422
-2012
1824
-730
-449
1355
-1822
4229
-1982
-3508
1887
-1060
1169
-1598
1984
488
-1290
887
-1585
2182
-1430
-624
1540
-773
-107
539
-539
281
396
-900
884
-114
-350
536
-378
134
61
-676
1160
-837
-277
1508
-1535
1162
-552
-556
2490
-94
-84
-3392
-1224
3285
-849
301
-402
1477
-237
-2329
2392
-920
-692
882
-511
509
40
-920
1302
-339
-597
815
-705
366
198
-355
368
-382
265
-17
-646
1269
-1265
1298
-257
-1317
2337
-1395
2130
-83
-3729
2102
-1549
968
-411
327
1251
-999
1090
-1724
1833
-1396
-598
2032
-1627
450
416
-695
567
-197
-152
568
-484
121
228
-564
568
-330
-82
436
-805
1095
-907
-64
1407
-1586
1094
-66
-1356
2742
-286
-152
-2344
-593
980
-166
1550
-1592
1397
6
-999
647
-1366
1844
-1127
-84
1469
-1612
778
352
-695
180
50
59
215
-603
778
-464
71
361
-1110
1651
-1056
-299
1465
-1998
1674
-312
-621
2788
-1260
-753
-1847
1601
-228
-1478
1913
-1163
1504
-1055
270
1186
-2159
1975
-1218
-3
844
-1328
981
27
-809
572
93
-345
510
-549
617
-479
-431
1016
-770
-80
921
-934
471
246
-887
1287
-1318
679
117
-965
2081
-360
350
-1589
-938
595
-693
2163
-1933
1340
-177
-722
1451
-2506
1679
-366
-603
1264
-1208
976
-514
-60
585
-1057
966
-23
-785
1064
-613
-69
956
-1517
1396
-443
-327
779
-1337
1578
-830
213
527
266
2622
-4653
179
60
220
706
-1863
3736
-2050
-63
901
-1273
1680
-1900
765
678
-1179
729
-520
546
-116
-411
671
-211
-590
1242
-907
-232
1293
-1381
727
-252
-322
1033
-909
880
-386
-349
1118
-1565
2264
-122
645
-2652
-2359
3406
-1546
1102
-15
-350
1979
-2842
1483
-419
-330
573
-957
1637
-1139
171
897
-1025
380
546
-1339
1063
-103
-775
1294
-1155
638
373
-1058
899
-529
273
168
-658
1062
-1587
2095
310
-1211
369
-2384
1787
-1157
333
1475
-2136
2551
-1754
812
14
-704
1054
-899
1024
-694
-382
992
-693
-37
723
-832
558
108
-943
1097
-324
-549
887
-688
-88
468
-520
642
-667
951
-852
-127
1257
-1078
3004
-1458
-2320
-191
-910
2849
-2242
1864
-179
-554
803
-1471
981
-1028
658
439
-839
925
-681
246
548
-1265
960
267
-1089
688
169
-643
771
-417
359
-414
64
380
-1232
1727
-1018
75
891
-2009
3553
216
-2764
-245
-1025
2198
-2185
1258
1325
-1408
768
-776
1238
-1269
-275
1186
-1245
1138
-1060
249
997
-1253
468
702
-997
838
-30
-586
791
-860
806
-745
81
540
-1006
1299
-1156
461
1273
-2005
1949
-864
2324
-464
-5349
1603
62
1434
-662
-123
2352
-1793
414
-1418
1276
-325
-1586
2568
-820
-624
888
-272
-375
586
-754
520
152
-547
564
-419
127
171
-292
458
-486
184
672
-1576
1551
-653
-450
1223
-1474
3454
-956
-3007
1364
-1330
976
-1232
1064
1155
-1354
1162
-1654
1667
-705
-1066
1671
-896
-69
829
-1071
615
64
-519
597
-417
489
-15
-423
371
-409
139
422
-1048
1217
-727
188
748
-1935
2410
-1144
-167
1493
-373
2746
-4907
-1465
2122
1067
-459
-1250
3384
-1910
-348
367
-816
1244
-1606
1103
681
-1470
1084
-191
-369
376
-169
152
-71
-206
699
-661
153
680
-1320
1202
-602
-302
1429
-1285
665
66
-1232
2804
-533
-661
-1306
-146
481
-1454
2378
-1368
924
259
-1280
1553
-1807
922
137
-597
1195
-1355
453
869
-994
179
315
-358
471
-770
780
60
-811
1109
-1114
509
326
-1193
1614
-908
-154
1401
-1775
2440
463
-949
-2819
-502
2117
-1081
1274
-491
753
328
-2048
1882
-1169
221
381
-942
1489
-736
-192
506
-255
-159
486
-482
459
-253
-190
664
-966
745
115
-925
941
-376
-528
1264
-1359
995
-511
-9
1987
-2022
-224
-159
325
-107
-943
1750
-1968
1505
-430
-396
1137
-2100
1427
-55
-577
442
-460
454
87
-581
733
-364
175
240
-743
1151
-666
-425
1116
-1127
539
655
-1243
1419
-1048
474
535
-1115
1377
81
1427
-1655
-1676
1006
-1153
1465
-1377
2016
-961
-250
1590
-2177
1146
-85
-709
1069
-993
613
91
-459
688
-931
570
290
-964
952
-372
-523
1157
-1284
995
-22
-680
1052
-1413
1210
-164
-536
2399
-1170
-1314
-988
976
292
-1118
2011
-1628
1642
-619
-1071
1841
-1709
579
389
-469
525
-645
828
-357
-451
965
-548
77
558
-910
508
518
-1324
1388
-440
-598
1014
-1197
1099
-150
-423
924
-1185
1119
-307
2376
-1162
-4021
2812
-1938
1376
382
-363
1893
-2570
1740
-590
-1315
1523
-1207
1162
-665
9
612
-718
540
-12
-757
896
-140
-746
1238
-842
213
569
-1084
940
-267
-488
802
-1006
913
-274
-289
2061
-614
-858
-2332
1669
669
-1929
2058
-961
680
47
-1556
2311
-1384
-21
503
-379
336
-755
830
-114
-806
916
-116
-607
1126
-830
350
304
-1302
1310
-331
-774
1210
-976
732
-204
-474
1311
-1575
1640
-321
1623
298
-4678
-188
531
2365
-903
-1383
3667
-2059
-451
360
-157
221
-742
998
-55
-742
715
135
-422
559
-660
599
-83
-1159
1524
-413
-818
1074
-694
76
477
-547
1047
-1201
961
-533
-561
1965
356
720
-4530
-309
3777
-2343
929
-379
1324
-400
-1967
2528
-1408
-329
886
-316
269
-295
65
599
-930
417
512
-1158
1256
-71
-743
955
-675
110
583
-1095
1092
-551
120
209
-549
1331
-1350
1487
1575
-1669
-632
-2902
1963
-476
-440
2252
-1873
2000
-945
-314
864
-1254
835
-450
249
496
-981
1035
-200
-981
1200
-347
-463
907
-792
169
782
-1231
897
-100
-70
87
-428
684
-710
471
48
-118
2269
-3283
149
974
-1614
2190
-2055
1702
-614
-408
1509
-2257
1874
-1030
-140
1047
-985
721
-1002
880
277
-1008
817
317
-1242
1099
-63
-729
1003
-918
490
-115
-539
1150
-644
454
-455
-305
1442
-2172
1873
332
914
-79
-4961
3043
-1232
-319
1790
-1255
2239
-1979
750
278
-1306
1305
-1334
1586
-729
-609
1209
-904
15
762
-1087
547
299
-946
1027
-411
-76
385
-400
304
-481
206
578
-1116
1362
-1120
498
681
-1076
3711
-3246
-1322
981
-2076
2451
-1797
1305
967
-985
609
-1466
1829
-1159
-335
1301
-1323
658
247
-995
1222
-584
22
653
-969
583
337
-710
501
-314
75
167
-539
1002
-1160
1311
-558
-864
2039
-2077
1064
84
561
3603
-6388
-661
1632
662
-93
-1076
2831
-1458
180
-629
-125
1422
-2030
1661
-425
-529
898
-856
539
156
-822
694
-19
-454
683
-473
898
-737
-15
713
-1686
1753
-724
-501
1749
-2192
1658
194
1563
80
-6126
2685
769
-272
378
-545
2185
-2571
1032
563
-1363
1581
-1710
1005
506
-1649
1224
48
-760
563
29
-329
721
-693
490
-51
-471
706
-1064
883
-263
-631
1662
-1454
381
1563
-1894
2869
357
-3194
-860
-733
1931
-592
820
460
-849
979
-1553
441
693
-1271
1014
-230
-544
898
-396
-457
905
-279
-491
790
-432
176
211
-242
290
-622
147
452
-754
770
-158
-628
1358
-1513
770
210
-55
4082
-5421
-1934
2725
-520
262
-683
2527
-586
-1887
1871
-1167
697
-714
-358
1619
-1091
-255
985
-769
-262
1070
-860
349
193
-156
244
-646
751
53
-579
576
-637
647
192
-1407
2349
-1569
333
523
-1160
3649
-1879
-1382
-861
-847
2356
-1347
1438
-594
572
-142
-1472
1706
-1760
770
467
-942
1106
-447
-297
649
-643
377
20
-346
667
-558
427
147
-939
1197
-780
-408
1339
-1660
1241
-335
-831
1866
-1620
2157
1006
-3832
391
-516
1171
-881
1363
-183
-711
1141
-1773
1864
-812
-1098
1745
-1073
424
91
-577
916
-663
55
428
-513
521
-155
-307
685
-1067
878
-158
-833
1646
-1802
1202
311
-1471
1730
-1435
793
738
279
1599
-4668
184
804
995
-927
0
3027
-3287
1263
387
-1681
1684
-1420
1035
-37
-887
1210
-605
124
155
-417
625
-548
95
767
-1262
1135
-472
-792
1474
-1132
453
422
-1199
1493
-1017
454
1463
-1432
-1118
-317
2114
-2116
386
1684
-2098
1360
-1491
1540
-369
-1400
2022
-1805
1053
66
-910
672
-107
103
76
-542
837
-400
-394
909
-1132
981
-40
-1001
1324
-881
-59
1162
-1455
1260
-657
159
92
460
2359
-3378
396
-553
-573
1748
-2211
3126
-2107
595
1098
-2663
2126
-946
168
529
-810
834
-470
-37
585
-904
841
-278
-621
1168
-782
-92
903
-1217
778
136
-972
1212
-1228
944
-407
-496
1172
-1514
2411
272
-1936
79
-1705
2028
-1936
1315
1118
-1668
1699
-1551
898
88
-1317
1391
-758
503
-134
-394
797
-1046
666
398
-891
983
-314
-870
1468
-1411
498
592
-1093
894
-920
1162
-330
-294
903
-1456
1642
-39
1359
-1907
-3011
2707
-973
1716
-1532
-72
2174
-2980
1770
-638
-341
728
-940
1553
-1459
558
833
-1155
704
6
-907
1227
-802
-120
1224
-1343
774
-341
-376
1037
-1062
776
-440
-189
1016
-1510
1877
-445
2490
-2146
-4219
3918
-1385
-118
868
-427
2167
-2946
1481
446
-1349
