-1340
-637
523
-48
155
-357
-542
996
286
-893
186
742
-520
-308
447
62
-130
-42
-308
279
179
-697
545
35
-338
1122
-836
-615
1520
-802
-305
1191
31
-1293
-754
1178
2785
-3704
-2723
3307
1387
-980
-1917
-205
2976
69
-3248
1198
1747
-1000
-875
-69
1056
770
-1844
-487
2034
225
-1765
230
796
171
-241
-520
1484
-282
-975
577
-693
831
432
-1664
1202
-146
-356
2351
-525
-2658
675
3420
-4552
-1953
4186
-220
-1104
-1188
2314
614
-2673
1410
476
-510
-480
-146
1002
-681
-433
923
-211
-314
310
-367
536
-698
755
-319
-455
1014
-1210
1115
-370
-411
1709
-1587
1208
629
1750
-4613
-1362
4835
-2423
-1138
931
1027
-521
-1812
2620
-514
-1282
949
-203
151
-599
589
714
-1614
330
1273
-820
-108
38
756
-743
-433
1353
-1037
418
-6
-402
1362
-1911
1260
66
-200
1119
723
-1355
-2309
3043
-1831
-2762
2517
365
238
-1640
1534
1477
-2170
300
904
-385
-665
9
718
67
-921
727
174
-421
155
-367
739
-233
-427
642
-758
339
400
-909
1451
-675
-17
492
-586
1998
-158
-3335
761
2149
-1758
-2000
3540
30
-2020
214
826
801
-2352
965
1927
-2374
-333
2105
-380
-1346
252
841
138
-1183
393
779
-599
-54
-67
509
148
-1264
1163
-278
-513
921
-1226
1179
29
-272
1438
-1748
-103
1144
-344
-3004
1013
2217
-1813
297
95
1389
-446
-1849
2014
-329
-1207
820
225
-297
-346
428
477
-821
359
575
-1024
534
-307
308
266
-949
1605
-1314
340
1144
-1401
1379
-144
2060
-3648
-703
4314
-2931
-1888
1362
1812
-1541
-969
2644
-469
-1015
62
771
-204
-1297
1161
684
-1514
241
1005
-497
-93
-81
316
288
-663
954
-565
33
399
-947
1310
-881
-60
635
-1089
1746
245
-15
-1579
991
-264
-2754
1901
386
-27
-545
-31
2335
-2115
-47
1532
-762
-300
-318
594
130
-961
596
629
-442
204
-379
670
-512
-288
898
-1312
1033
-87
-753
1030
-1232
1927
230
596
-2868
-104
4035
-4570
-1048
3156
133
-1620
-1043
3175
-293
-2282
1420
384
-851
-937
1220
1296
-1892
-134
1682
-540
-342
24
262
442
-867
811
-759
-121
691
-1099
1243
-830
-174
1454
-910
2284
-1830
-1373
1167
-2385
-100
1197
876
-724
-838
1174
437
-134
-1409
1012
711
-1745
938
647
-925
31
440
-37
346
-487
334
-249
-59
355
-792
1086
-255
-589
1056
-1071
1276
-510
-673
2009
-105
1074
-4806
1796
4496
-4832
-1501
2621
1231
-2467
-357
2991
-553
-1481
-32
1322
-342
-1719
1150
1315
-1939
-196
1410
-612
-83
-298
815
145
-792
699
-306
-84
47
-592
1400
-1260
154
1021
-1098
2606
-626
-1579
408
-1717
-233
460
989
-231
-737
483
641
486
-2103
1174
1226
-2031
343
779
-569
89
-209
551
215
-584
413
-208
189
-99
-212
706
-1350
577
364
-1076
1555
-1055
1220
796
-168
-3044
741
4010
-4887
-1374
4038
-169
-1884
-799
3365
-373
-2487
1447
1049
-1033
-892
573
1246
-1637
-232
1765
-874
-469
583
296
-195
-280
962
-630
-812
1367
-632
446
-688
151
1237
-1590
1783
1118
-1030
-1605
710
-530
-2222
2220
532
207
-1234
103
2888
-2143
-677
1478
-565
-300
-377
489
669
-988
437
437
-776
468
148
-211
-288
165
961
-1445
709
139
-407
1188
-1621
1182
-407
-471
3199
-2704
-2199
2645
1598
-4916
671
3879
-2069
-1153
514
1815
-625
-2357
2747
241
-2420
903
1453
-883
-1013
178
1279
-250
-931
789
51
38
-189
-65
866
-967
744
-305
-852
1640
-1193
211
775
229
1311
-2566
148
1039
-1460
-1172
839
1850
-1595
-383
1310
572
-534
-1548
1794
202
-1918
823
646
-424
-114
105
471
-124
-415
769
-504
1
-420
383
242
-1519
1817
-364
-534
843
-1295
2613
-444
-3127
1641
1983
-1994
-2360
2502
882
-1571
-892
1383
1851
-3327
657
1830
-1215
-812
183
1305
-590
-1363
1358
649
-1191
-167
774
407
-1292
929
78
-593
716
-1036
1365
-1311
455
1500
-433
456
-2257
1553
-907
-2041
1190
1279
-399
-1721
1655
699
-594
-878
167
1514
-2002
287
1660
-1246
-413
910
-34
-463
-224
890
213
-926
424
-49
244
-224
-710
1565
-1003
-113
1006
-1296
1812
529
-2448
-275
2420
-1026
-3577
2600
1406
-1723
-881
1027
2282
-2919
-186
2735
-1407
-1270
1084
817
-764
-1037
926
1297
-1526
-245
1065
153
-781
-431
1527
-802
-584
888
-1061
1229
-689
333
1780
-1208
-696
-205
2118
-2253
-2136
2707
257
-1025
-1419
1996
1480
-2803
743
753
-310
-153
-449
993
0
-1139
920
546
-1064
504
149
223
-688
-76
873
-832
282
6
-109
945
-1814
1250
415
-240
2434
-4013
723
2749
-3588
-1056
2246
1069
-2293
19
1896
368
-1620
-424
2590
-1037
-2168
1662
1252
-2119
15
1011
81
-313
-408
948
-136
-500
481
107
87
-607
168
814
-1472
1199
68
-97
1502
-2066
553
708
-1351
-1210
337
1786
-1215
-333
495
1304
-593
-1866
2047
-60
-1353
644
141
-40
-138
-467
904
-203
-625
839
-301
-62
4
216
55
-931
1357
-472
-14
489
-1140
1665
-1372
918
1546
-437
-1332
-1637
1133
-914
536
298
-22
184
-935
1860
-789
-874
1731
-802
-588
472
-49
270
-503
-324
870
-306
-396
426
-278
282
90
-61
-74
-624
976
-730
187
544
-1194
1453
54
-506
-1111
778
2429
-3401
-1057
1872
631
-1177
-1564
2761
31
-1568
420
126
757
-1096
-117
1343
-1128
-83
931
-845
318
319
-265
-54
-484
911
-479
-348
668
-489
622
-1335
1312
311
-980
2693
-977
-3227
1784
4048
-5656
-2314
5992
-1152
-2576
245
2398
412
-3605
2371
1458
-2475
-159
1143
866
-1674
-636
2068
-80
-1659
923
510
299
-883
507
548
-1037
598
-721
1065
-515
-585
1861
-258
579
-1614
-361
-1261
-270
2191
-1051
400
-435
214
935
-1318
789
-320
-197
670
-773
514
-142
-441
809
-488
-280
903
-845
267
181
140
262
-685
832
-1038
735
458
-983
1181
-830
2878
-1094
-4525
3926
1686
-5646
-189
4343
-828
-3259
1799
1929
-675
-1881
1357
1429
-2542
-122
2364
-833
-1512
1123
130
-242
300
-720
657
441
-339
240
-689
402
-145
-351
547
-370
998
-478
200
2622
-3411
992
33
-2786
1294
44
904
-933
-320
1900
-756
-547
309
321
-79
-888
1052
-45
-1276
1205
373
-944
761
-283
167
83
-922
1285
-570
-389
174
41
709
-1152
1055
-166
-428
1778
1354
-2154
-3053
2906
-653
-2262
2562
-89
-402
-441
740
849
-2078
1375
734
-1503
-132
957
231
-603
-243
645
399
-1327
744
605
-1080
827
-169
176
-363
-299
1164
-992
286
420
-703
881
-921
2395
240
-4284
2788
1341
-3409
-1151
2757
1112
-3272
722
1915
-363
-1536
589
1675
-1996
245
1231
-1168
78
362
-218
563
-1004
939
118
-971
822
-564
614
-333
-287
249
-667
1394
-1247
813
411
1608
-1253
-3539
4264
-147
-4632
578
2958
-771
-2841
2164
1525
-1398
-1712
2184
911
-2999
991
1757
-1344
-583
98
1284
-57
-1521
1378
-112
3
-73
-299
785
-1166
796
-15
-175
56
-267
2483
264
-1148
-1338
-999
-773
207
1999
-918
548
-330
-151
1197
-1596
879
325
-830
506
-261
50
578
-996
383
1245
-1178
254
175
-384
734
-404
106
85
-714
705
-363
713
-350
-289
2280
-1262
-2298
1774
1053
-2408
-1592
3338
-283
-2814
1373
1257
-243
-1841
1487
1306
-2178
167
1290
-728
-331
240
109
482
-983
644
333
-850
1055
-234
-545
378
-728
955
-753
259
92
-353
1240
14
40
-2455
2812
-535
-4228
2628
603
257
-1123
-315
2485
-1375
-745
674
229
-258
-575
927
-519
-354
1197
-899
248
495
-630
843
-819
322
687
-1062
901
-992
721
-80
-51
181
-476
2371
-875
-3196
1704
3863
-5898
-1844
5879
-1139
-2480
115
2593
93
-3295
1989
1476
-2274
-499
1540
697
-2087
72
1981
-1170
-581
1085
-195
333
-993
508
838
-1935
1352
-68
-97
-618
-191
1923
-127
-214
-1799
1458
-696
-3044
2525
43
-465
-473
198
1977
-1534
-413
1232
-424
-597
-27
561
-82
-921
1043
109
-961
954
24
-576
481
-553
378
259
-972
889
-296
354
-158
-445
1449
-479
1994
-3126
-673
4169
-2738
-1986
1238
1108
-317
-2563
2429
1196
-2051
80
1083
-155
-1265
484
1091
-1009
-22
780
-720
311
185
-373
647
-718
429
476
-1238
1235
-381
100
164
-568
1382
-179
329
-1471
873
1164
-3651
1130
1102
111
-1175
-758
3388
-1273
-1787
1777
22
-630
-369
861
203
-1200
836
205
-420
372
-111
613
-756
-215
1470
-1590
469
478
-619
546
-1159
1408
116
434
1759
-4878
1429
3472
-3861
-2116
3801
729
-3424
869
1976
-118
-1404
-19
1940
-1407
-1384
2016
112
-1358
107
735
261
-955
441
802
-1088
583
168
-715
745
-831
563
-115
-800
1254
-891
299
16
598
1663
-852
-1084
-1357
714
-1328
924
1001
-1079
1094
-1113
1013
219
-1496
1383
-466
-263
62
-70
451
-505
239
708
-655
206
86
-485
692
-908
715
105
-1233
1187
-549
476
45
-303
1350
-1249
2307
-1959
-1734
2320
287
-2959
-1089
3610
-873
-2020
1557
421
-164
-1667
1574
923
-2270
855
954
-695
-737
351
1151
-1180
144
1010
-902
625
-1036
1236
92
-1303
1569
-1351
805
306
1067
-204
-1808
569
-1083
-292
58
1274
394
-1552
1471
-277
-195
-63
-152
599
-1041
471
779
-746
-106
555
74
-102
-665
504
651
-1294
738
-70
-264
697
-1131
931
290
-914
1116
-994
933
1507
-2309
-1998
2875
2513
-5408
192
3360
-1486
-777
-330
2520
-459
-2776
2407
637
-2059
192
1141
-216
-996
22
1275
-783
-310
850
1
293
-1251
784
762
-1928
1419
-269
-444
608
-1368
1744
447
98
-2166
793
-299
-1747
1601
-259
1210
-1181
-1312
2726
-628
-949
109
127
523
-835
32
719
-437
-23
161
-43
276
-849
880
-462
-471
1342
-1034
376
-162
-692
1790
-1588
751
213
-85
1360
-230
-3492
644
6361
-5297
-5545
6602
853
-2820
-1194
2571
1788
-4268
900
2938
-1712
-1589
1177
1172
-1174
-1207
2115
27
-1285
638
51
654
-1132
237
1062
-1893
1532
-145
-589
508
-865
1411
-1069
1442
3065
-3047
-4508
2713
1888
-2491
951
923
-255
-533
-709
2445
-1507
-1216
2341
-708
-1111
795
193
-9
-442
370
550
-872
542
159
-286
816
-968
571
-327
-965
1805
-1245
691
-211
-59
3286
-2594
-3608
3677
3220
-6391
-862
6115
-2832
-2211
1557
1650
-224
-2801
2110
1529
-2854
116
2188
-847
-1292
838
866
-766
-737
1246
206
-1062
430
691
-863
200
17
625
19
-1340
1494
-423
-850
1462
44
-216
-599
465
212
-2437
718
926
143
-1373
177
2328
-2014
-14
1143
-516
-257
-536
968
-45
-1020
1029
202
-373
71
174
352
-1140
840
459
-1492
1304
-902
798
-441
-536
1772
-1543
1966
-405
-3036
2387
1869
-3963
-764
4229
-1541
-1405
1191
656
80
-2043
1565
1561
-3340
274
2597
-601
-1794
539
1139
-214
-988
685
766
-1040
263
217
-306
168
-482
1399
-1134
-653
2770
-262
-1375
-1461
2160
1503
-5877
1113
4048
-994
-2793
450
3567
-1033
-2854
2072
599
-1329
-79
221
860
-981
-464
1566
-741
-271
790
-490
-57
-224
333
380
-940
774
-578
699
6
-1012
1983
-681
1484
-497
-3210
2549
562
-2454
-339
1824
-283
-1550
1372
918
-310
-1518
1047
1528
-2587
290
1848
-1046
-380
239
-37
875
-855
-73
836
-180
28
-731
1004
-875
503
104
-696
1229
-1528
1520
558
679
-1811
-1231
2051
-2725
64
1001
326
-95
-834
2295
-1004
-585
1082
-417
-68
-593
707
368
-1578
961
1018
-942
210
174
36
106
-764
969
-211
-320
-27
-407
1390
-1183
474
972
-959
3296
-3966
-1489
3992
-1579
-2667
1368
2258
-1580
-1219
1529
1188
-1074
-1575
2419
16
-2714
1858
822
-1257
67
311
421
-72
-986
1313
112
-531
261
111
75
-1201
1529
-259
-703
907
-1506
2052
988
163
-2305
-1083
1341
-1958
1169
479
144
86
-1093
1996
-709
-616
625
-260
130
-883
968
373
-1570
1022
663
-807
350
-295
583
-471
39
529
-928
602
-517
546
133
-608
1708
-1588
1302
947
-655
-3543
2474
3788
-7292
-51
4804
-456
-2401
-489
3819
-975
-2025
1121
459
-240
-1348
1179
719
-1862
482
1130
-799
163
5
363
-103
-489
896
-462
141
-237
-404
1325
-1690
1269
-21
3
2075
-244
-325
-2253
-592
-384
403
824
-695
1582
-887
686
91
-1123
1460
-809
-435
883
-782
79
596
-806
521
497
-795
338
-252
299
-23
-442
407
-533
428
81
-526
1337
-1141
1760
264
-4751
2264
3675
-3289
-3646
3466
2525
-3703
-62
2180
1144
-2869
-234
2951
-2265
-1176
2405
-45
-1668
506
414
523
-936
96
1327
-1402
59
896
-363
-260
-479
1504
-647
-551
975
-699
1992
463
-1712
-1287
285
-174
-1647
2040
346
-908
226
350
1192
-1901
449
1258
-1604
83
916
-497
-123
225
205
741
-1049
181
969
-1285
338
514
-554
-14
-425
896
-376
96
665
-834
1977
-166
-2673
1096
851
-394
-2389
1489
1738
-2031
-242
948
1240
-2289
142
1858
-1116
-553
611
392
-300
-823
707
1101
-1809
539
797
-696
310
-410
701
-494
-318
1262
-831
577
-691
1432
79
-1416
745
-35
-673
-2375
2098
1436
-2215
342
486
1324
-1935
-470
1975
-1005
-313
132
486
62
-1219
1191
387
-1182
726
-272
196
245
-762
938
-546
-275
442
-488
832
-995
939
-322
22
1328
-79
-1056
-1357
3153
-1786
-3270
3021
-253
-388
-572
1091
1048
-2271
836
1177
-759
-658
347
940
-974
-479
1333
-693
-604
1170
-431
-127
157
25
563
-1185
945
164
-530
-267
-305
1656
-980
1372
-605
-246
1250
-1799
-167
-643
1427
-141
-1853
1538
392
-48
-872
669
799
-1685
953
131
-422
540
-741
733
300
-879
916
-446
-69
851
-978
472
-348
268
-275
-164
1189
-1525
1033
509
1613
-3507
-1188
4968
-3193
-2510
2582
515
-971
-1148
2060
647
-2137
776
1085
-719
-1299
1410
559
-1870
490
1193
-1051
166
445
-555
713
-796
495
173
-838
881
-635
437
-161
-248
906
-209
2358
-3373
-279
2111
-2169
-202
116
1656
-922
-1584
2366
-34
-1120
57
909
-262
-965
1002
69
-1049
1089
334
-830
588
51
-159
345
-588
965
-453
-702
753
-531
658
-532
236
473
-1130
3429
-2711
-1610
2402
25
-2183
-1248
2959
-163
-2292
1274
1057
-395
-1640
982
962
-1717
558
609
-354
-104
-115
934
-328
-762
1590
-898
-36
312
-553
868
-1321
964
23
-556
506
-718
2239
-469
-225
-1498
221
-718
-991
2288
-1245
85
296
-96
987
-1907
1296
60
-856
445
-180
557
-660
362
931
-1207
228
603
-868
688
-404
316
138
-1017
1220
-338
1
363
-533
966
-1051
880
1292
-2421
62
1918
-61
-3951
1782
2337
-1936
-296
391
1717
-1659
-862
2344
-730
-802
673
651
-392
-933
925
738
-1409
723
181
26
-81
-840
1636
-854
-598
988
-864
576
-578
1134
1327
-2258
-1200
1825
1049
-4373
1203
3383
-2071
-990
537
2122
-702
-2486
2339
345
-1633
397
581
24
-393
3
913
-877
14
1007
-1042
655
-297
-11
466
-1220
859
-117
-10
707
-1403
1231
-226
1739
-1637
-1293
2266
-2253
-913
263
1076
278
-2129
1858
649
-1389
-177
1018
390
-1445
419
883
-826
-219
133
858
-209
-531
1007
-1032
833
359
-1128
1247
-1184
728
-116
-595
1097
-12
2364
-2761
-2062
3209
237
-5201
1171
4385
-2730
-1199
1504
1183
-673
-2076
2435
412
-2266
586
942
-383
-395
0
813
-376
-556
1045
-761
379
409
-714
539
-1087
334
1003
-1401
1252
-462
327
190
2194
-2879
-3447
5867
-507
-5755
2782
1678
-674
-2383
1563
2902
-2671
-713
2341
-438
-1733
752
1017
-708
-984
1112
403
-940
729
-26
-352
692
-532
390
-239
-766
1479
-924
-265
616
-434
922
66
436
-1466
-69
831
-1766
735
-300
620
-308
-1117
2428
-1023
-947
1079
-161
-323
-131
158
312
-576
393
424
-760
572
-163
-138
379
-377
689
-416
-930
1634
-912
259
356
-560
884
-1167
2919
-2932
-2041
4497
-1099
-3420
200
3279
-1182
-2751
2184
1098
-1070
-1272
1392
1123
-2500
722
1476
-1244
-338
473
768
-970
-57
911
-670
445
-809
570
657
-1827
1632
-968
487
117
246
2105
-2144
-1981
2552
928
-5564
1766
2925
-1558
-653
-113
2779
-1213
-1971
2506
-638
-1073
676
106
40
-435
691
120
-897
643
336
-464
-100
-209
1173
-1284
-443
1736
-1319
1013
-558
60
1493
-466
1428
-4153
1014
3489
-4360
-687
2494
1110
-2897
87
2900
-685
-1426
397
762
-325
-1097
1140
799
-1615
383
690
-215
40
-151
729
-419
-362
934
-1110
725
-315
-302
766
-1693
1693
344
939
-477
-2971
2523
-948
-1868
805
1011
475
-2391
1566
1567
-1320
-405
198
766
-825
-648
1289
-177
-928
764
231
-157
-155
19
460
-687
-57
1061
-1156
317
-49
-90
837
-1658
1460
433
721
-426
-3693
3143
1214
-3648
-166
1837
1027
-3103
1188
2328
-991
-1225
190
1642
-1296
-1273
2172
-87
-1516
682
520
-38
-292
-171
874
-565
-270
625
-568
583
-842
1211
-19
-1547
2008
-954
520
974
-142
-1554
-991
3087
-2706
-1583
2311
716
-614
-1976
2538
647
-2240
753
85
225
-845
-40
1179
-1129
197
946
-721
-221
431
88
-248
-536
1441
-660
-290
-425
214
1616
-1938
1150
-227
493
1857
-4198
886
2776
-2395
-2996
3422
943
-2635
560
1096
1056
-2545
352
2746
-2476
-296
1606
-307
-693
-54
554
443
-1069
686
347
-314
6
81
434
-1568
1493
47
-1083
1067
-1401
1991
123
577
-1829
-405
1843
-3185
337
1299
284
-835
-723
2384
-658
-804
582
44
-54
-864
630
687
-1152
328
1076
-963
130
351
-209
185
-504
960
-924
-444
1271
-985
698
-193
-37
1208
-1563
2263
715
-4480
1363
2735
-2979
-1866
3183
375
-2345
930
1140
357
-1831
431
2092
-2347
-642
2433
-436
-1885
1130
278
-507
155
-186
691
-497
85
337
-965
722
85
158
-30
-1217
1962
-743
119
1861
-2085
190
135
-741
-592
324
1892
-1724
-403
1138
647
-980
-933
1974
-957
-1241
1580
-199
-881
666
152
59
-212
-365
1264
-875
-100
560
-250
157
-863
1100
-192
-820
1717
-1340
1762
1029
-4649
1482
3798
-3602
-2968
3828
961
-3390
798
1745
877
-2537
288
2593
-2417
-977
2481
-84
-1602
668
274
309
-456
-572
1497
-484
-424
424
-216
253
-563
511
53
-874
1200
-1080
757
1223
-787
-189
-1360
1650
-1258
-2236
2429
65
-681
-810
1516
1131
-2447
737
554
-73
-817
-191
1481
-1042
-368
1633
-874
-169
362
-151
208
-1023
1064
-50
-566
107
-428
1496
-1572
769
722
-357
2104
-4039
357
3844
-2535
-3780
2838
2466
-3218
306
1832
995
-2267
-374
3245
-1984
-1191
1964
-76
-774
-123
-40
1178
-723
-567
1227
-443
29
-49
81
499
-1037
806
-231
-99
249
-956
1831
-699
1689
-1027
-1582
2343
-2916
-491
1709
-182
178
-1394
1419
313
-822
-4
158
335
-966
595
649
-1373
893
615
-1044
497
-41
229
96
-549
886
-725
-29
-9
-317
871
-1082
1410
-1276
281
2956
-1337
-2573
662
2604
-3879
-376
3226
-670
-1220
-375
2549
-853
-1659
2534
-812
-842
421
288
200
-950
94
1268
-1060
33
1118
-748
269
-173
327
-36
-812
1082
-787
615
-803
170
1577
-542
529
-2674
1225
1254
-3424
696
1305
304
-1616
-147
2378
-513
-1126
217
902
-457
-1115
1431
3
-1099
1074
106
-634
913
-371
-84
307
-619
616
-562
131
356
-215
497
-955
1366
-270
-734
1465
535
-211
-3053
1898
1303
-4074
1614
1129
299
-1413
-182
2685
-1770
-772
1256
279
-974
-749
2162
-524
-1843
1705
409
-1035
499
-399
843
-443
-452
1162
-629
-12
-701
1147
-13
-946
1765
-108
700
-2241
294
1399
-3215
1137
900
74
-538
-610
2064
-889
-851
557
235
-105
-730
1037
-81
-1000
1158
-17
-607
938
-636
136
514
-693
892
-628
34
-73
-106
1178
-935
385
-50
120
1419
35
-1639
-614
2367
-2376
-2429
3960
-430
-1412
67
1255
1187
-3014
1133
1866
-1685
-789
779
879
-890
-847
1141
723
-1504
581
791
-717
374
-385
655
-507
-575
1034
-606
99
-254
435
883
-1311
2831
-528
-3084
1317
641
-1809
-1649
2630
1207
-2671
518
1738
245
-2033
852
1457
-2084
270
1079
-724
-317
637
-259
157
-130
-14
620
-769
-133
821
-669
-42
390
39
71
-444
912
-612
-221
2017
-2084
-304
1171
900
-1965
-2211
3539
258
-2864
587
1798
0
-2739
1777
1253
-2097
201
887
330
-1067
-421
1961
-770
-1650
1816
-123
-547
-337
515
840
-1552
560
165
13
23
-712
1423
-743
1821
-1968
-298
1826
-2649
-1012
682
2115
-1499
-951
1579
731
-1041
-1293
2237
-656
-1119
1299
-467
-133
221
-428
898
-406
-138
857
-1330
468
726
-755
317
-346
657
-568
97
800
-1090
1316
88
77
-2558
1450
2554
-4758
1016
2299
-508
-1332
-582
2878
-1215
-1514
1479
158
-1039
-374
1719
-335
-1615
1562
384
-1246
619
-122
642
-210
-450
1145
-1398
423
424
-433
413
-602
1096
-1130
1571
725
-1951
1026
-482
-1710
-1046
1924
723
-1696
609
848
425
-1923
564
1324
-1389
373
312
-485
632
-554
406
475
-1012
1020
-265
-753
960
-769
523
-227
-89
468
-577
951
-1258
1041
630
-166
1372
-2248
-689
-1068
1049
1004
-1535
1293
-790
520
536
-826
395
147
-236
-402
104
897
-619
-543
814
-380
-13
453
-603
511
436
-581
359
-511
102
301
-453
546
-737
831
191
489
1077
-2865
2013
173
-3288
1246
470
789
-1588
-24
2463
-802
-1354
619
871
-783
-642
1274
-449
-691
1106
-489
-48
538
-640
417
-388
-252
1041
-1224
721
21
-198
166
-642
1410
-624
723
2294
-3757
79
997
-438
-2008
1700
1428
-1952
401
811
678
-1268
-205
1591
-1447
-273
1048
-321
-118
-361
295
788
-898
-36
896
-956
860
-253
-611
912
-830
463
-297
357
491
-808
1558
502
-1259
-2184
2435
855
-4357
1691
1612
-246
-1204
-689
3156
-1018
-2065
1760
90
-561
-331
781
90
-998
806
212
-777
759
-232
-261
515
-787
1108
-498
-287
632
-907
1050
-384
-173
456
-169
1652
-240
-3462
750
4406
-3442
-4175
4962
1149
-3268
-489
1946
1610
-3428
447
3121
-1599
-1541
1198
1409
-1393
-864
1832
194
-1965
1328
359
-186
-20
-579
1317
-1446
236
1447
-921
242
-719
1349
405
40
-1368
-115
1354
-3053
851
1469
-839
375
-1511
1943
130
-2159
1426
117
-297
-444
438
538
-925
456
502
-691
662
-351
14
685
-1056
1206
-514
-527
808
-780
763
-713
93
989
470
254
-4575
2590
4067
-5150
-1450
3440
692
-3472
156
3316
-295
-2124
476
1632
-1530
-1172
2151
287
-1754
481
789
-112
-494
-266
1452
-869
-46
668
-1181
1138
-581
-97
852
-1218
1066
-1036
473
1036
1310
-432
-3067
1654
-1279
-275
752
-844
2144
-1610
468
938
-995
438
-186
132
-143
-96
266
-463
463
574
-767
575
-135
-99
525
-1415
1389
172
-1107
953
-980
1018
176
35
2071
-4528
380
5048
-2927
-4494
3717
3190
-3962
-943
2892
708
-1815
-855
2345
-839
-2083
1824
1124
-1828
-270
1176
148
-998
-119
1666
-1151
37
723
-757
828
-1152
537
1143
-1797
1459
-410
963
1499
-2509
-1015
1510
-984
-1679
2068
263
-1233
1165
-316
1033
-1044
-305
1726
-1598
-310
1560
-558
-825
943
164
-46
-421
158
815
-1293
294
99
-507
675
-684
851
156
-1284
1577
-761
864
1489
-3147
358
1667
-981
-2486
1725
1436
-2191
735
502
598
-1197
-588
2337
-1390
-1121
1814
5
-1077
443
136
508
-805
215
559
-475
296
-858
1456
-477
-679
1618
-1828
1463
148
643
-493
-1710
2376
-1611
-2037
1296
1569
-920
-2235
2315
712
-1285
-400
526
1050
-1770
178
1691
-1207
-508
1401
-373
-506
432
6
302
-756
972
-324
-889
880
-561
686
-329
-308
1465
-1566
2096
1751
-4249
-189
3114
-2262
-2338
3193
425
-2494
769
1134
557
-1846
303
2269
-2119
-800
2193
-448
-1552
1045
292
-689
328
-61
564
-192
-230
600
-734
156
110
243
252
-1508
1508
-324
-1041
2045
326
474
-1818
-933
1065
-1560
235
369
628
-186
-436
1406
-990
182
-176
-168
530
-826
333
578
-879
731
126
-508
956
-670
262
-121
-69
156
-728
852
-983
603
696
-1511
1834
-994
2118
-647
-3179
2750
116
-3283
253
2603
-467
-1934
1197
1212
-437
-2097
1676
1114
-2685
829
1326
-1328
-13
159
426
474
-941
756
-112
-219
440
-531
388
-815
710
31
-1002
1551
-1351
1213
398
513
-730
-1452
1829
-1739
-1341
1818
34
-351
-567
1963
-539
-953
483
-110
33
-640
361
800
-1009
446
702
-761
281
-209
139
288
-629
245
-287
306
50
-669
1497
-930
497
166
-1070
1836
-1126
1503
-2411
-304
3692
-3538
-1153
2107
723
-1640
-1004
2656
-413
-1111
264
753
8
-1710
1194
1043
-1850
180
1223
-811
-259
491
160
-176
-454
1205
-410
-793
596
-320
663
-1453
746
968
-1795
1997
-362
-657
67
-307
728
-2076
533
635
38
-608
-70
2067
-1791
-35
1044
-1010
605
-624
347
315
-982
842
323
-602
737
-246
-220
65
-185
373
-712
981
-900
133
990
-1477
1693
-1048
1495
998
-3287
1035
1426
-1749
-1929
2162
403
-1632
561
685
937
-2101
704
1604
-2141
384
565
-498
243
-149
-112
592
-628
252
296
-122
244
-392
456
-1043
919
427
-1113
1386
-1568
1214
392
-147
1129
-1289
791
-2971
-583
1706
360
105
-1117
1797
-610
-467
805
-1036
854
-1047
179
1160
-1310
141
1126
-538
-270
377
-304
399
-537
189
310
-492
562
-541
194
664
-1166
1387
-636
-583
1102
-1111
2348
-1481
-1144
2255
-811
-934
-669
1288
-344
-746
1094
-181
350
-1391
973
1163
-2050
684
1075
-1338
283
160
-6
283
-91
377
-435
284
261
-565
524
-730
617
70
-1425
1772
-1016
714
728
-409
-251
-680
1285
-2072
-486
1257
-8
-256
-1209
2620
-821
-1363
1375
-487
72
-527
199
1100
-1414
307
809
-640
-125
47
759
-382
-158
515
-865
953
-746
195
656
-1096
1377
-1473
1700
2352
-3959
-1192
4306
-608
-6085
3477
2599
-2136
-1515
1157
3211
-3029
-990
3236
-1260
-1463
656
794
-142
-1414
988
1352
-1593
-35
1067
-105
-421
-523
1451
-959
-861
1421
-898
722
-1069
758
1685
-794
209
-1577
498
457
-2371
596
726
489
-1559
398
2181
-1226
-723
522
354
-252
-1081
1085
443
-1251
602
800
-676
168
293
175
-391
-494
841
-516
-484
656
-387
1109
-1375
51
1802
-406
423
-2778
1287
1711
-3079
184
500
1333
-1630
-616
2444
-839
-797
12
830
8
-1503
1289
732
-1510
456
761
-674
439
115
-106
83
-427
806
-626
281
183
-394
748
-1610
1592
450
-899
2143
-2757
-154
1985
-558
-1893
-112
2561
-1089
-1061
296
1799
-179
-2748
2158
481
-1712
863
183
142
-185
-483
913
-263
-693
1029
-442
-133
70
-177
354
-823
1129
-859
658
506
-1588
1652
-951
976
680
-1588
213
831
-836
-2762
2543
401
-1238
-147
474
1816
-2752
300
2911
-1948
-581
778
361
-156
-995
860
789
-1565
712
446
-174
-77
320
367
-1577
1298
-315
-393
686
-1317
2080
-960
990
-488
-1220
2002
-1949
-1202
1119
1229
-968
-1522
1940
507
-847
-912
753
747
-1992
971
1225
-1545
-84
1352
-763
-150
555
-1
56
-819
1011
-257
-883
991
-384
332
-205
-392
1341
-1565
2771
-61
-3627
2559
-670
-2237
914
1220
301
-2455
945
1881
-699
-1492
855
1271
-2282
210
1946
-1311
-840
1275
-75
-256
56
70
663
-872
424
295
-647
231
-172
738
-707
-386
1636
-1539
1370
1240
-1760
-769
749
941
-3056
159
2565
-831
-993
-46
2635
-1355
-1854
2100
-250
-738
73
211
455
-747
-18
1322
-1097
65
864
-603
-130
-266
634
-199
-451
736
-769
1143
-812
-42
1672
-1203
2141
-2335
-818
1869
-1183
-789
-583
1779
-669
-984
1191
436
-375
-1590
1993
-145
-1857
1331
263
-668
380
-118
288
-6
-455
675
-596
414
460
-565
113
-509
1241
-758
-255
1331
-1383
1661
-13
-18
-770
-906
-69
-1648
1637
456
-662
369
-165
1436
-1603
-37
1158
-1096
281
297
-427
516
-249
-75
835
-647
356
120
-619
713
-125
-294
54
-138
703
-885
748
450
-1060
1210
1282
-1804
-1714
2613
1854
-6041
1252
4018
-1416
-2456
811
2824
-1919
-1880
2610
323
-1769
49
1179
55
-1380
159
1960
-1295
-736
1404
-596
55
-38
390
244
-1399
1135
87
-328
-107
-33
1267
-915
1485
-2262
371
1603
-3715
1567
1040
-519
82
-996
2428
-873
-1112
546
188
-31
-630
640
372
-889
562
630
-972
745
-156
-113
335
-846
847
-524
-351
903
-786
913
-1038
639
150
287
1423
-5093
2511
4734
-4854
-2694
3018
2361
-3775
-558
3156
969
-2736
-331
3017
-1540
-1949
1884
428
-1138
-133
557
969
-1369
-224
1907
-1244
37
478
-165
308
-1298
1422
-386
-148
-235
209
1872
47
-2314
-1009
3854
-2991
-3683
4160
513
-1537
-1191
1733
1807
-2413
-260
1534
-490
-815
330
1053
-832
-569
1486
-679
-581
1167
-648
28
-323
283
683
-1442
832
190
121
-599
-99
1354
-785
2606
-424
-4505
1535
1040
-2224
-418
2842
346
-3479
1534
2180
-975
-1779
1749
819
-2639
550
1957
-1182
-825
779
6
320
-398
-363
1191
-463
-480
1255
-958
-167
431
-183
122
-627
1187
-516
-171
1577
395
-1394
-1730
2687
-811
-3709
2461
961
-599
-775
354
2095
-1728
-685
1730
-614
-640
335
428
-167
-706
753
537
-1138
667
561
-1008
543
-365
314
11
-682
826
-642
575
-69
-198
607
-891
2889
-3109
-1098
2993
-923
-2057
-550
2881
-843
-2370
1689
1171
-871
-1570
1548
451
-1505
666
112
150
-269
-310
951
-383
-774
1367
-807
214
369
-565
451
-1055
1265
-136
-356
254
-499
1381
-354
1140
-2634
1213
409
-2859
910
424
1187
-1376
-503
1959
-489
-832
-214
1499
-1170
-550
1428
-649
-221
284
-67
536
-574
-363
1307
-1123
40
361
-253
612
-955
526
-34
38
561
-1076
1363
-1196
1025
1595
-2847
-224
1686
145
-4446
1635
3284
-2243
-1112
1021
1794
-2292
-731
2843
-1300
-960
1033
235
-212
-762
180
1382
-1330
36
748
-801
774
-259
127
62
-669
1125
-901
493
-259
-273
950
-230
1537
-2072
-1073
1719
-1187
-58
-607
666
56
-987
1509
-233
-528
220
550
-192
-803
451
723
-892
158
768
-580
413
-215
-435
889
-237
-451
250
-371
546
-358
38
549
-478
684
-1014
715
511
22
-392
-1089
1350
-1672
-1820
2864
-308
-844
-661
1109
1205
-2505
676
1341
-679
-609
233
1077
-995
-541
1156
-692
69
635
-333
398
-902
1232
-12
-964
537
-188
453
-1395
1160
289
134
1220
-1412
625
-1777
-336
169
567
269
-1630
1502
357
-272
-670
640
825
-1803
1054
433
-782
300
-540
891
180
-1074
1172
-383
-417
677
-723
712
-895
651
-152
-527
1663
219
156
-4870
2905
5349
-7451
-912
6021
-399
-3912
-269
3927
-655
-3005
1935
1227
-1846
-529
1418
815
-1910
-161
1633
-521
-401
466
-165
421
-282
-191
711
-1070
645
344
-646
269
-475
859
53
1483
-1459
-1958
2375
-1211
-665
227
-338
1277
-2236
911
2130
-1461
-288
550
468
-800
-391
900
-437
-300
760
-438
-17
424
-536
404
-239
-133
980
-1234
125
776
-421
-39
-588
1124
-444
-613
759
553
149
-2908
2053
945
-2945
220
674
1627
-2029
-766
3064
-1144
-1209
704
1132
-977
-642
1320
-266
-605
50
75
645
-744
-147
1211
-1114
794
-109
63
202
-1309
1345
-532
9
-431
465
712
506
632
-2665
1626
-1103
-1694
477
869
1029
-2568
1059
2305
-1390
-1025
991
706
-1697
601
915
-911
-65
472
-340
589
-278
1
801
-1185
678
112
-814
834
-514
175
-193
195
680
-1154
1287
1564
-1321
-2876
1447
1968
-4245
1390
2208
-1562
-640
260
1971
-1512
-997
1976
-434
-1187
671
509
-346
-658
282
1384
-1144
-235
1229
-733
399
-388
110
175
-1175
977
-102
-364
574
-658
1081
-34
1872
-2210
-1857
2928
-1372
-1967
257
1478
970
-2972
1484
2216
-1786
-1133
897
703
-1175
164
761
-707
126
434
-492
787
-331
-62
387
-1145
938
184
-1075
851
-548
694
-422
-17
1068
-629
952
1183
-3016
-1602
4130
-1855
-5189
5012
1700
-3525
175
1483
1200
-2923
735
2372
-1894
-865
1150
415
-454
-927
1067
690
-1487
930
-226
303
291
-845
997
-1176
40
1110
-1201
794
-753
751
656
701
-1677
-751
2266
-2984
-623
2721
-569
-67
-1313
2051
190
-2381
1415
462
-944
242
70
384
-521
153
705
-896
849
-218
-459
776
-923
892
-399
-602
1426
-1394
794
-246
210
464
2096
-1699
-4002
4255
-285
-5170
2697
1942
-1004
-2530
2513
1644
-2906
671
1461
-917
-1029
746
1228
-1535
-576
1866
-582
-508
353
6
806
-1184
397
1065
-2080
1135
107
-402
584
-1062
1391
-958
2312
735
-4228
1232
1574
-2620
-2120
3049
1209
-3516
1745
1468
-1442
-619
978
276
-960
193
645
-487
-466
807
-181
246
-385
-199
1299
-1062
-359
1128
-1431
726
115
-477
1058
-1429
1718
35
1679
-2055
-1853
3442
-3151
-1893
3331
82
-800
-1407
2977
25
-2896
1692
904
-1607
-173
819
53
-590
-310
835
67
-635
942
-543
-87
910
-828
371
-219
-792
1513
-1270
25
1192
-1385
1060
-161
1980
-197
-2899
1126
812
-1618
-1523
1992
1757
-3388
802
2069
-490
-913
-37
1267
-630
-1275
1200
360
-867
188
220
485
-661
-260
1335
-729
-152
407
-905
1164
-1092
182
1168
-1091
1344
-353
1062
-2999
386
4168
-3812
-2251
2729
2046
-2551
-2093
4319
-459
-1992
488
782
274
-2185
1570
1223
-2264
636
999
-91
-614
-241
1374
-766
-769
924
-667
765
-802
425
322
-1064
1523
-1820
2159
-236
-368
1486
183
-1995
-1745
962
-1365
1277
113
558
-93
-828
2420
-1571
-570
1987
-1893
468
568
-605
297
-554
995
-33
