1598
-349
-3497
4169
988
-4142
-287
2302
695
-1905
-1331
3057
15
-2781
1205
1678
-1805
-157
943
-213
289
-512
-425
1070
-187
-961
1170
149
-1301
1231
-295
-662
1218
-1206
106
1315
-1503
696
219
-999
1276
-1157
-643
2603
-1968
315
2301
-3881
945
3661
-2540
-1803
289
1511
773
-2927
480
3025
-2195
-446
1526
-541
-417
-38
-230
724
-135
-870
688
582
-1208
898
-18
-471
920
-1194
1393
-769
-785
1354
-716
663
-805
266
777
-2189
2528
-864
921
-1001
-1840
4541
-3097
-1754
2587
-833
-415
-416
1916
-1198
-814
2033
-1564
276
446
-630
647
-183
-1004
1509
-497
-453
941
-823
926
-959
405
474
-1129
1147
-953
542
63
-989
1775
-1798
1217
-107
-575
2510
-3051
1029
1943
-3203
63
531
1444
-2380
634
1954
-2315
1166
393
-982
609
27
-683
880
-663
34
788
-959
1080
-820
111
850
-1253
925
-215
-509
926
-1172
1069
-948
-74
1207
-2056
2603
31
-2515
2437
-404
-883
-899
1516
-29
-2399
2508
-728
-621
1141
-346
-365
305
-54
312
-301
-227
1002
-1287
814
114
-982
1410
-847
343
131
-999
1463
-1337
906
-216
-730
1501
-2385
2485
492
-2694
1274
659
860
-3327
169
3415
-3053
103
1063
302
-829
-273
1473
-1167
-157
1189
-621
-613
1267
-772
96
552
-876
947
-420
-95
747
-1156
674
191
-678
836
-1045
1064
-1014
-237
2028
-1945
1319
454
-3060
3300
-192
-1810
-421
952
261
-2272
2591
-514
-1336
1490
-465
-583
543
-475
711
-434
-321
948
-1111
643
595
-1018
937
-666
256
844
-1430
1184
-353
325
-404
-880
1950
-1972
608
897
-605
1674
-3520
2062
3009
-4694
-676
2658
508
-2781
863
2397
-2584
337
1556
-1608
223
433
-342
320
-793
648
374
-916
725
-32
-352
603
-929
1328
-667
-624
1031
-1140
1142
-671
-175
1149
-1826
1619
-125
-1303
2983
-3268
1453
1324
-2454
-433
221
1443
-1436
608
1228
-2257
1771
6
-1099
1141
-932
512
435
-1006
494
512
-1132
1010
-432
121
390
-756
1395
-1509
503
747
-1113
757
-1214
816
672
-1973
2468
-624
-681
449
-349
2283
-3810
399
2509
-1977
-281
474
1502
-1997
91
1922
-1449
1670
-509
-574
708
-405
162
358
-645
1093
-1090
954
-188
-868
1387
-1096
738
-557
-200
1490
-2605
1994
-312
-597
2750
-4447
1581
3068
-2612
-1880
1507
2857
-4381
772
3026
-2566
304
96
741
-744
-322
1243
-588
-748
1128
-411
-186
762
-694
715
-925
509
811
-1414
877
-443
453
288
-1852
2706
-1787
206
1342
-1465
2040
-2953
651
3983
-3530
-1404
1447
2285
-3472
-8
3460
-2821
160
1218
-593
-354
93
428
57
-799
702
197
-751
891
-646
690
-144
-489
1021
-1412
966
287
-1188
1665
-1683
1161
-381
-1185
2964
-1093
-565
-1209
2556
996
-5583
2367
2080
-2295
-263
923
1232
-2380
1095
1160
-1700
-266
1631
-1049
-167
973
-854
635
-454
76
689
-1017
818
180
-987
1014
-588
338
-309
-795
1969
-2102
622
1381
-1132
1241
-2303
730
3558
-3876
-1297
2274
1162
-2849
-217
3558
-2357
-990
2326
-1155
-644
1187
-564
252
-22
-385
801
-842
614
392
-713
731
-589
274
467
-1163
1446
-1107
676
39
-1402
2169
-1661
535
1289
-771
-1062
-53
3267
-2457
-3597
5146
-1021
-2291
1180
1039
-557
-1395
2250
-523
-1884
1910
15
-1257
1153
-503
51
404
-596
745
-507
-81
933
-1103
822
-790
546
534
-1972
2292
-1117
-587
1506
-1544
2420
-1043
-2459
3377
1096
-3447
-2610
4980
-310
-3927
3136
471
-1590
412
664
-146
-1112
764
475
-984
277
845
-794
249
437
-509
530
-965
1050
-60
-824
1197
-1211
877
-511
-566
1509
-1988
1357
503
-855
1018
-3704
4102
449
-4392
971
1307
344
-2382
2060
1159
-3143
2217
257
-1707
1012
-163
87
200
-407
232
343
-898
962
-229
-161
440
-392
971
-1586
820
820
-1736
1208
-981
306
939
-2005
2715
-415
-1891
830
1598
413
-4885
2680
2259
-3206
287
1007
693
-1775
431
1825
-2389
409
1406
-992
-271
978
-660
335
6
-135
581
-1094
1517
-930
-85
746
-1172
1165
-1027
299
1106
-2248
2219
-973
-25
1940
-3428
1478
1983
-1546
-2497
1368
2946
-4572
1342
2239
-1965
-55
264
733
-920
-106
857
-292
-838
920
-343
-133
832
-755
858
-998
416
799
-1450
1127
-510
69
917
-1920
1812
-1062
-298
1473
-1556
1847
-1601
-279
2511
-2051
-771
298
1634
-1367
-1487
3492
-2236
-342
1578
-744
-169
456
-489
393
-170
-251
697
-775
840
-559
-65
1196
-1068
881
-502
-490
1187
-1807
1619
-554
-848
1442
-2020
1783
342
-90
-785
-823
3523
-2648
-2710
3682
-540
-1082
-867
2515
-644
-2095
2672
-716
-1465
1595
-508
-500
881
-760
521
-74
-236
704
-665
608
1
-814
1385
-1339
621
708
-1624
1686
-1742
1165
380
-1481
2366
-1361
-1013
1311
1019
-457
-3917
3740
456
-3159
1992
260
-96
-1000
723
721
-1543
702
783
-1172
499
262
-593
643
-169
121
100
-603
1269
-1044
-12
835
-1422
1774
-1416
142
1188
-2060
1824
-506
-196
1765
-1968
-441
1573
1506
-3534
-1039
4483
-3166
-370
2133
-958
93
-249
958
-545
-721
962
-146
-491
283
14
-22
192
-398
455
180
-744
1478
-906
-188
681
-1263
1656
-922
-512
1148
-1486
1292
-553
-277
1987
-2867
1071
738
586
-1787
-1680
3979
-2332
-1316
2637
-1298
178
-174
532
28
-1108
986
150
-796
213
227
-81
297
-566
906
-646
34
1068
-1911
1713
-572
-695
1621
-1985
1742
-742
-832
2013
-1284
1069
-3419
2899
2591
-5850
930
2771
-814
-2059
1075
2945
-4128
1214
2060
-2927
777
1183
-702
-237
422
-52
163
-550
1215
-948
432
226
-899
1572
-1728
654
948
-1914
1826
-1362
435
848
-1597
2167
-1676
1417
-439
-2291
3352
-304
-2502
-527
2841
139
-4390
3819
384
-2915
1703
335
-1005
99
547
-188
-155
-11
762
-828
564
80
-868
1432
-1341
769
547
-1835
1902
-808
-59
863
-1436
1642
-1602
528
1165
-819
386
-2280
3003
400
-4585
2659
998
-956
-1321
1024
1742
-3103
1275
1221
-1716
389
846
-752
334
-200
108
360
-869
1296
-472
-575
1363
-1250
591
610
-1521
1794
-954
-330
1153
-1584
1157
-524
-115
454
-412
1254
-2065
1430
1477
-3674
1083
532
194
-917
-267
1997
-1860
-133
1603
-1340
136
564
-299
15
-341
551
66
-728
1023
-411
-507
1266
-1519
1343
-524
-814
1753
-2141
1337
-32
-796
1035
-1348
1967
-489
-531
-311
297
2710
-5285
1356
3149
-3816
631
1056
244
-733
-239
1558
-1577
124
927
-1092
569
133
-666
728
-361
-334
1257
-1475
1132
30
-1313
1686
-1540
773
618
-1292
1023
-1125
762
160
-905
2449
-1957
-649
1107
1664
-1807
-3855
5289
-138
-4233
2813
574
-1486
114
981
-234
-1206
1328
-49
-736
684
71
-842
1110
-468
-138
825
-1435
1816
-872
-777
1665
-1231
336
150
-450
1007
-1885
1704
-447
-461
1812
-2716
751
1520
-7
-2140
-1019
4344
-2903
-1498
3636
-1697
-738
807
556
-871
-322
1312
-583
-617
1100
-916
199
845
-1309
1490
-1015
-310
1835
-1750
694
467
-1098
1204
-1260
1005
-555
-489
1458
-2155
2505
-819
-1229
1250
297
577
-3896
2359
2274
-4290
1912
815
-747
-297
324
621
-1139
442
666
-1069
557
520
-1150
1141
-594
-112
1105
-1284
1119
-174
-1361
1915
-1245
352
307
-473
552
-1646
2289
-985
163
1696
-4090
2838
2070
-3782
-477
1888
1386
-4175
2024
2361
-3280
608
1459
-1251
-333
604
306
-487
-247
1132
-929
-10
1114
-1112
560
154
-786
1577
-1576
277
1014
-1093
754
-1052
1207
-399
-874
1720
-1334
1277
-1360
-840
3827
-2118
-2146
1291
1269
-558
-2098
2816
-598
-1802
1719
-376
-262
102
109
380
-933
370
834
-1017
699
250
-1084
1404
-1111
573
743
-1624
1426
-943
568
63
-876
1117
-1477
1451
36
-419
974
-2546
3437
-1395
-3122
3310
-460
-1194
182
1029
-30
-1621
1855
-295
-1079
1113
-716
301
515
-957
574
691
-1532
1513
-429
-507
1273
-1421
1181
-722
-150
882
-1333
903
-942
443
457
-1420
2807
-1463
-803
1025
483
372
-4091
2320
1590
-3995
1590
1456
-1236
-448
1091
306
-1864
1234
680
-1481
747
640
-1216
967
25
-624
862
-1184
1398
-353
-1186
1560
-485
-116
-88
-58
795
-1814
1659
-109
-436
1360
-3383
3289
568
-3759
1384
1224
-752
-1293
1430
789
-2132
1540
-142
-859
951
-674
220
678
-1074
285
773
-1007
1181
-857
422
498
-1514
1474
-472
-551
1057
-1055
961
-751
112
673
-1492
3084
-2484
-1695
3356
207
-1615
-2363
3468
714
-4520
2974
1138
-1795
-319
950
360
-1535
1177
463
-1384
864
448
-1091
1082
-346
-234
673
-1314
1746
-718
-538
1096
-1349
1184
-699
282
506
-1718
2391
-1997
551
1112
-842
1253
-3259
2735
1357
-5160
2406
1128
-824
-1597
1803
1120
-2872
2080
124
-1623
1177
32
-426
375
-714
712
-24
-896
1191
-377
-381
686
-555
923
-972
-352
1461
-1533
968
-1047
276
1104
-1884
1786
-259
-242
760
-2952
3042
829
-3924
740
1621
-132
-2388
2703
48
-2207
1969
-268
-1090
1069
-276
-89
381
-656
640
336
-735
861
-402
-198
878
-1187
1170
-663
-109
662
-1164
1423
-1153
167
1000
-1565
2837
-2053
-1941
4186
-1474
-1824
-310
2674
-1541
-2103
3228
-1230
-1127
1700
-718
-58
43
201
203
-864
837
161
-1018
799
199
-829
963
-717
812
-576
-453
1033
-1246
1473
-1199
306
1013
-2202
2453
-1154
421
49
-2341
4120
-843
-3018
697
1876
-289
-3161
3014
641
-2856
2074
-186
-178
-350
-53
772
-590
-244
954
-727
326
315
-745
1273
-1380
1245
-596
-615
982
-1220
1240
-1315
562
829
-2274
2774
-998
420
-1565
728
3385
-4715
-237
3225
-2020
-819
606
2071
-2407
261
2206
-2566
707
1004
-1089
265
562
-1211
1171
-369
-234
1008
-1201
1291
-769
-237
989
-1123
1252
-779
-123
988
-1880
1835
-1038
91
2044
-2976
955
1880
-263
-2626
-861
4552
-2970
-1783
3465
-874
-1015
354
1360
-1157
-676
1503
-382
-1107
1219
188
-1084
1054
-453
385
-187
-607
1536
-1090
25
297
-561
983
-1386
1207
-86
-1311
2185
-1506
2106
-1700
-2390
5799
-2667
-3820
2934
1353
-1871
-1641
4139
-1927
-1900
3055
-1054
-909
710
-55
168
-146
-738
1249
-467
-238
624
-668
740
-680
346
700
-1773
1433
-42
-991
973
-1548
1845
-1386
-306
2296
-1257
-79
-777
1694
1209
-5005
1989
1893
-1588
-872
1062
1546
-2658
1262
1038
-2000
721
914
-1413
801
314
-784
639
-412
485
58
-446
936
-858
255
497
-1073
1427
-1370
1007
-213
-1321
2228
-1583
731
1828
-3483
837
2114
-145
-3216
634
3135
-3603
757
1922
-1101
-532
396
1151
-1475
-228
1411
-805
-528
994
-748
325
456
-565
326
-395
333
728
-1457
1028
-216
92
7
164
1482
-2193
1648
-216
-505
1856
-2716
1766
532
-940
-1413
88
2735
-3251
494
2140
-1783
400
304
-17
-70
-576
931
-457
-865
1114
-248
-563
904
-485
477
-359
-194
1071
-1617
1206
-694
-99
1138
-1658
1524
-889
-644
2255
-2068
2168
-2573
204
3816
-4273
-389
2271
139
-2456
515
3159
-3393
424
2243
-2255
437
440
-320
370
-233
-65
480
-559
565
-75
-439
875
-936
1104
-1175
-10
1491
-1738
1406
-582
-552
1509
-2245
2525
-286
-2306
2002
292
-793
-2700
2606
911
-3407
2430
124
-843
292
-131
694
-1183
568
529
-832
45
832
-823
507
287
-657
844
-955
1002
-539
-576
1453
-1207
729
-344
-877
1996
-2069
1507
545
-320
-1261
-1437
5733
-2652
-4778
4470
638
-2644
-187
2262
-294
-2529
2901
-429
-2140
1675
373
-996
530
158
-433
552
-613
914
-562
-32
816
-1132
1024
-588
82
930
-1885
1572
-345
-1293
1990
-1754
1934
-453
-2120
2358
249
-1276
-1948
2051
1102
-3439
2374
488
-1392
557
-276
611
-637
9
395
-59
-884
1043
-284
-274
908
-710
723
-777
183
980
-1246
867
-134
-630
942
-1551
1640
-894
-622
1972
-1861
2198
-2112
-329
3715
-3305
-1325
2341
181
-1640
-532
3239
-2621
-455
2387
-1731
-165
1097
-824
562
50
-792
932
-591
507
-171
-508
1323
-968
279
281
-898
1467
-1418
962
-65
-1208
1925
-2120
1941
766
-3045
1371
1378
446
-3839
955
3607
-3637
-8
1367
271
-935
-374
1839
-1725
-253
1531
-961
-371
1095
-712
282
59
-327
797
-666
599
97
-922
1356
-1079
298
567
-1188
1656
-1898
819
956
-1978
1908
-212
-2015
1632
1547
-1031
-3488
3717
272
-3399
2342
61
-502
-328
677
130
-1219
1056
395
-1206
939
-106
-700
1124
-324
101
-252
-390
1324
-1436
886
-105
-607
1137
-2051
1885
-492
-1020
2010
-1808
1543
63
-1882
1566
181
754
-3626
967
2481
-2743
804
497
207
-487
-377
1311
-1100
-93
806
-793
174
500
-444
-8
291
-292
619
-889
788
47
-832
1439
-1605
976
157
-1284
1372
-1187
315
1101
-1169
2001
-2111
626
1612
-2134
-101
812
211
-1926
406
2641
-2941
507
1651
-1497
382
259
-61
32
-170
44
308
-451
525
-232
-232
616
-974
1385
-1222
-150
1801
-1571
930
-202
-825
1328
-1797
1612
294
-1768
808
662
1390
-3891
563
2877
-2582
202
697
443
-764
-562
1839
-1673
15
1138
-838
-190
739
-417
-6
371
-423
769
-920
888
-192
-880
1496
-1333
663
252
-1428
1911
-1793
677
900
-1425
3021
-3283
18
3383
-2257
-2015
1144
2526
-3565
-27
3957
-3125
113
1741
-1139
-244
402
163
-143
-141
7
406
-596
712
-290
65
261
-938
1645
-1065
-416
1358
-1565
1368
-870
-533
1465
-1908
1833
-112
-478
-562
237
3279
-3903
-2169
4098
-1099
-797
-309
2186
-910
-1855
2906
-1348
-1028
1376
-127
-789
956
-435
387
-279
279
575
-1439
1460
-342
-392
822
-1328
1280
-503
-842
1756
-2044
1243
-9
-1047
1969
-507
-473
-1172
1948
1262
-4446
1360
1469
-1759
347
-175
1672
-1931
617
1172
-1572
189
1017
-872
141
267
-483
698
-773
651
104
-845
1125
-707
-61
835
-1609
1815
-823
-585
980
-1591
1659
-567
22
1680
-2892
1214
1791
-1285
-2114
276
3779
-4292
-2
3502
-2306
-276
941
-7
-427
-368
823
-164
-791
980
-391
-3
376
-311
705
-1057
957
269
-1323
1610
-1288
493
631
-1559
1758
-1195
-3
837
-559
974
-2094
2287
-302
-2616
1909
-419
119
-746
1309
438
-2242
2079
-277
-1365
1369
-220
-268
147
-293
291
45
-60
547
-696
381
335
-835
1522
-1612
901
514
-1585
1703
-1137
15
830
-1392
1685
-594
957
-2019
-680
4887
-3649
-1860
2390
838
-1705
-1701
4063
-1414
-2300
2977
-561
-1270
902
-53
-90
-74
200
125
-400
254
606
-1166
1322
-461
-422
1034
-1900
1708
-65
-919
1603
-1698
877
-139
-603
2055
-2497
738
967
244
-1780
-1067
4083
-3001
-1184
3562
-2184
-118
597
232
-270
-782
1271
-451
-492
531
-287
88
558
-816
915
-654
205
859
-1793
1669
-660
-452
1541
-2233
1930
-567
-750
1491
-1454
2527
-2900
-375
3840
-2271
-1963
312
3555
-2989
-1929
4781
-1947
-1549
1764
-111
-419
-81
574
-153
-461
346
371
-723
1088
-806
617
88
-1289
2022
-1459
-39
1235
-1790
1900
-1180
-73
1198
-1895
2137
-1340
1615
-1009
-1969
4246
-2626
-1488
1410
-99
374
-1944
2878
-1074
-1511
2683
-1380
-815
1254
-380
-414
603
-587
674
-556
320
598
-1497
1596
-283
-637
1288
-1629
640
1258
-1892
1244
-582
427
-177
-893
2619
-1872
-1174
1744
826
-820
-3271
3442
568
-3745
2472
404
-1173
517
185
59
-437
173
401
-701
308
453
-780
1003
-640
62
627
-812
998
-608
-652
1761
-1987
904
576
-1330
1309
-1624
1554
25
-202
149
-2648
4456
-589
-4382
2697
798
-663
-2769
3126
828
-3694
2485
562
-2392
1135
469
-471
40
99
360
-821
435
786
-1185
947
-246
-502
1260
-1971
1390
169
-1258
1564
-1723
1098
72
-646
1465
-823
509
-1081
792
1240
-3939
1818
355
-245
-320
312
948
-1729
958
318
-1173
644
62
-439
277
-247
335
149
-499
635
-253
-648
1332
-1230
650
351
-1334
1421
-851
-77
684
-951
837
-525
417
1063
-2895
2252
908
-1931
-972
1211
1646
-3623
1443
2199
-2824
892
1156
-1151
282
246
120
-203
-315
556
-187
-39
600
-854
519
576
-1187
1403
-1087
-48
1413
-1651
1230
-432
-489
687
-1178
1663
-803
489
-880
-843
4224
-3265
-1681
2371
-22
-715
-1378
2403
-227
-2249
2393
-516
-993
590
119
-40
-227
42
408
-344
-185
982
-1232
1051
-362
-243
1267
-2099
1465
258
-1229
1436
-1294
749
-282
-527
1448
-1569
2253
-2758
636
3331
-3751
-526
1804
389
-1544
-726
3141
-2138
-619
1992
-1233
-3
361
153
-225
-215
163
316
-652
1034
-622
-349
1219
-1568
1460
-133
-1174
1559
-1096
385
424
-1198
1406
-1460
1272
-718
304
1422
-3352
2716
1423
-3403
-108
756
1785
-3081
691
2538
-2696
608
1102
-981
-220
524
-82
-61
-532
964
-371
-659
1455
-1185
583
257
-880
1384
-1474
159
1438
-1837
1397
-721
339
-14
-1104
2307
-1579
1225
-404
-2828
4596
-978
-2842
422
1927
60
-3458
3780
161
-2671
1750
412
-1157
60
657
143
-755
361
428
-1099
972
342
-1091
930
-442
157
788
-1826
1613
-290
-315
686
-1148
1163
-1188
696
391
-919
2270
-3294
1431
3004
-4007
394
685
346
-1047
-554
2364
-1894
169
1250
-1134
217
141
-103
107
-638
807
157
-993
1041
-131
-966
1549
-1336
910
-27
-1123
1445
-1297
842
-64
-207
513
-1438
1991
-988
13
1390
-3072
2973
-396
-2118
168
-19
1415
-1356
432
740
-1347
1208
-289
-416
404
-440
555
-288
-572
728
-944
699
396
-1193
1379
-970
532
199
-1249
1691
-785
-227
30
-372
1389
-1802
1291
321
-762
1834
-2935
1289
2284
-2918
-928
1030
1517
-1993
-506
3113
-2177
-113
1144
-783
49
48
409
-80
-733
540
753
-1551
1360
-214
-479
791
-1267
1563
-685
-675
1338
-1183
1079
-917
25
977
-2058
2607
-1422
614
-14
-2503
4464
-1734
-3209
3044
-14
-1063
-726
2334
-866
-1843
2825
-897
-1091
1105
-266
46
171
-571
1020
-617
-187
919
-1275
1089
-212
-43
608
-1462
1188
-69
-650
817
-1329
1624
-1384
535
1554
-2655
1966
574
-1713
-257
22
1423
-2142
925
1142
-1820
1115
-27
-125
-197
-22
587
-494
-455
1200
-823
-206
1111
-1261
894
-164
-205
938
-1608
1484
-399
-598
874
-1326
1936
-2016
581
1765
-1066
18
-1805
3048
-221
-5064
4285
356
-2230
659
847
166
-1905
2152
-332
-1637
1518
-75
-834
841
-261
-41
534
-1044
1113
0
-771
1282
-844
-33
363
-737
1318
-1411
1060
-401
-960
2120
-1766
1196
1076
-3654
2162
1546
-796
-2555
521
3458
-3637
106
2329
-1169
-564
525
623
-981
-178
1268
-672
-551
1275
-902
-45
958
-746
199
33
-395
1217
-1447
630
258
-610
738
-1319
1829
-1177
-207
1826
-2088
2995
-2642
-1333
4865
-2995
-1316
797
1548
-1673
-1183
3072
-1728
-639
1836
-1218
245
40
-215
623
-821
18
825
-863
643
161
-907
1396
-1223
438
481
-1227
1364
-1010
831
-296
-597
1312
-2067
2151
678
-2699
1526
47
1283
-4068
-208
5133
-3367
-1005
2593
9
-1498
125
1723
-1485
-601
1808
-1040
-465
1433
-1011
-205
1086
-941
507
71
-505
1153
-1251
642
32
-728
958
-721
805
-843
488
572
-1452
3285
-3847
549
3850
-3755
-1229
2037
491
-1964
22
2709
-2409
-298
2156
-1692
137
351
-62
260
-593
9
870
-893
187
798
-971
792
-540
641
-131
-1249
1658
-615
-93
-128
-483
1574
-1966
1174
1358
-2172
855
145
1401
-2246
-1849
3771
-1446
-1762
1914
-80
-121
-986
1950
-966
-1285
2057
-899
-441
1148
-805
64
669
-954
1409
-1086
232
1097
-1708
1087
-282
-171
239
-763
1634
-1677
614
1022
-623
236
-2711
4894
-717
-5412
3526
1058
-2249
-432
1687
549
-2550
2383
-538
-1352
1385
-568
13
342
-723
474
405
-970
1408
-953
272
471
-1118
1369
-1092
222
680
-1067
1135
-1375
1087
88
-1359
2861
-2011
143
668
-383
987
-3340
1694
1580
-2681
1329
170
206
-1093
849
664
-1567
1080
259
-1146
737
526
-1191
1044
-163
-224
537
-1158
1492
-388
-748
1060
-1078
545
55
-346
789
-1650
1748
-858
-164
2068
-3831
3006
1256
-4246
999
1450
-150
-2162
1625
1330
-3036
1705
588
-1466
398
459
-297
256
-552
434
220
-894
1428
-1020
-70
1031
-1254
945
-332
-425
1092
-1224
1122
-1059
593
184
-1334
2462
-1144
-1167
662
627
1863
-4676
1138
3540
-3027
-419
1313
868
-1898
311
1401
-1692
363
960
-1266
683
314
-955
1073
-657
48
705
-1107
1095
-483
-408
1205
-1605
1190
-410
448
-176
-1327
2355
-1730
499
1478
-3420
1894
1967
-1664
-2206
1259
2938
-4512
1128
2497
-1845
-530
908
652
-1602
324
1284
-1217
-61
1059
-1211
617
460
-964
910
-487
-213
1239
-1616
853
-102
-92
404
-1297
1707
-1112
53
1248
-1897
2425
-806
-2134
2265
335
-106
-3755
2078
2782
-4127
934
2126
-1381
-720
694
886
-1578
326
1443
-1543
-227
1539
-885
-285
1082
-749
415
-315
183
619
-1364
1229
-594
-111
665
-712
861
-1190
331
1423
-2222
1556
473
-1774
891
107
1157
-3087
711
2510
-2955
422
1591
-539
-576
-15
1724
-2104
281
1630
-1483
148
802
-927
362
410
-713
815
-817
740
-89
-710
1142
-908
689
-55
-997
1389
-1889
1336
64
-701
2086
-3320
1686
2191
-2571
-673
234
1775
-2248
181
2255
-2267
991
-92
-130
251
-482
478
-30
-692
865
137
-992
1011
-521
483
-360
-40
1312
-1257
437
-2
-586
1306
-1870
1772
-778
-802
2182
-1454
316
-1112
1927
710
-4628
2830
1458
-2998
711
1277
327
-2694
2328
663
-2576
1611
728
-1601
792
227
-530
743
-763
1129
-749
-505
1492
-1010
358
-480
303
945
-2134
1928
-1045
-249
1397
-2042
2072
-128
-876
-318
417
3124
-4352
-1810
4111
-813
-1261
-208
2907
-1800
-1212
2461
-1065
-1426
1607
-211
-576
625
-426
585
-391
-186
1190
-861
297
181
-614
1093
-1291
633
508
-1299
1709
-1747
412
1346
-1944
1472
-163
360
-273
-1583
3509
-2085
-1660
1532
-737
598
-740
1273
-474
-1164
2248
-1140
-785
1401
-377
-558
600
-436
362
38
-384
598
-546
144
812
-1142
917
-570
-45
1047
-1872
1517
-426
-508
1180
-1539
2133
-826
-1954
2971
-319
-1173
-2394
2840
1381
-4473
2843
1020
-2421
1090
105
-87
-502
244
893
-1148
8
1100
-669
-140
599
-394
475
-727
719
277
-1250
1511
-1404
760
355
-1622
1723
-1420
638
1244
-1178
1385
-2821
2296
1410
-4020
1249
1299
-790
-1688
1485
1710
-3402
1986
988
-2269
1115
182
-620
530
-203
-85
419
-597
725
-457
153
539
-871
1194
-1369
272
1168
-1482
1084
-883
346
678
-1769
2271
-883
652
-859
-958
3541
-2637
-2127
2160
824
-1187
-1506
3470
-1396
-1865
2671
-1129
-635
884
-123
-346
340
-340
574
-479
117
536
-875
1141
-1125
662
399
-1486
1409
-879
121
978
-1919
2036
-1092
86
1528
-1307
-696
687
2339
-3348
-2038
4965
-2495
-1149
1822
100
-560
-1052
2319
-1081
-1232
1721
-114
-1242
896
51
-291
529
-599
1178
-1264
101
1377
-1408
643
-367
-158
1391
-2312
1320
126
-1253
1700
-1457
2050
-1246
-1315
2679
-944
-1011
-1106
2221
-62
-3117
3296
-569
-1572
1571
-372
-398
310
49
-51
16
-324
781
-777
430
260
-871
1119
-787
328
500
-1444
1683
-999
-318
1537
-1798
1490
-1216
-24
1627
-1424
1632
-2017
373
2900
-3660
5
1794
-228
-1794
247
2932
-2799
56
2008
-1645
107
999
-885
438
25
-421
420
-377
710
-438
-332
1042
-1046
467
704
-1709
1746
-493
-675
1112
-1654
1519
-582
-478
1255
-914
602
-1002
1033
1084
-3600
1608
602
-695
-294
-59
1579
-1807
-83
1601
-1772
373
807
-740
191
-224
430
4
-515
843
-413
-197
819
-1251
1229
-763
-534
1832
-2181
1319
116
-1003
1260
-1617
1945
59
-1826
579
727
1569
-4581
1703
2737
-3869
965
817
-12
-525
-396
1793
-1710
39
1146
-1054
316
329
-500
375
-54
-285
712
-987
1037
-235
-819
1419
-1601
1039
324
-1264
1347
-1349
482
612
-1333
2293
-1684
-56
773
675
-890
-2955
4170
-699
-2893
2558
-219
-594
-61
632
293
-1223
832
314
-632
80
405
-577
615
-371
322
234
-1096
1866
-1520
225
962
-1611
1217
-556
-157
946
-1821
1953
-819
637
441
-3237
3584
100
-2660
-419
2043
464
-3992
3435
848
-3101
1634
379
-979
145
449
-142
-185
-34
411
-734
850
-328
-361
1211
-1705
1335
172
-1548
1670
-1091
507
303
-1374
1819
-1785
1111
49
-55
443
-1979
3041
-365
-3346
1362
318
539
-2048
1537
1425
-3092
1966
478
-1470
442
539
-705
362
-195
465
-327
-449
1372
-1477
652
492
-1279
1406
-870
-369
1498
-2024
1432
-446
-331
709
-1596
2120
79
-1072
-460
920
1632
-4031
434
3137
-3001
1309
127
-73
32
-230
694
-818
129
624
-826
90
509
-816
895
-602
153
780
-1325
1152
219
-1678
1801
-640
-234
600
-1288
1409
-1096
-29
1232
-481
1017
-2680
742
3368
-3215
-749
951
1475
-1733
-1688
3799
-1547
-1524
1980
-591
-795
777
-80
44
-207
384
48
-832
1282
-242
-673
1108
-937
590
433
-1647
1932
-1154
274
832
-1556
1452
-980
446
386
-958
2468
-3424
1092
2838
-3576
-111
1041
1594
-2856
296
3032
-3328
506
1974
-1688
81
596
59
-321
-406
798
-227
-498
888
-544
-179
1019
-1354
1397
-692
-805
1775
-1647
732
376
-539
569
-1160
1731
-57
-2260
762
1390
1868
-4915
207
5045
-3651
-946
2348
-347
-811
-594
1807
-1019
-730
1380
-670
89
74
-103
432
-469
-93
1067
-1437
1002
13
-1019
1674
-1975
1402
329
-1203
1361
-1547
1405
-517
-504
1223
-1126
2038
-3961
2271
3044
-5350
805
1605
-336
-861
-435
2930
-2886
866
1054
-1637
664
291
-180
134
-375
174
671
-1238
1475
-740
-163
1168
-1928
1806
-305
-1181
1954
-1405
605
-507
-374
1007
-1533
2348
-992
-1068
648
842
1753
-4435
648
3640
-3156
-196
1426
268
-1184
-406
2098
-1344
-408
803
-214
-159
343
-418
827
-631
-143
1261
-1794
1596
38
-1034
1400
-1574
1453
-682
108
367
-1132
1615
-1768
1436
1164
-2098
-196
1135
1621
-3763
-933
5415
-3569
-867
2420
-630
-696
-26
1445
-1468
-221
1596
-896
-644
1450
-1097
371
559
-1185
1573
-693
-525
1586
-1611
353
1112
-1202
790
-754
810
-800
-407
1901
-1787
711
1036
-1537
176
119
2548
-2753
-2497
4787
-1597
-1996
1859
590
-1074
-371
1469
-784
-1032
1560
-258
-905
1143
-691
-47
871
-749
560
-41
-820
1539
-1254
68
812
-1099
1159
-1052
791
-252
-808
1536
-1581
1608
443
-3243
2404
789
-838
-2604
1891
2258
-3862
1279
1807
-2030
246
503
265
-1019
499
894
-1589
549
1140
-1173
354
623
-1021
1144
-1067
536
1011
-1788
1130
-343
129
35
-744
1326
-1729
959
981
-1104
913
-2959
3948
1220
-5670
1426
2332
-783
-2175
1268
2172
-3135
809
1675
-1841
637
-2
106
250
-438
453
207
-981
1522
-820
-370
1562
-1821
1457
-694
-451
1122
-1284
971
-1270
989
122
-1260
2476
-1537
763
-1241
733
2610
-5126
1327
3097
-2992
-90
1048
665
-1687
864
1236
-2309
795
1186
-1165
202
728
-1077
901
-250
-312
1049
-1537
1449
-416
-757
1393
-820
341
-289
-15
699
-1977
1909
-433
-33
822
-3668
3867
1861
-4620
22
2126
347
-2757
1077
2378
-2626
422
991
-927
339
-232
405
186
-909
574
564
-1148
1305
-654
9
720
-1521
1763
-678
-650
984
-959
1184
-1312
570
513
-1506
2237
-1729
1703
-678
-2897
5487
-2184
-3553
2689
152
-443
-1548
2987
-876
-2019
2726
-926
-768
642
-18
150
-172
-649
1270
-701
-164
919
-1077
907
-327
47
745
-1730
1277
158
-1077
674
-1105
1669
-1687
79
2937
-2189
-822
1063
1277
-321
-4470
3708
1169
-3477
1027
1199
-101
-1667
1592
288
-2015
1697
-18
-1152
1284
-416
-199
630
-934
1122
-474
-414
1506
-1686
800
156
-738
878
-1209
1850
-1662
131
1409
-2005
1980
-142
-1478
676
549
1208
-4361
2108
2377
-3544
1182
658
51
-1173
678
1137
-2026
805
889
-1468
790
230
-1009
1247
-387
-489
837
-905
887
-396
-623
1168
-944
805
-1033
322
966
-1875
1797
-637
-494
2185
-2986
1134
1399
-413
-1829
-1034
3673
-2128
-1293
2355
-610
-645
168
823
-430
-878
1304
-136
-1180
1064
290
-937
858
-333
182
404
-953
1468
-985
-20
607
-914
1197
-1265
631
327
-1847
2590
-1260
156
1970
-3609
2030
1568
-1957
-1309
1543
1007
-3428
1899
1568
-2662
1457
460
-769
-115
140
324
-76
-476
580
-215
-633
1442
-1248
485
154
-630
1288
-1547
885
216
-1007
1279
-1263
786
-371
-882
2309
-71
-831
-204
4386
-3963
-2350
4065
-1125
-1658
567
1961
-1859
-794
2818
-2213
-84
1615
-1061
-140
944
-1013
551
192
-231
407
-951
1516
-1011
-279
1248
-1080
613
-568
361
563
-1999
2080
-852
-284
1419
-1006
-239
-530
2726
-1393
-3649
4196
-489
-2892
2033
458
-267
-1598
2201
-53
-2037
1651
163
-1156
990
-273
-544
1170
-1148
801
-132
-529
1276
-985
213
86
-580
1706
-1520
477
328
-1277
2015
-1931
1794
279
-3607
3223
1462
-2502
-1727
1850
2252
-4517
1800
1879
-2227
528
392
193
-712
9
889
-602
-611
1379
-683
106
380
-596
876
-875
472
583
-1317
1323
-792
170
576
-1487
2295
-2278
617
2034
-1874
-1137
536
4215
-2893
-4837
5639
524
-3530
434
2206
-125
-2930
2605
330
-2468
1451
752
-1148
496
-98
131
201
-866
1344
-467
-248
671
-690
943
-1369
1049
414
-1707
1766
-1406
418
765
-1523
1555
-918
1068
-615
-2804
5709
-1579
-4160
2163
1957
-1226
-2546
3753
-565
-2582
2626
-537
-1163
1131
-524
409
-451
-187
837
-584
90
364
-594
1027
-978
572
654
-1792
1818
-1272
584
197
-1014
1630
-1965
1373
837
-825
-764
-672
4657
-4101
-2090
5458
-1803
-1837
555
2278
-1747
-1677
3515
-1310
-1814
2123
-96
-1102
784
-71
-52
207
-607
1087
-666
-304
1131
-1014
818
-1151
420
1298
-1863
1129
-177
-851
1446
-1636
1180
536
-1841
1350
-111
1212
-2163
-358
2242
-1861
309
475
-413
472
-732
1088
-604
-643
1329
-626
-506
965
-548
-118
597
-343
681
-1149
1259
-258
-1065
1765
-1414
638
264
-1334
1831
-1784
771
541
-1264
1948
-1343
-473
1420
450
-1294
-1688
3840
-2255
-1671
3190
-1653
131
-107
612
-2
-715
965
-127
-613
623
-130
-375
758
-894
941
-563
-224
1299
-1231
654
194
-1248
1872
-1515
629
284
-1413
1978
-1457
1881
-1842
-852
4471
-3653
-1859
2583
862
-1688
-1480
3969
-2248
-1843
3412
-1385
-1038
1306
-115
-575
507
-357
526
-236
243
227
-822
1026
-355
57
734
-1595
1380
-112
-1283
1648
-1629
1249
-619
-678
2037
-1177
858
-1159
328
2067
-3688
799
1610
-1562
-247
161
1800
-1977
327
1486
-1698
143
1329
-1145
71
527
-578
459
-564
751
-62
-829
1090
-602
-201
1061
-1667
1560
-546
-849
1585
-2230
1596
-33
-787
1689
-942
-269
-689
2750
-488
-5064
3968
657
-2367
375
885
573
-1996
1297
862
-2002
795
864
-1223
557
45
-201
276
-280
632
-656
10
1287
-1711
1191
-377
-783
1653
-2172
1727
-503
-908
1578
-1710
2158
-213
-1069
-875
2687
677
-6078
3636
2064
-3855
833
990
359
-1516
616
1589
-2224
551
1023
-1096
195
333
-357
550
-507
179
794
-1469
1451
-470
-531
1127
-1749
1634
-173
-1333
1510
-1166
645
94
-488
2040
-3546
1294
2219
-344
-2468
-1168
4867
-2540
-2145
4159
-1123
-1489
1224
410
-646
-695
1518
-529
-771
873
-13
-731
844
-432
546
-431
-434
1764
-2138
1026
622
-1319
1291
-1264
797
250
-1510
2216
-1297
1679
-2250
-1090
5333
-2891
-2625
1648
2086
-1931
-2374
4792
-1870
-1792
2514
-743
-608
472
376
-555
150
150
-32
-439
951
-695
-187
1220
-1584
1449
-128
-1313
1701
-1297
531
469
-1345
1355
-1312
1267
449
-1724
748
513
1882
-3755
-941
4537
-2928
-711
1579
139
-425
-1013
2039
-1072
-517
804
-185
-536
479
-330
166
411
-613
1009
-1082
458
864
-1629
1321
-326
-805
1523
-1724
1233
-454
-424
1350
-2047
1599
-70
285
-680
-1114
3625
-2627
-2082
3174
-1161
-106
-1089
2005
-104
-1887
2063
-457
-996
903
-142
-190
110
-345
823
-773
234
888
-1172
729
77
-1035
1693
-1709
992
516
-1593
1533
-1444
1009
-128
-471
1881
-1806
474
-626
1510
1242
-5116
2719
1201
-2245
439
370
912
-1527
476
974
-1442
502
539
-815
765
-496
-106
792
-835
574
167
-921
1638
-1064
-182
1222
-1820
1523
-487
-366
748
-1254
1194
-728
331
1429
-2266
522
1058
1516
-3622
-1111
5377
-3131
-1809
3112
-624
-869
-102
1383
-815
-871
1535
-935
-66
859
-1057
764
169
-1124
1673
-1190
117
1290
-1777
1393
-841
-115
1159
-1467
994
-684
288
518
-1246
1973
-1033
-65
-839
1877
2108
-6521
1860
4292
-3843
-250
1060
1018
-1872
306
1969
-2440
955
644
-880
310
135
-524
734
-579
409
335
-1249
1712
-952
-270
1233
-1348
828
-238
-189
782
-1768
1757
-777
-210
976
-1212
1524
-1951
1080
2182
-4468
1148
2165
-1938
-216
362
1725
-2343
796
1623
-2273
648
935
-868
307
-70
-388
1145
-1278
642
613
-1367
1334
-453
-161
629
-1356
1741
-477
-879
718
-1014
1584
-1777
730
2154
-1991
-1181
1113
3127
-2008
-5602
5177
1930
-4650
888
1826
-316
-1928
1925
379
-2143
1208
894
-1495
736
229
-656
721
-781
659
269
-1242
1397
-371
-689
1075
-1088
961
-907
669
164
-1823
2323
-1104
181
1503
-2691
1923
72
-851
-622
-127
2268
-3081
1229
1401
-1759
486
260
79
-413
-130
955
-726
-231
1000
-1281
689
675
-1194
751
-208
-279
1199
-1837
1196
-89
-439
440
-1299
1738
-1481
517
560
-1345
3036
-3333
-108
3840
-2462
-1620
119
3251
-2320
-1874
3708
-1358
-1230
1347
-173
-348
-313
989
-209
-1141
1188
316
-1367
960
43
-349
737
-1185
1406
-674
-615
1118
-1354
1377
-688
21
636
-1907
2506
-1341
-373
2324
-3418
1521
1773
-1695
-1597
1046
2324
-3820
615
