-82
-398
-1201
1060
1286
-1350
-392
1031
-355
-300
-477
-81
1030
-89
-909
51
603
131
-649
275
718
-564
-713
515
552
-417
-459
244
232
-46
95
41
-77
42
5
-323
16
663
-522
-743
655
500
-1065
1817
1418
-4391
311
3222
-1316
-1712
78
465
1047
181
-581
-357
464
600
-854
-643
1443
379
-1226
12
597
226
-293
-568
104
412
35
-470
251
531
-742
-311
1255
-445
-887
807
355
-452
159
46
141
-63
402
1351
-2764
-368
1790
-162
-1008
-337
927
405
-191
-497
-222
772
-688
-755
1350
214
-1454
338
1010
-476
-275
339
-94
-113
147
-134
150
-105
-353
600
274
-848
132
857
-551
-363
622
-356
-231
131
558
880
-2018
-596
1706
7
-1458
167
1282
-483
-251
246
175
-53
-698
329
1023
-703
-766
860
264
-993
464
474
-600
65
629
-299
-290
65
-43
445
-340
-427
556
257
-746
469
346
-831
340
175
1356
-814
-2508
1435
1386
-605
-2037
957
2237
-1580
-519
508
527
-418
-1329
1360
812
-1350
-343
1053
151
-1204
321
427
-606
170
431
-186
-180
42
141
313
-318
-355
774
188
-756
360
414
-823
622
1955
-3059
119
1858
-1047
-303
2
184
721
-715
-253
1222
-944
-956
1262
243
-672
-212
100
598
-443
-654
747
406
-995
24
1087
-480
-875
937
269
-708
68
310
-70
12
-248
204
387
-683
554
2751
-4202
-718
3444
-1126
-1143
236
522
1030
-1282
-314
1601
-755
-1546
1089
1044
-1134
-142
154
418
30
-529
327
428
-476
-125
758
-110
-838
375
961
-725
-96
562
-495
111
281
-580
145
29
-433
441
247
2213
-3623
-576
3459
-1342
-1917
871
960
-237
-710
894
35
-1005
559
544
-140
-119
-360
-395
942
-153
-855
885
175
-609
305
431
-465
156
75
-62
357
-159
-624
652
364
-991
534
444
-535
266
672
1044
-2034
-1128
1601
790
-2155
346
2398
-1189
-1198
961
77
-446
-599
11
1209
-303
-1340
717
1237
-1286
-225
1021
-286
-851
640
513
-683
-290
219
642
-325
-630
798
115
-920
739
267
-664
2166
-1563
-1726
2541
-834
-1102
1612
-917
299
788
-1048
315
322
-990
425
701
-476
-80
38
-169
315
-207
-154
481
108
-498
105
716
-569
-472
868
-71
-378
224
-109
-9
269
-428
147
196
-294
2220
-2504
-1462
2656
-378
-1549
237
972
237
-606
143
125
48
-300
-943
1328
385
-1196
128
659
18
-392
3
109
475
-189
-376
477
257
-958
333
996
-871
-221
749
-252
-239
13
-352
238
436
1128
-1842
-328
829
311
-948
-180
1733
-913
-563
1309
-220
-690
284
20
121
281
-565
-270
840
-419
-421
638
-123
-360
327
224
-366
200
-42
-272
510
-220
-539
739
10
-646
738
-3
-724
1111
1115
-2824
756
616
-484
-78
-958
1527
443
-1693
449
892
-644
-701
142
438
431
-576
-616
1193
185
-1213
339
982
-706
-527
1105
11
-926
467
330
-313
109
-156
181
259
-599
-28
884
-802
-419
2062
312
-3278
1349
828
-591
-32
-1131
1435
364
-1698
970
735
-1501
102
945
-116
-338
-356
131
655
-418
-491
728
205
-790
212
890
-626
-692
1088
223
-865
282
381
-45
-23
-197
165
180
-353
1236
-625
-1563
487
1200
-600
-1061
1210
385
-790
218
235
-178
-398
-481
699
420
-993
90
626
-286
-260
350
-222
-375
654
-118
-145
190
-190
-105
536
-455
-179
626
-244
-131
323
-526
469
2191
-3122
-413
2228
-1254
-412
120
294
831
-1129
-321
1353
-474
-1087
1052
662
-1193
84
859
-237
-55
42
8
46
-27
-58
190
83
-590
306
635
-887
-406
956
-237
-555
722
-52
-640
952
799
-2514
925
606
-716
1011
-1324
57
1769
-1289
-239
776
-606
-141
115
199
159
-424
-474
652
405
-826
178
644
-682
-309
888
-169
-634
427
356
-58
-260
-165
253
402
-819
186
685
-985
665
1911
-3149
352
1576
-1335
281
-501
23
1408
-932
-392
798
-227
-769
834
246
-619
146
118
198
15
-551
537
382
-716
-54
718
-211
-970
769
523
-858
111
440
-199
119
-224
196
428
-924
954
1592
-3450
65
1905
-1130
186
-585
466
1324
-1305
-417
1290
-38
-1553
587
1301
-1080
-359
505
242
101
-563
279
487
-464
-385
834
295
-1237
340
1272
-979
-452
964
-231
-414
391
-50
-164
-87
-394
2084
-283
-3337
1756
1662
-2235
104
884
-420
606
-237
-284
770
-769
-565
1530
58
-1220
256
894
-457
-438
440
141
-73
-80
92
394
-322
-758
829
414
-1063
33
853
-629
-138
682
-460
-197
35
2083
-1174
-2901
1889
1235
-1136
-909
391
1636
-783
-562
491
243
-190
-1145
1176
1170
-1501
-614
1542
400
-1460
311
794
-781
-250
507
108
-311
-317
352
617
-806
-409
1104
13
-1062
549
731
-1141
123
1345
490
-1903
-4
821
146
-827
-500
1245
29
-908
658
361
-709
13
217
520
-364
-699
675
447
-1028
-47
1022
-597
-735
784
391
-1086
293
615
-358
-186
145
66
173
-402
69
938
-581
-594
1462
943
-2914
442
1049
-173
438
-1376
668
1358
-1705
-78
1218
-781
-852
736
356
-130
-454
-268
867
-226
-842
813
118
-843
301
806
-540
-691
996
-39
-614
484
-34
17
-21
-433
554
-216
-898
712
1608
-548
-2200
563
323
627
-1441
-13
2400
-1308
-855
1509
-137
-1242
388
534
-283
-167
-10
10
407
-411
-88
524
-241
-345
622
145
-951
555
481
-896
169
787
-502
-105
530
-251
-124
57
-135
1839
-1827
-1757
1627
795
-742
-433
467
774
-99
-1027
361
1095
-1276
-729
1616
176
-1250
447
766
-532
-345
631
-254
-296
270
22
293
-317
-392
790
-93
-938
717
457
-818
103
650
-678
-201
1353
142
-2054
1272
112
-470
-87
-174
623
-67
-635
680
139
-653
-13
170
460
-350
-650
840
456
-1119
-33
1113
-475
-931
873
678
-1008
-209
680
-169
-310
-31
55
391
-383
-185
1057
-329
-1139
1520
1353
-3082
274
1734
-217
-1248
18
1557
-26
-1365
17
1578
-495
-1542
895
1022
-644
-502
216
865
-287
-573
231
641
-461
-764
1187
156
-1123
330
1029
-767
-426
706
-238
-295
340
-35
-20
-263
-655
2169
-310
-3018
1817
986
-1831
901
9
-789
1385
-705
-59
954
-914
-314
1235
-9
-1198
140
712
-248
-308
-25
332
164
-399
148
572
-582
-482
993
55
-1101
518
509
-685
411
274
-128
-58
1335
-1029
-1466
596
506
467
-1289
250
1470
-1067
-247
691
-300
106
-758
110
1140
-661
-1050
1045
682
-1004
219
789
-578
-266
636
-146
-430
168
260
113
-164
-533
446
288
-828
307
787
-906
-321
1481
-84
-1983
762
113
436
-409
-1133
1855
-210
-1152
880
162
-779
432
143
-32
92
-237
-41
547
-334
-180
629
-169
-602
620
444
-976
130
796
-382
-180
144
-215
245
-120
-134
864
-48
-921
2124
-1099
-2073
1678
1002
-1107
-946
1250
455
-725
-330
503
598
-1178
-426
1250
94
-948
32
478
64
-125
-8
-32
197
-111
-327
764
-221
-668
665
630
-658
-65
412
-432
104
340
-499
143
61
-181
3349
-3919
-1027
3637
-1638
-2013
1476
1039
-383
-313
330
75
-187
-512
384
1060
-807
-631
555
461
-613
-6
387
-342
352
305
-601
314
143
-833
485
492
-743
-252
766
-62
-239
205
-121
1458
-1464
-974
1300
-187
-765
310
419
406
-114
-505
116
858
-997
-654
1564
-166
-843
506
219
-379
254
262
-325
-39
189
-22
154
-334
-248
765
-270
-296
769
-365
-347
568
-305
-249
219
-771
1736
443
-3173
869
1201
-1143
-428
1091
321
-533
-132
393
267
-862
-184
1197
-582
-167
579
-367
-274
504
50
-582
554
373
-384
125
410
-519
132
173
-432
287
-64
-362
575
-32
-737
613
146
536
780
-2271
-298
1596
-414
-1401
1497
1001
-1008
24
339
139
-289
-743
488
825
-689
-557
816
88
-624
534
5
-522
400
269
-198
28
-92
-59
432
-131
-499
610
136
-536
497
40
-512
224
1215
-527
-1221
290
373
10
-923
520
916
-1107
111
772
-699
-344
374
-60
-106
76
-365
247
236
-516
86
450
-571
-50
820
-189
-574
619
26
-518
500
-14
-553
456
390
-528
233
-213
445
1854
-2829
-236
1987
-802
-522
-147
658
648
-842
-497
964
210
-1778
604
1353
-1020
-424
393
178
-12
-244
188
62
-80
-275
348
346
-799
193
856
-641
-265
701
-569
-169
729
-303
-342
336
-308
1574
-830
-2567
1347
1456
-1476
-388
1146
-176
-456
21
356
341
-807
-406
1441
-278
-950
611
297
-423
-28
324
-263
42
269
-9
-140
162
-160
182
163
-570
280
229
-655
490
262
-926
268
806
1223
-2405
-1004
953
1103
-928
-1213
2473
6
-2052
716
1071
-599
-889
265
926
184
-958
-391
1447
-380
-1040
929
658
-1209
-53
1280
-845
-693
890
44
-505
201
47
70
-145
-391
679
-33
-561
2037
-1544
-1217
1329
-469
-761
582
565
-302
433
-119
-509
821
-533
-224
822
-244
-450
338
151
-432
159
174
-393
408
24
-443
503
31
-747
499
420
-846
203
532
-346
43
333
-449
133
1469
-519
-2059
873
504
293
-1311
447
2025
-1708
-915
1630
-186
-1276
460
256
251
8
-619
408
572
-763
-223
804
-191
-722
618
621
-1135
21
674
-562
87
398
-366
57
122
-456
310
152
-687
145
2856
-2412
-1651
2227
-714
-461
-344
532
1129
-1138
-197
1136
-159
-1186
749
855
-1096
194
197
-271
311
-84
-172
96
198
-179
142
274
-389
-40
582
-611
-87
482
-539
199
479
-474
90
-134
41
1787
-1934
-1615
1931
527
-2621
1227
1643
-1343
-249
376
678
-426
-960
476
1118
-549
-887
764
396
-767
312
211
-356
-7
312
-81
-93
-53
-168
599
2
-538
503
212
-611
472
-48
-382
387
-358
2021
-447
-2942
1912
1055
-1864
61
812
-303
217
125
-542
390
-157
-740
758
161
-842
222
504
-227
-188
304
-271
151
342
-325
170
235
-641
250
485
-965
330
528
-382
119
228
-351
-36
1215
762
-2317
-137
1514
-210
-1717
1404
1568
-1840
-291
1205
-298
-588
-130
70
819
-292
-1167
767
679
-1038
-171
943
-324
-697
763
373
-890
236
201
-81
327
-351
17
628
-359
-215
582
-488
-725
1649
699
-2797
579
895
65
-328
-944
1308
-39
-1445
1061
644
-1067
-164
723
24
-62
-301
-206
701
-86
-687
507
304
-837
390
827
-600
-504
648
-103
-207
123
-385
501
241
-495
377
-77
-968
2130
740
-4003
781
2234
-2329
388
1425
-159
-321
-719
843
667
-1514
-329
1421
80
-1066
19
657
-4
-270
-181
237
163
-278
-119
629
-69
-857
788
407
-759
127
460
-384
434
24
-395
297
-253
-181
2787
-2282
-2304
2591
92
-1136
562
-162
244
341
-900
692
226
-1007
218
889
-595
-511
620
28
-412
-119
95
-204
244
-7
-248
453
-54
-749
620
423
-966
149
673
-285
-155
391
-202
-113
215
-189
1883
-1650
-1994
2388
321
-2206
1065
1231
-924
-202
109
239
383
-886
-258
1468
-159
-1327
610
873
-602
-296
434
33
-150
95
-66
473
-240
-595
839
72
-1058
628
420
-691
506
138
-483
-70
1283
579
-2508
43
1017
-189
-768
364
811
-507
1
106
-62
178
-438
-535
1137
-136
-1463
839
789
-891
-186
612
-237
-222
361
50
25
-89
-260
532
49
-1029
519
719
-804
176
405
-782
767
1626
-2858
-419
2361
-1335
-462
840
345
0
-950
416
844
-885
-505
508
578
-297
-556
151
364
232
-466
-62
410
-296
-303
620
-88
-705
307
659
-428
-348
468
-188
-58
484
-475
140
447
-702
1084
1842
-3903
-389
2444
-447
-830
24
693
202
-434
-567
877
77
-1205
593
870
-870
-457
576
58
-337
51
148
-213
337
-179
-95
466
-339
-411
889
-41
-754
541
418
-362
56
142
-154
340
67
960
-1675
-288
688
587
-250
-1288
1182
792
-1379
215
278
-74
-464
-545
1313
20
-1004
268
629
-581
-315
589
-155
-303
336
-23
136
-101
-500
688
344
-884
177
626
-724
-176
776
-336
-385
1959
-1014
-1962
959
266
-22
-368
-75
1381
-690
-823
1335
-101
-950
219
379
1
-232
-497
485
688
-783
-79
969
-258
-593
632
239
-691
61
332
-315
207
-149
-248
601
-79
-507
585
-225
-521
1015
1958
-3225
-672
1828
180
-1282
-457
2228
57
-1836
577
859
-863
-739
585
770
-258
-680
-221
1131
-54
-1363
630
869
-910
-309
1124
-405
-844
763
241
-376
26
-122
198
222
-634
340
240
-444
1986
-2439
-801
2371
-249
-1963
746
1227
-819
-396
614
468
-249
-868
677
971
-1076
-270
759
-148
-402
326
-20
-431
607
84
-414
310
94
-437
490
57
-464
425
81
-150
290
9
-503
500
-110
-633
3379
-2952
-2689
3867
-99
-1839
172
157
1434
-490
-1150
929
636
-1786
-119
1737
-343
-952
-147
521
557
-758
-414
692
216
-779
136
879
-659
-627
1086
68
-794
222
-6
161
0
-445
456
-39
-697
1800
970
-3799
1161
1791
-1368
-341
-90
1159
97
-1148
725
864
-1507
-435
1743
-279
-833
94
299
347
-671
-462
963
-209
-784
642
591
-940
-196
821
-375
-314
310
-180
98
178
-479
433
144
-599
398
1867
-498
-2803
497
1442
-192
-1827
1209
1446
-1916
-172
782
-447
-310
-46
302
736
-437
-1131
1034
659
-1327
-41
949
-389
-548
776
119
-764
99
417
-212
277
-269
-156
699
-195
-615
686
-167
-366
596
2071
-2345
-1536
1952
35
-562
-540
533
729
-936
284
644
-913
-392
612
213
-371
-118
-300
291
464
-854
79
663
-282
-400
548
218
-804
404
612
-449
19
304
-330
219
176
-580
310
206
-588
16
1860
-1003
-3025
2790
379
-1020
-124
-926
2124
-326
-1464
1112
-107
-575
-51
524
434
-331
-359
101
760
-798
-552
1225
-293
-843
760
484
-894
27
514
13
-209
-161
131
164
-269
-280
680
-347
-151
2132
-1470
-1784
1287
-129
357
-327
-1014
1765
-23
-1715
1046
552
-1287
330
715
-137
-349
-179
334
483
-627
-152
1026
-73
-801
691
482
-1111
20
997
-387
-493
411
-51
-243
182
-74
-65
32
-9
2645
-2779
-2110
2738
212
-2389
1164
1167
-377
-303
-176
294
99
-588
-499
1544
309
-1726
485
1099
-581
-517
288
136
-127
163
-103
96
101
-637
460
726
-914
-53
824
-377
-244
244
-420
-134
1262
532
-2631
823
444
-142
323
-1205
1304
327
-1087
780
-127
-549
249
-31
218
118
-617
12
853
-729
-423
872
-123
-534
548
327
-588
3
347
-167
32
-193
-30
617
-498
-188
879
-592
-585
1716
1174
-3973
1319
1611
-838
-1020
-776
2217
170
-1850
799
945
-772
-732
201
847
349
-1056
-299
1556
-151
-1356
879
742
-1046
-160
1162
-165
-1114
513
609
-561
-142
12
343
-10
-628
206
679
-972
-266
1268
1661
-3418
148
1649
-569
-296
-1273
1602
793
-1753
654
780
-1377
20
772
15
-366
-178
55
552
-271
-469
778
17
-721
665
569
-905
-261
992
-284
-726
477
54
-241
183
52
126
-137
1175
-640
-1990
737
1120
-334
-1522
1209
867
-1264
376
455
-280
-238
-334
194
972
-733
-496
1000
-21
-596
493
111
-492
169
283
-121
-209
-177
-25
543
-441
-221
798
-362
-74
551
-375
-503
961
1764
-2562
-803
958
-383
-479
489
1145
-690
-625
874
103
-367
26
-88
206
395
-589
-426
894
60
-818
351
521
-606
-39
410
-352
76
21
-166
229
49
-540
430
691
-760
-79
757
-770
1570
-319
-3242
1635
1363
-1156
-896
1535
321
-906
-194
332
680
-1109
-619
1376
180
-1145
296
886
-431
-260
631
-294
-212
255
5
-8
-14
-165
279
130
-570
124
456
-513
89
481
-575
-35
-69
1479
-52
-2758
1014
1471
-1206
-1461
1613
823
-1454
421
518
-464
97
-447
590
296
-748
119
356
-258
-168
577
-482
-499
743
84
-761
449
176
-471
320
127
-477
212
169
-49
372
-296
-220
913
1463
-2404
-699
1194
139
-846
-122
1637
-392
-1650
1001
931
-1390
-416
954
249
-153
-585
-88
973
-424
-589
701
165
-962
437
972
-868
-402
850
-196
-85
189
-399
215
411
-449
285
3
-516
634
2013
-2134
-926
838
-124
463
-979
1110
659
-1499
547
752
-982
-135
631
-284
-149
343
-600
280
359
-612
222
221
-299
114
256
-522
-22
337
-322
197
336
-719
260
472
-628
422
58
-349
1479
1226
-4650
641
2293
-1248
9
522
466
-188
-1273
979
867
-1420
-396
862
376
-536
-156
262
72
-201
-120
199
310
-265
-104
584
-154
-734
516
302
-519
378
224
-455
168
482
-527
-9
225
248
1317
-2051
-965
1502
432
-1997
628
1579
-1222
-569
985
91
-448
-614
43
1106
-379
-852
524
501
-720
17
715
-553
-249
713
-10
-674
533
7
-325
407
-41
-210
282
-25
30
408
-599
-198
2221
-1449
-2302
1994
-323
-585
1065
-579
506
-310
-1043
1238
370
-1486
76
1365
-334
-750
202
341
268
-636
-40
787
-561
-408
924
237
-990
176
975
-761
-165
593
-348
83
35
-235
454
-385
-592
2451
-580
-2634
1362
233
-316
-408
-257
1742
-1486
244
1149
-905
-627
1093
53
-550
533
-372
87
274
-450
173
53
-196
194
191
-555
-94
704
-483
-359
603
-492
-86
626
-456
115
138
-120
2099
-2845
-1402
2761
-1053
-775
1344
144
-627
-242
224
636
-228
-906
483
1263
-961
-676
1309
-111
-837
286
573
-708
-93
700
-172
-256
-102
-27
485
-272
-462
943
-95
-592
759
106
-863
371
820
64
-1085
-21
489
1015
-1478
-408
2036
-1307
-797
1376
-351
-657
190
7
418
-279
-489
452
137
-778
245
720
-717
-394
961
0
-807
503
266
-365
222
-92
12
93
-251
370
200
-785
-208
1804
50
-2658
707
745
-1315
773
210
260
-236
-1119
1136
536
-1333
-235
942
279
-508
-543
439
836
-735
-635
1000
44
-1109
589
1024
-842
-708
1055
236
-1038
462
220
-374
395
11
69
32
-635
1320
-30
-1552
61
912
-83
-992
323
415
107
-354
-492
907
17
-1191
651
770
-660
-242
374
-62
172
-150
-288
381
77
-367
344
39
-623
495
405
-648
115
367
-684
546
442
-508
23
1525
-672
-2061
920
679
185
-1595
903
1520
-1688
-418
1204
-446
-313
-102
-30
903
-449
-1103
956
504
-1017
238
842
-571
-508
928
40
-740
228
254
88
-172
-443
457
288
-859
508
665
-907
-174
2065
-1207
-1761
923
-155
530
-748
367
1035
-650
-473
464
247
-707
332
192
-85
462
-590
-127
785
-419
-356
761
99
-724
397
831
-926
-170
715
-297
-155
32
-209
347
-162
-464
645
-96
158
1532
-2813
-692
2267
-167
-1906
1441
1159
-1309
-276
474
290
-205
-849
344
1221
-570
-1105
931
512
-932
80
539
-362
-317
481
-108
-306
223
-296
41
470
-304
-280
543
-166
-379
563
-49
-468
569
-67
656
688
-2471
840
1059
-1431
-642
922
357
-324
150
-240
163
-207
-527
773
92
-814
169
487
-411
-210
574
-351
-125
325
-81
-12
97
-391
170
630
-663
-262
626
-370
-167
807
-568
1068
-685
-1613
1138
436
-377
-451
149
779
-240
-634
248
687
-1014
-495
1483
-298
-652
793
-64
-405
293
258
-413
85
291
-171
287
-374
-237
658
-281
-297
709
-287
-417
563
-243
-311
235
-594
205
1545
105
-2715
670
294
30
-150
-588
1637
-446
-887
642
41
-664
369
140
144
234
-626
-6
766
-399
-570
840
254
-727
354
729
-804
-169
654
-349
-188
200
-106
137
-103
-469
548
59
-638
2133
-1029
-2253
1719
1503
-2824
17
2498
-976
-852
269
597
-65
-991
188
1114
-364
-838
448
354
-358
-20
85
171
-121
-161
393
162
-670
-118
870
-410
-509
760
-150
-273
301
-224
89
-154
-665
2139
787
-4207
665
1865
-966
-138
-12
630
600
-1445
305
1410
-1190
-843
1284
395
-834
-330
372
345
-313
-429
519
355
-559
28
804
-528
-867
1256
163
-1064
450
504
-601
174
132
-195
226
-344
1881
-320
-3095
907
1692
-982
-1182
1159
617
-608
-449
-180
1011
-697
-1340
1317
1076
-1550
-509
1399
65
-1075
320
556
-583
-60
447
153
-343
-329
462
683
-819
-405
1346
-119
-1034
717
495
-1046
96
1921
-746
-1866
1082
-33
186
-427
-532
1463
-598
-645
884
-388
-401
228
67
309
-339
-470
624
118
-929
333
728
-744
-328
948
-79
-888
416
382
-172
-28
-182
352
118
-514
355
500
-986
-239
2489
-1274
-2280
1876
-16
-666
-1050
985
1454
-1553
-286
1057
73
-1127
-96
842
89
-153
-775
627
798
-1029
-253
1019
-265
-1056
1056
805
-1240
-211
1215
-270
-577
282
-55
111
-93
-245
542
-411
-696
935
640
255
-1620
-289
420
896
-740
-754
1715
-341
-655
760
-232
-463
393
60
-125
24
-327
307
180
-595
279
279
-625
79
563
-443
-216
593
-197
-305
516
-414
-132
468
-351
202
70
-395
342
502
1165
-2552
-305
1407
375
-985
-674
2169
-597
-1105
954
-142
-60
-340
-379
779
348
-1156
95
1072
-656
-672
771
-79
-464
348
501
-422
-109
67
-51
476
-335
-328
726
6
-811
629
-28
-524
577
146
-48
1818
-2155
-1121
1898
205
-1504
343
610
237
-407
-651
1127
-107
-1189
630
656
-673
55
228
-118
-32
169
-240
98
311
-125
22
126
-313
61
273
-569
66
686
-615
-100
839
-716
509
1626
-3706
1282
1640
-1490
58
-481
647
829
-1103
14
840
-414
-1019
1012
400
-880
340
89
141
176
-217
-40
466
-171
-586
599
459
-1141
258
844
-626
-124
262
-83
325
-468
85
636
-529
-373
1343
1736
-3667
906
1090
-808
-372
-352
1389
-197
-1200
556
668
-824
-312
857
-14
-41
-363
-230
759
-288
-546
455
314
-739
111
1035
-601
-777
872
162
-826
282
61
72
215
-162
262
-50
1308
-1275
-1389
946
700
-1271
-441
2156
-99
-2407
1032
1313
-1317
-500
526
112
253
-305
-427
743
137
-583
372
558
-677
-171
918
-477
-433
532
-129
-153
444
-319
-215
461
-272
-92
453
-414
-416
2401
-991
-2504
1176
138
197
-913
677
1257
-1042
-527
1115
-25
-992
595
363
-256
208
-308
-137
705
-226
-299
268
289
-363
202
234
-662
310
276
-568
298
-70
-711
654
414
-708
162
634
-499
1622
-871
-2546
1720
666
-1641
889
1117
-481
-509
-38
579
-84
-1007
309
1149
-597
-622
651
160
-367
131
148
-249
-51
114
77
-121
-126
-193
551
-71
-368
434
-214
-290
673
-323
-364
693
-376
794
1295
-2719
-514
1698
-855
-411
1122
-496
89
-49
-306
300
-133
-256
422
270
-474
154
-44
-433
540
171
-700
219
575
-599
-156
752
-432
-487
679
54
-611
193
127
261
22
-660
2287
-1534
-2166
1842
518
-1182
-46
-78
1055
314
-1456
-5
1264
-680
-1177
1195
616
-1026
48
658
-63
-318
125
48
241
-289
-284
857
-214
-1202
986
485
-1366
659
860
-747
-265
647
-253
-84
-144
1577
-194
-1982
552
834
-392
-982
1339
348
-643
268
-426
349
56
-1150
837
620
-902
-58
372
-182
-271
363
-136
-135
254
49
-42
88
-364
251
486
-642
80
582
-614
-105
742
-441
-372
2405
-2263
-1151
1919
-900
-288
265
225
338
-688
90
797
-412
-976
414
456
-250
176
-505
500
428
-694
95
689
-489
-618
1117
343
-1191
132
655
-384
-119
-48
217
328
-550
146
584
-868
-460
2184
262
-3191
1363
326
-642
-98
-1009
1960
-249
-1315
915
171
-833
-13
711
-16
-302
-149
-12
726
-535
-331
909
-124
-701
663
471
-992
-22
833
-304
-412
409
-177
114
88
-310
389
-389
813
225
-2191
536
1483
-259
-836
-79
905
-270
-189
51
172
104
-886
525
945
-943
-286
746
-157
-469
222
207
-489
298
-2
-21
334
-658
88
825
-678
-302
905
-563
-313
675
-151
-525
862
1612
-2350
-956
1064
417
-733
-870
1963
178
-1716
826
831
-897
-86
167
204
148
-477
-162
686
-159
-546
513
305
-551
146
603
-514
-309
663
-238
-326
443
-106
-81
503
-395
-128
562
-594
-716
3439
-2437
-3453
3906
389
-1396
-1204
834
2029
-2079
-551
1460
-129
-1503
226
1651
-623
-518
139
-14
642
-534
-305
428
61
-453
309
408
-592
-103
766
-219
-452
320
-205
179
186
-742
473
24
-878
1485
2229
-4510
317
2737
-1888
-546
-81
447
1295
-1007
-107
930
-620
-510
735
269
-613
-245
-26
507
87
-821
499
520
-476
-86
587
-289
-654
621
265
-705
-1
326
-130
162
-399
381
340
-949
2857
-1557
-3281
2035
1348
-1570
-176
374
848
-42
-883
-37
787
-736
-813
1303
390
-1049
188
594
45
-164
-11
-42
195
162
-591
473
143
-961
653
554
-924
-19
741
-247
-356
274
-156
-187
153
-263
123
3145
-3688
-1676
3409
-1165
-904
-419
831
1613
-1433
-734
1537
-336
-1190
803
939
-750
-558
229
427
127
-743
286
585
-59
-454
572
247
-1062
340
936
-889
-375
691
-313
-301
487
-69
-318
186
-279
1262
1000
-4086
998
2145
-1285
-609
-119
1397
522
-1589
39
1265
-716
-1329
1765
634
-1370
232
548
-51
-144
-209
133
263
-148
-17
257
-87
-646
658
410
-745
341
214
-456
441
-303
-319
649
-208
1773
-1182
-1933
1218
841
-1182
-239
726
250
-144
-401
48
414
-444
-339
959
169
-1134
391
559
-710
14
517
-330
-186
416
-82
-260
219
-146
49
274
-423
-68
411
-267
88
376
-553
6
2472
-2892
-1339
2705
-671
-969
316
187
569
-489
-424
888
-210
-1077
358
794
-237
-337
-49
412
190
-826
200
1024
-666
-550
998
129
-1242
505
643
-463
86
309
-53
-79
-121
-149
458
-577
-99
562
737
909
-2916
126
1528
-503
-1115
510
1566
-1497
56
861
-1108
214
127
172
207
-554
-127
535
-39
-556
465
355
-633
229
784
-508
-442
703
-57
-345
455
-144
-378
407
134
-397
71
63
-150
661
1808
-3166
-532
1735
-172
-364
-972
1217
1019
-1699
-73
1418
-1067
-884
850
497
-114
-554
-186
801
-75
-900
378
683
-687
-287
775
-114
-880
499
386
-217
181
-211
129
453
-656
-116
779
-891
1165
519
-2314
600
925
-1243
243
45
198
661
-866
188
609
-747
-421
1011
-99
-920
705
21
-395
345
-2
-176
296
66
-201
260
40
-488
369
211
-573
433
-103
-352
582
-76
-326
301
1085
-604
-1193
744
-347
654
-620
-679
1615
-631
-659
591
-95
-349
-681
226
1054
-385
-758
773
368
-942
484
433
-784
222
681
-408
-191
256
-230
332
105
-222
467
-147
-517
727
-268
-528
519
2154
-2122
-1383
1382
-15
-896
-1274
2071
729
-1973
816
639
-704
-290
237
587
-241
-520
220
710
-472
-636
923
-211
-727
902
395
-850
46
554
-460
-47
224
-217
404
100
-178
369
-410
1431
-22
-2965
1096
1244
-1077
-315
564
555
200
-419
-389
777
-21
-1353
563
1252
-1230
-528
1030
243
-825
226
323
-314
88
93
153
145
-374
-281
770
-221
-905
767
586
-960
158
657
-867
-91
642
-630
2448
-1390
-3287
3925
582
-3371
150
1181
320
-233
-466
828
168
-1071
49
1301
-342
-1388
844
681
-675
-152
374
20
-15
39
107
369
-266
-451
596
214
-1036
408
405
-411
467
-238
1111
1163
-4334
1163
2904
-1619
-1928
1221
1749
-1306
-528
696
633
-754
-1245
1071
836
-1425
-438
913
71
-459
15
154
97
-129
-382
309
431
-752
-50
1058
-381
-673
668
-21
-415
118
133
36
44
-494
49
1695
-305
-2689
1841
214
-833
-322
-538
1912
-373
-1291
1169
134
-1005
176
794
-131
-443
-125
315
535
-669
-161
843
-310
-652
772
331
-928
311
738
-679
-159
417
-304
256
271
-119
282
-552
1733
-866
-2267
1648
633
-1035
-77
113
201
245
-130
-505
666
46
-1446
824
941
-1231
-83
683
52
-315
106
-168
14
124
-177
310
-103
-662
410
804
-864
-243
1021
-156
-697
595
102
-522
-68
2020
538
-4745
1945
2519
-1851
-1751
660
1928
-569
-812
433
208
-278
-501
419
958
-658
-1316
1159
941
-1395
-194
1043
-230
-512
553
138
-472
-101
66
338
-121
-632
79
994
-534
-462
909
-260
-603
1706
1530
-4864
1077
2044
-301
-1328
-1068
2794
205
-2149
697
817
-862
-917
697
1000
-242
-1098
110
1633
-428
-1435
1077
649
-1268
282
1184
-828
-712
879
296
-412
-209
186
335
-60
-663
508
19
-1183
2793
-124
-3825
2225
1002
-2014
293
-110
505
674
-732
-38
761
-732
-279
960
118
-620
-310
142
452
-50
-691
310
590
-430
-295
865
-266
-994
824
537
-907
24
324
-55
227
-176
-65
28
578
2552
-4570
-313
3457
-666
-1922
-261
1873
171
-1320
179
606
-184
-1055
-311
1852
-96
-1685
448
1231
-441
-606
303
-29
215
-57
-203
478
-102
-902
781
830
-1125
-85
973
-235
-602
317
-245
-247
273
118
1715
-2212
-932
2070
-536
-1207
600
176
425
-133
-354
290
278
-889
104
1220
-849
-875
1201
-37
-739
326
300
-327
186
337
-97
89
-263
-30
435
-668
-129
870
-433
-137
663
-501
-153
7
1793
-153
-3308
1174
1365
-687
-1127
727
1344
-553
-392
73
521
-296
-1509
1086
1549
-1431
-838
1323
489
-1166
201
527
-352
-31
384
45
-126
-388
175
689
-572
-351
735
-179
-536
589
-342
-337
205
1219
294
-2213
-18
991
-46
-1347
78
1929
-1288
-516
1060
-262
-306
-499
589
579
-798
-362
908
234
-997
307
734
-759
-321
1020
-65
-948
542
543
-588
-102
277
57
140
-130
100
433
-378
-574
774
263
1351
-2905
-136
1788
-468
-1102
-209
1875
193
-1538
481
804
-1037
-353
324
752
-34
-866
293
891
-569
-595
726
-133
-706
498
280
-690
349
210
-377
436
-5
-288
435
-84
-328
430
-326
-370
361
1229
41
-2147
174
1399
-769
-1248
1661
-56
-860
1007
-20
-612
169
7
-183
717
-479
-402
650
1
-352
315
-27
-21
370
-236
-318
389
-251
-533
894
-154
-703
651
258
-486
253
-106
-207
376
597
1105
-2306
-617
1431
270
-1804
714
1724
-1117
-440
333
-125
146
-706
5
1471
-376
-1498
1016
984
-1201
-127
777
-184
-392
377
291
14
-462
52
810
-367
-701
902
76
-836
710
150
-725
603
1677
-1848
-973
1003
390
-338
-871
973
320
-1481
861
544
-929
-45
-43
280
592
-627
-619
989
324
-1232
519
708
-740
-120
836
-84
-662
143
114
187
-40
-348
458
194
-788
361
341
-997
5
2915
-1920
-2533
3033
-34
-376
-1663
469
2863
-1654
-1314
1576
-26
-1103
-281
991
737
-768
-1001
862
1144
-1409
-502
1257
-105
-1105
603
715
-1089
-309
1121
-182
-533
140
99
339
-353
-379
640
-91
-942
1225
2387
-3952
191
1876
-1297
52
-275
382
1395
-1118
-532
1202
-229
-1315
966
758
-889
20
139
174
25
-496
121
818
-449
-299
864
-21
-1070
483
774
-1074
-107
739
-192
-155
125
-33
322
-401
786
2266
-3900
-290
2628
-703
-1354
241
1345
491
-1145
-509
1305
-88
-1825
1195
1409
-1301
-382
674
379
-540
-94
236
86
-204
-239
580
118
-937
289
959
-839
-479
998
-113
-415
226
-146
-170
60
1742
-1617
-980
970
-260
-137
-494
253
618
-566
374
92
-440
177
-198
86
432
-266
-394
691
311
-847
340
569
-562
-124
696
-49
-441
194
71
-92
72
-433
22
512
-342
-244
666
-609
-487
3125
-2006
-2408
2728
387
-2013
-578
1680
520
-892
-247
631
388
-1637
-119
1507
-275
-617
-260
459
561
-508
-561
555
482
-895
-99
999
-379
-781
808
605
-751
-5
223
188
205
-527
135
639
521
-1343
-149
92
455
-101
-608
698
373
-1200
455
809
-907
69
321
-249
396
-229
-399
527
141
-458
338
164
-653
403
615
-726
-112
676
-440
-66
345
-488
28
424
-310
107
-66
-881
2943
-1336
-3751
2848
959
-1497
-549
290
1711
-248
-1563
628
1133
-1412
-770
1811
274
-1268
-136
651
292
-315
-425
433
287
-480
-88
783
-333
-760
914
499
-847
126
376
-455
522
-369
-255
618
185
1722
-2387
-861
1792
158
-1350
68
1405
-877
43
379
-409
217
-568
-164
1097
-482
-997
606
726
-778
-122
727
-353
-183
481
170
-413
10
88
130
169
-568
87
625
-550
-111
629
-564
-554
1962
816
-4667
1931
2042
-1253
-934
13
1693
-783
-702
816
281
-1152
-327
1002
65
-146
-610
140
1103
-730
-618
866
259
-931
254
1043
-727
-664
985
168
-650
130
197
205
-311
-549
754
26
-919
432
1219
1553
-4142
574
2596
-1179
-1875
199
2194
-834
-834
1137
175
-1082
32
807
-87
-366
-551
595
624
-784
-106
745
-541
-125
880
-188
-812
587
308
-744
313
57
-499
356
331
-194
103
-318
-227
2263
880
-5526
2079
2307
-1373
-1065
-330
2410
-301
-2117
1315
887
-1772
-510
1496
308
-599
-598
261
1142
-624
-767
835
136
-555
408
254
-533
298
128
-115
331
-154
-572
681
347
-822
380
62
-600
1324
1519
-4016
