382
-465
497
432
-578
-684
768
661
-1314
-479
962
-107
-1104
94
401
576
-94
-803
480
454
-741
-262
658
81
-592
212
457
-104
-177
23
113
-375
305
104
-477
160
380
-341
-153
645
-101
-684
484
483
-599
-155
1023
301
-1462
364
1345
-37
-1767
-885
1159
676
-698
-447
644
526
-423
-296
376
-679
-28
1029
-384
-918
881
472
-989
242
640
-521
-315
568
50
-343
219
-100
57
245
-462
184
491
-781
270
604
-534
201
-597
889
-202
-1121
246
722
-646
-399
1058
-76
-582
450
241
-712
504
282
-469
436
-10
-574
742
165
-817
635
347
-741
402
312
-637
508
139
-440
265
-53
-341
637
-207
577
-364
-722
1863
-368
-2372
82
1568
-868
-276
952
-532
249
284
-766
272
465
-647
-79
412
-196
112
159
-60
240
131
-488
342
319
-673
213
428
-522
194
39
-469
459
169
-211
872
-1203
-33
1480
-1073
-1248
839
275
-65
156
-19
103
384
-270
-748
613
-54
-973
950
238
-928
508
615
-633
-10
405
-385
107
225
-356
116
174
-181
234
-12
-622
665
523
-624
33
-343
1076
74
-1610
81
1433
-687
-1269
1386
373
-870
358
246
-331
179
32
-143
374
-312
-418
779
-135
-867
768
174
-597
453
184
-494
479
-184
-167
546
-427
51
414
-542
313
1016
-1870
954
635
-1665
294
535
-800
225
666
-721
297
686
-933
170
504
-343
-132
222
52
-4
-124
65
496
-256
-500
791
188
-790
488
358
-664
350
71
-495
376
-10
75
1009
-959
-250
1537
-833
-1784
1097
504
-834
235
255
144
132
-409
27
629
-427
-631
519
202
-830
564
310
-574
176
278
-197
66
55
-254
487
-20
-248
511
-60
-717
779
325
-407
358
-845
1500
498
-2462
138
2070
-1284
-1380
1732
276
-1220
610
422
-864
49
368
240
-86
-683
124
966
-581
-894
1034
254
-1192
711
791
-1142
-43
783
-153
-294
-264
409
580
-498
-90
1061
-679
-1592
2638
336
-2740
310
880
102
-335
-506
583
726
-682
-679
645
113
-791
220
313
-45
-149
-47
381
172
-690
6
902
-658
-313
694
-291
-469
710
-341
-66
407
-475
641
385
-731
-1152
1827
232
-2262
638
1337
-1286
-674
1226
468
-1062
182
1303
-1056
-543
1310
-4
-1075
320
619
-529
114
148
-32
58
-28
-58
315
-327
-117
975
-126
-878
654
224
-819
749
546
-567
-222
741
422
-1054
-1158
381
923
-257
-361
798
-94
-166
-59
-480
440
0
-716
623
388
-942
100
993
-615
-530
781
130
-870
444
295
-437
196
71
126
164
-434
-18
963
-229
-1360
1289
669
-1898
-1
1210
-282
-1350
185
1157
140
-906
-116
642
-351
-369
329
-8
-142
153
-239
243
182
-435
-87
671
-230
-553
848
156
-811
458
694
-947
218
489
-299
312
-47
215
-232
-370
496
163
-851
254
702
-1065
-229
1291
-860
-234
1210
-525
-582
722
-98
-671
544
-145
-524
595
-50
-565
364
95
-253
339
-90
22
368
-475
-81
658
-644
-249
614
-249
96
586
-621
-1234
2106
-129
-2204
586
1580
-1109
-718
1085
227
-954
118
1164
-1459
-397
1512
-370
-705
633
-59
-211
526
-262
-410
458
107
-463
476
-172
-171
420
-215
-8
38
-541
355
260
-368
335
855
-1430
719
1217
-2884
-420
2362
-682
-657
596
142
63
-93
71
147
-117
-548
481
348
-460
86
148
-71
224
-88
-392
306
239
-382
138
391
-492
203
197
-547
274
326
-401
578
-170
-788
2077
-631
-2730
1363
1087
-1416
789
317
-581
583
410
-1015
148
639
-571
251
281
-470
210
405
-328
43
382
-447
246
433
-566
-149
638
-305
-541
584
-82
-349
458
191
-166
-879
390
2013
-1465
-1902
1692
848
-2152
-30
1449
-468
-533
614
-287
87
315
-698
223
496
-818
78
927
-616
-461
697
-2
-604
362
121
-198
105
-164
191
235
-644
320
204
-435
642
69
-1998
2190
806
-3406
779
2048
-1659
-519
1501
-116
-682
441
298
-501
-261
328
379
-621
-271
810
-279
-469
622
16
-490
359
101
-187
147
-394
258
473
-671
-132
891
-638
-36
983
-478
-616
1083
-399
-1309
399
314
-375
-70
-105
759
-153
-387
644
-190
-250
281
-34
-262
320
140
-259
247
196
-469
471
136
-632
475
69
-624
561
-55
-564
791
241
-425
665
-996
132
2212
-2196
-1347
2478
-200
-1953
862
600
-359
229
170
-641
256
63
-274
582
-505
-474
829
235
-944
282
604
-512
59
487
-388
-86
409
-96
25
-84
-501
621
103
-190
833
-1058
436
1006
-1034
-1304
1355
384
-1665
1116
580
-967
577
341
-419
98
133
-250
194
-12
-333
474
200
-629
308
606
-789
-42
827
-422
-382
308
-196
159
-69
-274
371
127
-330
698
-556
-1378
3166
-718
-3000
1655
1330
-1723
-132
1110
-434
-202
534
-865
196
202
-232
349
-26
-354
146
207
-160
181
-52
-239
407
387
-707
170
452
-352
235
-86
-272
618
-302
-238
862
316
-1519
566
1452
-891
-1481
712
1247
-961
-832
1193
74
-771
219
269
-515
29
594
-692
-84
630
-561
-116
643
-130
-359
409
-52
-111
427
-508
-36
480
-375
-128
648
-601
99
638
-482
153
315
-1979
2122
315
-2589
709
1558
-1769
-300
1568
-712
-273
562
172
-518
-315
304
691
-434
-587
840
609
-1022
152
826
-627
-458
866
34
-636
135
176
110
-339
-341
580
71
-690
900
238
-1977
1602
1522
-2692
-493
1641
-501
-822
662
34
166
285
-998
651
611
-694
-38
457
-164
-348
19
287
327
-368
-218
665
140
-827
297
511
-877
288
452
-426
116
-27
-101
728
283
-1461
635
2119
-2126
-798
1468
171
-1346
303
1183
-406
-682
686
169
-1022
230
865
-578
-488
573
-20
-165
34
-44
85
181
-312
298
384
-890
98
852
-818
-249
1056
-439
-295
855
63
-1126
-490
2488
-410
-2836
1038
1804
-1398
-1226
1496
294
-782
394
19
-423
668
-95
-600
802
12
-661
672
555
-828
16
538
-447
3
449
-441
95
143
-503
525
48
-732
712
309
-734
994
-1024
233
1536
-1985
-218
1940
-1553
-1009
2081
-260
-1236
995
402
-883
142
215
-115
139
-340
2
496
-256
-425
707
88
-845
528
809
-986
-16
974
-435
-387
272
38
-8
-242
6
762
-1502
882
1761
-2113
-1531
2427
210
-2115
732
943
-614
-13
232
-556
667
260
-602
316
411
-795
113
545
-404
-86
403
-194
106
-14
-529
604
118
-785
552
502
-762
302
302
-304
530
271
-614
580
534
-1203
-277
826
-316
-648
476
726
-363
-496
838
-267
-1098
872
359
-984
193
656
-535
-157
584
-305
-363
480
7
-80
39
-295
397
108
-782
513
526
-845
72
1003
-256
-1709
1304
1770
-1920
-1714
1990
811
-2263
160
1641
-344
-805
407
83
-489
644
-123
-329
365
-235
-199
678
-123
-920
702
532
-800
1
718
-457
-277
568
-173
-151
118
-243
443
201
-767
179
877
-596
-322
1126
-913
-560
627
-147
-318
-76
-71
498
45
-398
216
154
-276
213
303
-383
151
139
-192
247
71
-592
370
343
-766
244
635
-544
-175
646
-424
-252
217
-399
402
794
-531
-631
484
52
-480
-211
380
157
-402
38
642
-563
-78
723
-344
-107
619
-269
-659
739
31
-713
378
477
-503
5
332
-296
156
-71
-293
522
-69
-733
675
296
-871
415
645
-426
269
-432
796
-172
-1254
587
990
-1231
-315
1264
-275
-421
751
-418
-512
645
-305
-105
356
-208
-347
669
-144
-601
616
325
-661
210
535
-654
118
260
-299
377
-86
-340
483
-120
-196
1178
-1208
247
1156
-855
-993
998
41
-1029
704
279
-654
340
158
-378
422
-149
-287
163
-22
-260
217
30
-361
418
-45
-459
557
260
-668
433
410
-597
131
324
-376
429
-198
-13
742
-343
-1601
2551
411
-3036
602
1773
-956
-1054
304
845
116
-817
408
35
-379
243
74
-496
-1
290
-103
-51
166
-293
145
286
-420
245
130
-573
487
301
-1015
504
526
-812
334
670
-497
-4
-602
1396
635
-2261
-498
2183
-858
-1165
1508
95
-775
620
-79
-395
308
-167
-71
475
-440
-223
585
34
-517
264
274
-456
228
295
-447
277
-121
-90
538
-499
-11
594
-459
268
1146
-2407
555
2788
-2736
-1647
2845
-419
-1927
1065
669
-702
-19
326
-225
-140
-80
450
88
-724
83
908
-452
-686
857
402
-1037
424
799
-706
-78
628
79
-223
-133
95
447
-439
-21
1442
-1455
-612
1925
-954
-1410
1207
486
-1194
201
427
-312
446
-348
-542
822
13
-551
304
234
-366
-15
332
-206
88
-26
-314
567
-7
-534
545
100
-571
516
-135
-326
636
-318
-160
376
-354
167
682
-1738
1641
589
-2555
514
1305
-1272
-151
847
-407
141
517
-882
197
267
-353
459
-53
-363
226
239
-364
282
119
-342
358
347
-423
62
101
-261
452
-294
-443
810
-177
-308
952
55
-939
-723
2371
102
-2637
13
2320
-828
-1867
1612
511
-1205
705
342
-994
235
844
-793
-257
630
-466
-47
638
-188
-588
570
15
-346
481
-91
-366
396
0
-285
483
-466
-198
963
6
-391
129
-726
1450
42
-2416
670
1556
-2007
-157
1890
-861
-705
1046
-122
-651
57
113
97
87
-634
190
583
-363
-511
901
-107
-893
964
333
-1006
366
586
-369
-43
11
96
61
-145
309
505
-1881
1343
2031
-2403
-1221
2123
-242
-1584
701
527
-406
369
-426
-295
752
-398
-227
307
18
-446
-61
266
115
-240
-75
395
259
-750
260
565
-1054
375
581
-625
279
-44
-277
819
108
29
-749
1071
378
-1440
-544
1049
-643
-696
1497
19
-1152
943
927
-1753
-48
1417
-754
-468
441
14
-240
233
-9
-198
340
-34
-83
578
-250
-527
742
43
-874
635
260
-700
497
520
-322
-272
-209
1128
185
-1797
-68
1394
-691
-990
1141
80
-292
232
-141
105
169
-429
50
686
-534
-579
846
115
-1072
684
309
-739
447
387
-401
46
-117
80
363
-686
37
656
-360
459
-328
-851
1838
-918
-1926
2004
-358
-1616
1391
644
-1369
356
943
-1044
115
375
-6
-27
-202
66
473
-263
-330
711
-69
-696
506
688
-1010
-128
1132
-363
-670
495
-2
-177
-123
-109
520
120
-1100
377
1942
-1579
-1611
1595
201
-984
-118
489
417
-305
-565
423
259
-444
486
443
-619
-100
264
-133
66
16
-138
236
140
-511
311
133
-591
399
405
-648
218
194
-679
614
314
-384
-536
1253
383
-1391
-322
962
-137
-1082
468
1101
-914
121
835
-552
-289
571
-219
-158
524
-241
-546
739
203
-920
317
466
-500
-110
437
-211
-108
1
-341
407
226
-675
302
577
-925
354
1408
-2136
333
1687
-1411
-911
835
264
-264
-7
-73
446
462
-958
-83
667
-274
-21
66
81
15
-212
-18
468
-108
-665
480
628
-698
-255
555
-389
-83
390
-299
186
21
-274
857
-148
-1302
576
2225
-1891
-1695
1548
981
-1526
-652
1571
162
-1043
475
598
-700
-285
656
-9
-580
252
-32
214
-61
-331
165
399
-568
48
853
-660
-394
931
-303
-672
877
-287
-267
930
375
-1347
-361
1850
-857
-1976
1201
1331
-1522
-568
1362
-206
-871
800
-102
-541
753
-134
-668
647
251
-820
371
659
-582
-218
680
-113
-347
367
-269
187
220
-470
265
497
-791
44
971
-569
-759
752
934
-1259
-840
839
494
-1213
-713
1478
394
-1039
68
723
-378
-66
-19
57
357
-471
-226
711
8
-1109
629
807
-829
-326
909
-333
-576
698
-82
-187
115
-170
398
-155
-697
1002
514
-2829
2017
2153
-3235
-841
2140
88
-1331
-23
831
220
-401
-168
159
212
-257
86
-21
-116
147
-122
157
210
-370
-361
725
133
-572
318
256
-528
355
302
-756
477
203
-454
643
-76
117
-549
32
1310
-1120
-1194
1307
432
-1595
342
1240
-1198
122
1086
-993
-370
727
-400
-421
518
-240
-345
388
107
-457
377
-101
-262
467
-106
-252
589
-137
-550
946
82
-864
547
593
-712
487
499
-1361
621
1758
-1259
-1324
1011
745
-1092
-413
804
14
-430
342
-5
-591
610
278
-807
159
404
-700
288
570
-601
-524
755
187
-686
283
187
-89
105
-236
257
366
-909
151
1264
-595
-548
-345
940
1673
-2538
-1739
3002
366
-2738
497
1671
-704
-860
915
-182
-313
163
-124
610
-447
-652
1065
241
-1036
328
831
-842
-60
892
-458
-572
650
279
-340
-79
-206
594
-61
-537
1002
493
-2242
536
3083
-1532
-2548
1301
1800
-1275
-1406
1277
924
-877
-317
648
-370
-185
583
-30
-404
0
-23
1
281
-278
-171
428
15
-378
488
-97
-929
875
452
-892
290
556
-793
685
460
-948
-594
2417
-595
-2161
566
1307
-932
-1100
1124
728
-933
-106
777
-616
-176
561
-306
-98
392
-310
-141
666
-128
-609
435
324
-407
187
75
-321
475
-126
-605
707
-41
-639
799
402
19
-843
34
1122
14
-1639
73
1637
-1037
-824
1081
86
-596
596
-179
-560
437
121
-503
361
-73
-393
539
104
-741
355
518
-707
246
430
-326
-255
436
-107
-13
33
-538
491
353
-433
625
-5
-1820
2394
-3
-2787
999
1631
-1649
-208
1139
-685
39
768
-685
-112
383
-45
141
46
-188
184
130
-333
342
24
-632
309
704
-869
-147
629
-306
-169
163
-59
126
-68
-304
919
399
-2200
882
2840
-2278
-1880
1968
1042
-1896
-330
1271
286
-975
-43
794
-743
-10
753
-222
-270
144
-81
88
80
-286
76
198
-111
-218
596
-479
-439
1088
-188
-574
719
-327
-391
905
-419
-288
1311
-1743
345
2505
-2624
-1499
2314
146
-1598
294
805
-221
-277
445
-295
-569
-72
1065
-264
-823
581
512
-575
-227
472
-86
-256
246
273
-200
-282
-195
616
136
-901
488
592
-939
454
1107
-2287
1065
1661
-2011
-893
1618
-317
-1130
570
245
71
-9
-205
169
211
-317
-21
178
-81
89
62
-111
138
199
-514
265
477
-504
-5
261
-511
132
270
-530
315
238
-370
784
641
-2244
1360
1689
-2405
-796
1570
110
-1029
28
491
375
-582
-51
545
-538
-29
388
-114
-244
72
-57
286
92
-356
-19
387
-153
-436
595
-118
-243
654
-175
-585
672
-168
-402
953
198
-1703
1089
1625
-2224
-666
1374
6
-1106
246
876
-442
-565
394
-3
-460
534
403
-820
60
439
-498
-2
370
-208
-35
239
-4
-24
129
-466
183
489
-702
161
599
-922
162
797
-45
-124
-721
881
-110
-877
-259
54
173
-137
824
15
-418
573
-41
-529
320
16
-382
482
169
-417
142
449
-577
-130
736
-267
-216
394
-31
-256
231
-173
-155
475
-221
-70
868
-290
-1607
1967
411
-1954
11
1185
-175
-1010
-1
709
116
-656
-112
728
-59
-560
450
-40
-372
-23
242
207
-11
-295
121
652
-284
-455
662
-97
-588
750
-100
-570
589
-48
-204
575
146
-759
-108
1675
-1302
-1391
895
765
-1155
-542
1293
-92
-905
935
-147
-1034
785
432
-841
210
560
-545
63
599
-418
-106
373
-149
13
76
-516
331
394
-580
202
455
-724
-12
752
12
-1071
260
1177
-642
-1161
295
1154
-837
-885
1085
416
-833
324
-19
69
384
-465
-1
663
-491
-567
1003
75
-1016
554
733
-813
125
418
-334
-7
104
-60
263
-329
69
675
-39
-40
-410
-700
2693
-748
-3164
2397
1436
-2783
39
1664
-657
-655
1120
-319
-833
725
115
-54
-107
-519
635
383
-775
170
545
-602
-107
738
-300
-503
595
52
-412
232
-368
249
173
-382
384
321
-624
-111
1082
-245
-1539
250
1088
-415
-865
848
731
-878
148
834
-727
-273
909
-88
-625
375
120
-487
330
145
-409
57
260
-200
182
-234
-441
734
-6
-763
493
600
-1087
372
889
-332
-795
667
611
-958
-563
774
70
-1029
376
869
-394
-405
564
-386
-19
545
-316
-124
469
-472
-244
872
-152
-827
614
651
-826
-128
717
-375
-241
430
-96
38
-237
-484
594
275
-918
530
861
-1328
429
1121
-1278
-719
778
-108
-224
-154
-44
591
46
-618
354
337
-552
302
162
-342
-34
58
60
272
-242
-282
918
-14
-859
540
424
-1039
412
438
-401
291
-131
91
460
-380
133
-1035
1792
321
-2407
-109
2222
-743
-1983
1495
925
-1533
180
1051
-1117
-273
770
-150
-121
16
-141
503
48
-494
262
395
-627
127
800
-733
-453
1134
-358
-755
577
83
-244
294
-202
205
630
-1676
364
2161
-1514
-2025
1745
667
-1260
-127
388
504
-242
-422
481
-31
-440
459
73
-659
384
365
-207
13
294
-207
-154
347
-118
87
-138
-289
528
-114
-851
766
236
-809
664
483
-589
-993
1097
1043
-1950
-631
1894
-429
-1280
853
711
-777
11
810
-885
-210
735
-437
-150
378
-456
96
668
-727
-277
925
-251
-655
687
18
-580
565
-28
-230
287
-367
202
137
-334
864
-453
-1233
2169
435
-3045
454
1971
-1273
-639
1081
-34
-180
108
-245
275
210
-260
110
104
-277
55
189
-131
254
-53
-353
398
172
-739
186
538
-487
108
346
-356
58
147
-337
597
-44
-263
-1068
1369
1372
-2554
-858
2249
45
-2022
505
1710
-1099
-744
1445
-636
-835
961
189
-481
-8
-6
45
48
-217
-147
606
-286
-466
800
-74
-953
785
300
-648
481
226
-378
238
206
-510
939
-363
-1235
1968
179
-2068
17
1258
-461
-677
426
357
-63
-392
390
-65
-630
554
357
-623
-196
459
-92
-359
336
-26
-315
248
230
-377
66
173
-151
440
-378
-107
747
-641
-232
1134
-245
-1563
1276
1546
-2098
-532
1189
-16
-697
-40
648
217
-519
-73
319
-309
-175
129
-119
250
-48
-473
541
228
-769
71
820
-612
-285
826
-228
-385
458
-217
3
87
-492
658
134
454
-590
-1220
2124
124
-2869
688
2105
-1565
-1075
1972
-114
-1119
947
385
-907
43
535
-241
-369
17
-87
196
-114
-356
616
-103
-623
707
223
-1002
514
420
-630
372
230
-317
272
213
364
-306
-585
1633
-383
-2323
1280
1153
-1685
58
1206
-576
-339
961
-1022
-541
1297
-555
-606
772
-56
-720
524
246
-525
333
297
-278
195
151
-573
461
139
-708
666
235
-758
317
462
-686
216
807
-136
-932
983
245
-869
-772
685
609
-892
95
485
-271
0
243
-609
105
671
-508
-369
784
-355
-529
799
69
-914
632
475
-593
133
324
-275
52
105
-130
597
-402
-408
967
69
-389
-712
862
1686
-2034
-1417
1837
579
-2152
153
1842
-748
-719
951
-369
-477
145
-192
283
36
-550
362
541
-722
-151
878
-458
-180
812
-385
-436
521
-175
-166
159
-176
367
21
-363
425
506
-441
-991
885
1110
-1865
-898
1811
252
-1483
372
1168
-410
-506
654
-746
37
715
-409
-199
377
-192
-202
455
-213
-252
291
-37
-219
679
-471
-473
802
12
-714
581
54
-421
589
116
-320
-135
-732
1764
-375
-2217
1034
1296
-1519
-182
1080
-642
-154
828
-651
-317
719
-483
-1
500
-507
-110
726
-209
-421
338
-39
-168
319
-193
14
286
-363
70
299
-576
230
326
-393
469
956
-1831
58
2841
-1777
-2198
1723
1024
-1530
-477
1319
168
-935
709
446
-917
150
783
-454
-415
531
-32
-466
400
179
-629
-43
621
-125
-345
51
-66
333
-77
-482
295
384
-858
490
1089
-1322
-766
2811
-1041
-2190
1304
572
-873
-274
617
224
-44
-283
11
119
-260
207
198
-168
43
-147
-82
307
29
-554
166
654
-430
-552
740
-32
-621
561
131
-252
219
-231
142
534
-430
-236
-266
1185
273
-1549
-472
1539
-218
-1539
942
575
-866
315
457
-777
315
743
-909
107
673
-713
36
701
-366
-281
262
-161
372
-4
-532
446
215
-668
482
222
-575
593
96
-167
628
-594
-1686
3174
-99
-3253
909
1980
-1328
-1037
884
682
-702
-175
785
-601
-636
861
172
-716
152
466
-349
23
238
-331
-15
223
-81
267
-223
-478
680
192
-835
369
446
-710
869
658
-1223
-300
1588
228
-2032
-310
1854
-421
-1209
558
914
-351
-502
242
-189
322
101
-589
404
337
-798
34
1014
-414
-816
822
693
-900
-70
617
-538
44
247
-227
159
-173
36
801
-477
-391
1087
-1007
-162
2109
-2034
-1236
2297
-475
-1332
994
132
-568
795
-90
-1243
654
495
-699
237
4
-151
143
-4
-147
381
-277
-272
765
67
-935
520
548
-767
339
11
-308
420
-64
87
223
-241
650
-1069
-280
2937
-1828
-2856
2540
1333
-2565
117
1345
-480
-214
388
-669
59
818
-422
-199
620
-667
62
841
-669
-95
452
-197
113
148
-351
171
-19
-148
521
-115
-589
635
180
-516
939
283
-1445
-303
3040
-1382
-2581
1504
1582
-1754
-557
1341
151
-988
792
365
-1478
760
555
-761
154
310
-434
71
527
-364
-445
684
-20
-190
346
-214
-36
375
-474
227
563
-723
-158
871
-19
-390
-960
1158
1320
-2107
-1177
2061
185
-2089
876
1275
-942
-218
898
-569
-48
390
-356
148
164
-414
215
454
-637
-68
722
-482
-395
846
-167
-730
640
187
-581
312
78
-6
253
-330
-23
490
-230
-23
-672
1315
-80
-1831
13
1868
-904
-1635
1426
678
-1211
427
528
-968
329
649
-623
107
300
-468
252
305
-470
25
218
-460
326
518
-805
-76
939
-486
-606
792
-145
-286
399
-174
-65
-58
-277
999
-312
-1224
1645
135
-2233
732
890
-1031
111
428
-6
240
-76
-288
421
-88
-385
224
94
-430
181
224
-194
33
30
-196
372
-69
-545
570
66
-645
423
301
-639
468
305
-551
573
717
-2340
842
3084
-2551
-2045
2617
543
-2020
-137
1275
216
-1098
702
505
-1234
255
874
-620
-417
581
-45
-281
127
18
-454
246
248
-152
184
-209
-56
606
-355
-421
805
-143
-493
755
40
-748
936
-358
-223
1117
-915
-1060
702
-55
-662
187
-84
-78
643
-354
-49
298
-283
182
-180
-315
231
68
-426
382
363
-599
29
757
-571
-179
506
-413
-76
312
-393
227
-99
-241
929
624
-2332
1741
1368
-3236
283
1528
-1115
-33
521
-13
165
-53
-197
16
-20
-7
193
-327
-213
373
-125
-93
251
-119
-218
320
124
-353
343
65
-187
528
-91
-611
597
243
-643
838
719
-1736
-580
3214
-1038
-2840
1370
1553
-1432
-952
1180
595
-1296
216
917
-861
-240
887
-14
-606
291
229
-136
59
-15
-265
356
-15
-184
392
-271
-397
751
-234
-456
901
12
-763
598
210
-507
816
-881
733
1196
-2369
-615
1823
-799
-771
1218
22
-587
566
-20
-423
-245
6
621
-126
-698
234
460
-543
-110
615
-181
-361
641
141
-507
2
34
313
-113
-656
802
-23
-925
1024
726
-1756
-255
3043
-843
-2803
769
1377
-714
-887
717
782
-295
-258
245
58
-242
31
-130
36
310
-493
122
658
-468
-578
748
191
-803
640
297
-736
157
443
-558
234
188
-350
732
108
-426
459
-1090
1698
91
-2484
804
1605
-1711
-511
1761
-947
-572
1206
-376
-1042
588
67
-252
90
-209
142
397
-262
-217
425
-248
-315
707
-81
-445
625
-29
-272
372
-281
-175
328
-240
376
817
-1797
-146
2860
-1758
-2395
1596
891
-1465
-170
939
111
-336
-77
408
-154
-478
469
250
-547
-52
395
-55
-245
332
-56
-383
250
292
-328
44
-148
346
367
-653
194
551
-861
81
1134
-359
-820
97
1598
-889
-1639
464
1229
-933
-723
949
184
-637
581
116
-789
583
359
-568
406
103
-714
547
488
-716
125
571
-590
-70
549
-349
-239
476
-312
54
221
-627
245
393
-220
671
-921
-114
1517
-944
-1252
980
157
-965
726
115
-363
456
29
-218
184
-81
-100
301
-239
-356
326
134
-355
296
-76
-216
526
-72
-368
435
-207
-278
614
-292
-253
437
-250
56
752
-2297
1444
2461
-2664
-1603
2110
683
-1716
-328
1459
119
-1115
608
257
-1126
440
559
-565
-164
166
-176
185
84
-287
149
123
-296
159
372
-727
102
976
-648
-415
747
-574
-12
617
-283
-32
410
-1104
1309
703
-2446
-185
1757
-625
-851
702
226
-55
224
-346
15
23
-145
452
-186
-289
290
239
-365
71
254
-386
104
452
-293
-195
286
-114
68
101
-527
462
214
-546
675
156
-716
-99
1315
-742
-872
391
155
200
-531
-52
917
-349
-232
456
-287
-185
434
-150
-188
368
-409
-319
902
-185
-766
533
495
-784
220
424
-496
329
271
-332
247
-57
-477
725
-172
-19
741
-906
452
705
-1653
-63
1118
-589
-526
697
-348
96
429
-771
267
413
-452
-132
173
-309
-103
242
-58
14
158
-231
201
319
-540
31
504
-656
183
378
-651
273
309
-325
439
296
-1594
375
2789
-2433
-1827
2265
829
-2056
-392
1967
108
-1415
542
916
-1351
-262
1346
-292
-767
334
429
-116
-181
-42
170
239
-301
-35
565
-388
-520
898
-64
-906
803
283
-745
531
283
-746
682
926
-1707
948
883
-1539
-196
636
217
-784
-93
888
-394
-233
386
-120
-425
271
272
-506
-111
587
-277
-230
325
-28
-462
522
186
-491
301
222
-240
190
81
-354
643
-174
-398
924
40
-1947
2271
812
-2868
353
1634
-1032
-865
714
171
139
-106
-146
74
8
57
-264
-167
216
30
-327
298
188
-547
-109
805
-429
-394
704
-60
-309
354
-194
-140
371
-489
249
795
-343
-672
-344
1650
51
-2931
434
2272
-1513
-1268
1756
331
-1252
596
571
-1034
443
366
-418
126
19
-292
294
237
-473
400
186
-424
342
283
-783
447
465
-787
253
394
-483
260
99
173
872
-716
-2046
3629
-141
-3983
1546
2138
-1652
-849
1377
304
-755
-2
517
-372
-665
433
760
-768
-740
903
310
-887
12
828
-427
-444
560
275
-380
-279
381
512
-446
-455
897
115
-1070
730
432
-960
1347
-921
-1078
2642
-415
-2718
1281
1731
-1711
-585
1173
-112
-269
271
-183
73
58
17
374
-169
-518
349
664
-614
-118
653
-411
-254
690
-175
-516
184
2
300
-162
-330
365
132
-615
348
242
-702
914
20
-1141
1889
-505
-2226
1678
911
-1689
180
1048
-677
235
329
-614
158
433
8
-96
-178
23
263
-291
-244
396
-82
-473
663
95
-703
369
213
-57
237
-453
60
509
-554
184
802
-1706
628
1953
-1895
-1046
1483
-112
-772
-27
288
480
-210
-772
531
502
-732
243
347
-144
-293
-36
401
128
-498
7
1056
-131
-746
711
96
-927
708
-51
-198
727
-533
143
591
-529
438
-752
689
205
-1516
54
1022
-900
-441
1260
-387
-575
943
-189
-1137
1031
278
-1095
481
811
-657
-208
799
-236
-592
505
271
-138
172
-236
121
370
-572
-11
623
-311
-540
992
-4
-805
1086
-373
-246
887
-1027
-639
1070
-260
-770
689
167
-537
614
-82
-432
276
130
-333
121
-94
-225
629
104
-600
428
597
-729
17
683
-689
-61
598
-212
-74
-105
-328
648
-2
-307
919
-318
-1697
2537
-17
-2893
1246
1558
-1330
-232
768
-208
212
262
-599
18
427
-228
199
-126
-79
119
-124
26
237
-179
-291
598
192
-609
280
249
-390
536
-306
-225
691
-396
-73
814
-387
256
-869
226
2044
-2090
-1804
2467
192
-1889
680
739
-611
16
619
-1064
382
895
-806
-7
581
-559
80
507
-473
199
205
-303
301
51
-563
321
315
-401
377
164
-594
529
-18
-129
1342
-1601
-14
1919
-2087
-902
2121
-889
-996
1219
81
-263
406
-470
-145
290
-358
176
304
-586
-65
691
-277
-677
652
379
-1034
508
768
-800
-182
460
35
-26
-371
272
829
-438
-152
1211
-1289
-968
3464
-1479
-2877
2220
1016
-1780
-78
1032
-201
-50
287
-380
-120
293
-345
230
-2
-373
291
163
-414
326
61
-533
644
388
-836
85
768
-555
-66
369
-289
304
-89
7
940
-991
-24
1235
-995
-1090
1032
157
-792
411
57
-71
431
-617
55
622
-553
-350
475
-99
-443
301
51
-202
160
-75
85
97
-401
279
342
-705
396
603
-743
98
458
-575
263
363
-50
-15
-1393
1859
1055
-3349
-39
2629
-834
-1320
988
480
-498
465
-468
-229
607
-307
-186
455
-412
-485
820
84
-837
272
651
-684
111
396
-324
86
-100
35
406
-588
-35
783
-101
-446
418
85
159
-597
528
178
-939
-324
894
-180
-780
545
170
-379
351
211
-835
336
526
-653
93
482
-488
14
557
-545
-253
757
-254
-444
535
25
-539
438
22
-93
331
-363
95
509
-358
46
503
-1586
1757
1329
-3231
81
2431
-1732
-856
1277
-236
-116
374
-360
92
238
-178
14
207
-281
71
319
-189
19
254
-294
166
406
-614
-25
479
-318
46
199
-437
371
22
-575
642
398
-1246
546
969
-1266
-892
1111
351
-984
-329
738
441
-781
193
517
-523
-106
503
-341
-254
390
-152
-220
245
12
-334
403
-163
-173
602
-325
-172
568
-473
-166
681
-678
-164
965
-329
261
-886
-21
1787
-1726
-1690
2256
258
-1764
618
764
-591
84
421
-674
455
110
-520
465
79
-660
323
785
-830
4
722
-295
-153
322
-306
139
30
-252
569
-211
-415
700
-289
-21
864
-101
-1869
1712
1352
-2988
-76
2030
-584
-1157
724
482
-356
-207
471
-352
-440
562
201
-640
149
370
-529
141
448
-213
-316
495
39
-267
249
-91
-112
378
-185
-286
572
-411
-271
897
-87
-3
-1165
776
1852
-2153
-1483
2171
256
-2101
787
1210
-1151
-25
1067
-955
-180
695
-185
-250
191
-68
35
364
-473
24
569
-512
18
763
-599
-338
711
-358
-147
507
-233
-176
344
-59
223
-1026
738
1506
-2183
-864
1919
-220
-1713
1024
621
-560
219
-157
-522
946
-424
-553
992
-41
-944
593
626
-819
109
547
-232
-34
211
-192
248
-228
-196
715
-422
-435
848
-169
145
469
-2163
1347
2307
-3279
-1216
3090
-753
-2134
1359
649
-782
-103
544
-100
-286
65
261
4
-658
37
711
-191
-573
583
249
-637
452
195
-488
241
91
45
11
-411
190
432
-649
276
860
-170
-1007
705
767
-1515
-455
1261
-705
-533
414
487
40
-569
750
-249
-654
648
49
-609
257
168
-350
337
341
-442
30
464
-417
32
517
-616
81
683
-592
-138
447
-441
-65
691
257
-779
-653
2105
-148
-2872
583
2093
-1806
-770
1747
-117
-898
1060
-211
-921
947
-66
-562
423
101
-559
532
-63
-460
558
72
-355
415
-36
-556
555
-227
-199
624
-270
-204
302
-90
126
167
-1496
2405
381
-3525
734
2395
-1733
-1054
1431
335
-575
-15
85
243
-250
-290
755
208
-762
275
592
-519
-153
634
-320
-184
367
-251
53
-110
-119
405
-283
-400
904
-83
-681
836
728
-1821
283
1756
-1237
-1201
1061
334
-841
-56
271
490
-187
4
-121
-133
383
-40
-530
321
338
-576
75
606
-289
-801
712
472
-891
164
638
-505
-120
185
-206
389
-202
-348
952
16
-581
271
-503
1437
-102
-2292
730
1890
-1639
-709
1805
-434
-1083
1248
83
-1242
676
244
-502
277
-3
-133
193
-51
-225
328
-192
-354
719
-123
-770
862
115
-625
331
81
-103
55
-305
1393
-892
-549
1138
-94
-1533
483
940
-1183
70
761
-704
261
343
-683
490
400
-556
-22
663
-431
-258
658
-274
-281
508
89
-255
25
-214
211
175
-562
242
475
-644
-43
658
-517
13
498
-924
1095
18
-2066
682
1253
-1199
-439
1177
-314
-325
552
-308
-177
176
17
143
-81
-177
383
54
-479
283
446
-620
49
787
-372
-533
560
142
-244
-135
-201
457
46
-536
493
186
-46
25
-910
997
926
-2254
-395
2225
-633
-1651
1270
764
-1167
251
581
-939
378
342
-431
186
-40
-102
420
-190
-446
605
-25
-467
573
270
-926
429
192
-333
332
-264
154
319
-558
211
806
-704
-793
1722
-836
-1409
911
460
-665
-173
489
389
-527
130
491
-547
-317
733
-105
-699
575
212
-365
203
193
-291
175
54
-223
531
-193
-533
629
124
-850
655
279
-978
650
266
4
-115
-505
679
137
-1283
45
1148
-748
-656
1073
-70
-421
492
-99
27
152
-375
-114
582
-444
-582
709
88
-861
440
417
-464
94
191
-234
248
-194
-67
575
-527
-151
635
-201
-88
783
-1184
1285
669
-2662
473
1767
-1571
-582
1377
-210
-628
752
-162
-426
96
36
275
-247
-318
446
161
-660
190
685
-499
-427
821
-181
-656
570
71
-174
3
-178
458
-147
-584
657
394
-548
-801
901
595
-955
-966
995
834
-1538
-49
1328
-319
-653
658
94
-670
536
154
-470
234
-63
-247
527
-65
-618
563
189
-563
564
219
-782
444
340
-777
564
258
-578
579
183
-69
386
-1602
1732
1280
-2991
-291
2364
-699
-1443
1053
244
-194
165
-278
-93
250
-432
9
481
-342
-389
518
238
-576
250
163
-236
312
83
-101
247
-371
128
499
-723
-185
680
-242
-332
1354
-904
-886
1693
-455
-1735
544
765
-930
51
512
-275
61
193
137
-314
17
398
-172
-392
