-1983
2323
67
-2131
1836
-699
605
-496
-18
1078
-932
-1118
1390
-347
658
-690
-888
2161
-2387
1943
-25
-1160
962
88
2277
-2270
-3392
1416
1033
439
-313
-2052
3802
-721
-2187
1126
-598
2240
-1559
-1055
1630
-253
-462
60
-65
348
189
-1103
1324
-624
109
612
-1679
2330
-1153
-865
1511
-1411
1098
180
-1814
1797
-1052
1937
78
-1451
1744
-2438
2280
-499
1663
-3353
-1824
1523
2508
-699
-1601
1498
119
-481
-702
821
193
-1821
1937
-992
1350
-1724
1513
-626
9
705
-972
328
-34
7
179
-498
1195
-1364
1167
-1239
1600
-1550
1554
-1152
-48
458
142
948
254
-591
-4140
3281
-174
1095
-3466
3518
-238
-1366
418
20
574
-1467
1301
-123
-946
630
-582
1663
-1914
1068
199
-1391
2484
-1877
403
805
-1234
944
-493
-706
1483
-1353
-151
1655
-1846
2249
-1569
-137
2176
-2235
1007
652
742
-2179
-2488
437
2527
294
-532
-1368
2297
-240
-1669
611
-1119
2417
-962
-1732
2222
-873
120
259
-401
625
79
-1523
1575
-2
-1052
1492
-1682
1189
269
-1591
2254
-1615
271
169
-909
1820
-497
-910
804
-658
631
-345
-427
1729
113
2023
-5481
-1380
3167
535
-104
-2129
2463
945
-3739
2829
-320
-47
-1256
1145
353
-1766
1999
-1324
878
-1350
1706
-432
-652
342
201
213
-474
137
619
-2167
2081
-1061
1320
-1825
1331
461
-1262
1112
-906
279
983
523
-1438
-2876
1641
1371
257
-2281
2691
-684
-319
-1373
2026
-483
-1414
1538
-389
-191
2
-293
1361
-1826
1581
-1460
719
242
-871
1656
-1608
1108
-807
639
120
-1227
1662
-1583
1450
-1291
1026
-1562
1081
790
1160
-385
-3688
477
270
1851
-787
-1029
2502
-1933
1360
-2288
2790
-1247
-909
847
225
-207
-1155
1710
-789
-558
987
-234
437
-1136
1075
-416
-891
2022
-1641
701
-1358
1811
-909
171
867
-1729
1876
-1518
1531
-1980
2328
-72
-2381
-723
1813
305
-1811
1204
824
-495
-1380
930
1140
-2019
1043
-518
1086
-1684
1387
-529
-329
1061
-1333
1143
-476
-34
465
-379
837
-1526
1293
-674
495
-289
-503
746
-679
1275
-1214
272
364
1939
-1467
-3771
709
1573
1391
-3128
3172
-1107
-197
-956
2156
-871
-1109
1011
-33
-122
-322
104
825
-1770
2016
-1143
714
-741
184
1364
-2207
1841
-1018
632
-416
-765
1811
-2214
2471
-1415
727
-798
-103
1614
-191
899
-2622
-1627
1391
1436
-768
-955
2462
-1176
-413
-714
2310
-2616
812
1078
-929
349
-709
1628
-1646
594
802
-1191
239
248
-217
711
-1762
2745
-2158
852
-602
698
-25
-929
1710
-1328
-77
454
560
1690
-2875
140
-1037
1404
-1984
2133
-247
594
-1281
744
890
-2109
1277
-93
-48
285
-1571
2178
-2123
1588
-631
297
-382
-117
1463
-1461
756
-243
52
-54
-525
1714
-2175
1279
-316
207
-8
-332
1739
-1088
665
-2110
60
795
-461
1382
-639
209
-1472
2465
-1347
-858
278
1962
-2097
83
878
-211
-122
-217
844
-497
-1080
1985
-1266
1237
-2181
2154
-678
-911
1159
-1020
537
-898
1179
-32
-886
863
-848
1248
-108
2153
-3883
-306
-470
1833
-262
-435
710
290
340
-2049
1831
-97
-572
-507
594
1331
-2671
2426
-1090
492
-803
563
613
-792
-336
920
-339
28
-535
1130
-1638
571
939
-756
741
-1255
2228
-1869
670
469
-250
1671
-3066
740
-1312
2278
-1404
885
437
-502
-213
-207
576
-652
127
467
-37
29
-713
1495
-1351
2169
-1881
1388
-1688
1505
-360
-479
1035
-1266
715
-250
607
-698
-1425
2946
-1563
889
-563
-414
1291
104
1236
-2837
-1233
303
701
829
-219
-509
1881
-2453
1370
712
-2162
2252
-1512
511
38
-915
1573
-1162
-442
1086
-309
-70
289
-1019
1153
363
-1353
1423
-1326
1069
-654
-902
2201
-1268
-366
-130
42
1844
-980
-542
1385
-1633
3535
-1679
-2972
-149
-244
2755
-483
-161
-117
-150
288
-158
-443
229
278
307
-1028
-357
1973
-1534
742
-524
-330
1899
-1906
597
-134
346
34
-857
1322
-854
-193
766
-930
1105
-2135
3221
-2240
1395
-991
317
512
1169
629
-4275
-729
1686
1897
-2319
822
863
67
-1237
488
1591
-2672
1606
-812
1183
-953
-292
1179
-798
354
230
-692
1662
-2326
2301
-1552
720
-343
-687
1419
-1617
1042
-387
549
453
-1359
1977
-1986
3062
-1367
-1400
-2089
2389
293
-1426
1333
1170
-1065
-1393
1793
7
-2534
2396
-1017
834
-1169
1200
-503
-828
1695
-1004
808
-1338
1303
-382
-269
983
-1314
993
-801
362
492
-1391
2045
-2365
2349
-933
1184
1278
-4274
-412
389
2864
-1857
-351
1184
740
-2087
680
1356
-1604
676
-889
2138
-1815
192
996
-1192
383
498
-700
1317
-2172
2055
-1116
-39
892
-1281
802
-1196
1814
-966
-278
997
-823
1227
-1570
2041
-945
305
-1661
-935
1299
98
1061
-1467
1442
-172
-1069
601
-861
1738
-2636
2007
-329
-127
-314
356
131
-782
1506
-783
-343
31
819
80
-1232
1773
-2286
2230
-1430
959
-927
-70
1295
-1196
945
-244
2101
-1516
-3230
197
1576
675
-1234
1774
-751
-221
-372
1474
-2083
1352
-456
-170
535
-735
882
-899
313
1284
-1910
1844
-2050
2457
-1446
83
624
-1205
730
-508
856
-355
-1194
2142
-1415
1699
-1769
2015
-556
668
-3598
227
1546
674
-982
-296
2485
-2700
449
638
-423
591
-1619
2600
-2079
867
104
-158
87
-486
956
-571
-411
1007
-470
567
-1244
1426
-1597
917
289
-1003
1048
-1239
2158
-1575
384
942
444
168
-4577
1899
-330
2147
-2215
1341
815
-1335
162
-62
1147
-1036
-384
792
-351
-38
-713
1787
-1747
593
615
-920
1387
-1854
2485
-2017
781
251
-1276
1274
-1055
1179
-1181
690
848
-1154
1236
-1002
2542
-2653
-2085
1386
1068
-201
-918
1872
-852
-636
-652
2329
-1790
-80
1016
-1029
1072
-1318
1779
-1133
-393
1013
-360
-239
443
-443
1020
-1593
1680
-1068
536
-1081
701
984
-1736
1438
-703
797
-913
16
1397
-167
2035
-5507
580
-195
3285
-1185
-999
1990
-1131
-82
-411
938
-42
-1607
1186
-89
691
-1527
1316
-486
-410
1259
-1250
1690
-2210
1885
-729
-86
621
-1149
522
-109
-8
727
-1855
2554
-2165
2195
-1373
832
911
-1774
-1466
-26
1957
-609
20
-319
1408
-1675
539
351
-636
562
-1243
2130
-1291
-69
832
-1226
1177
-696
774
-688
-500
1607
-1385
1658
-1498
934
-1123
1202
-231
-513
237
-413
1436
-1532
1839
-1619
3539
-2731
-3395
603
2453
646
-2582
1634
1028
-1551
-30
645
791
-2255
1754
-622
503
-1087
742
380
-1181
1844
-1388
880
-953
1125
-279
-577
735
-954
-80
975
-736
1073
-2487
3278
-1686
710
-232
-354
1161
395
-1357
-2476
1118
923
444
-1217
1663
16
-1666
1061
-757
1314
-1678
1051
207
-834
1137
-883
526
-36
-584
1386
-2293
2851
-2108
1087
-266
-504
635
-710
971
-1061
297
632
-761
1138
-1527
1644
-1144
3660
-4631
-538
92
1854
-110
-1325
2338
-1507
41
-133
652
360
-1686
1397
-1026
1718
-2187
1574
-580
157
21
-319
647
-143
-323
315
-381
817
-1552
1793
-1131
275
-950
1434
296
-1147
989
-1045
1146
-313
1632
-1426
-2443
807
887
225
-483
666
499
154
-1020
167
-3
153
-405
68
1347
-2255
1501
69
-663
1064
-1654
2466
-2264
1226
-35
-157
81
-475
867
-702
-259
1155
-1252
1343
-1826
2197
-2072
1514
175
911
-2419
-289
1484
-1615
418
-367
2630
-2015
-466
1476
-1378
1315
-2004
2223
-951
-415
202
518
152
-1005
845
-19
-578
885
-938
1500
-2363
2110
-947
99
-160
-203
911
-1550
1774
-1069
5
637
-929
2067
-880
118
-2884
1759
-577
165
357
931
-898
-12
933
-1821
1278
-327
21
-573
698
818
-1624
1734
-1705
1668
-1082
146
722
-954
64
524
-105
329
-1390
2082
-1939
1472
-1145
1190
-916
206
1735
-1053
-1788
-185
1298
-314
462
-222
-382
490
-866
1552
-2503
2897
-1908
234
950
-928
94
-110
741
-466
-1056
1919
-1381
1515
-1638
1441
-1168
-21
1534
-1780
697
-729
1136
-212
-426
1396
-2399
2669
-1862
3049
-2204
-682
-846
202
955
-1063
444
783
404
-1109
-122
1150
-1255
512
-525
1626
-2312
1942
-608
-361
296
-377
1234
-1084
128
580
-928
1016
-850
1106
-1448
421
732
-866
867
-1305
956
-450
1006
1205
-2067
-961
-98
1205
-1740
1839
-371
1197
-2551
2517
-988
-809
663
-477
759
-749
115
402
-894
1380
-1777
2029
-1452
599
154
-691
903
-1206
1843
-1353
-294
723
-217
640
-1726
2459
-2295
2096
-769
892
75
-1820
-118
-168
407
100
317
385
-641
691
-650
390
-1219
1972
-1519
824
-839
820
-102
-553
609
-167
-62
-163
75
920
-1713
1842
-1161
681
-1087
847
458
-1448
1530
-1309
1084
-265
-285
1562
-2
-1140
-3061
2336
-71
972
-2323
3034
-1102
-669
89
243
692
-1497
881
111
-884
815
-860
1670
-2161
1846
-1244
577
574
-988
775
-571
794
-735
-307
992
-1274
1455
-1739
2697
-2262
1468
-400
106
-21
1735
-1181
-3781
659
2290
620
-1908
925
1737
-2978
1783
-716
1393
-1817
351
679
-824
945
-629
34
239
-251
631
-650
584
-118
-1059
2232
-2003
1703
-1876
1275
-396
-608
1740
-1586
610
-268
111
1134
-26
578
-3846
1556
-941
623
-853
2672
-831
-977
1150
-383
2
-229
-46
451
-968
1333
-1600
1555
-1651
871
568
-1104
1443
-1119
148
285
-132
459
-1040
946
-899
790
-270
291
-274
-344
1651
-1290
1422
-61
-1851
-635
628
1552
-1605
1166
-887
1175
-2046
2083
-1296
260
-34
-225
810
-887
741
-255
-649
1350
-1058
1336
-1663
1606
-1279
906
348
-1079
487
-1050
1754
-1055
346
291
-1544
1949
-738
663
-245
3243
-4902
-842
519
1304
255
-143
1108
-347
-258
-70
-865
1363
-383
183
-1030
276
1958
-2597
500
1013
-1115
1622
-1545
467
917
-841
-411
974
-211
-307
391
-1480
1566
-131
-975
1331
-1461
1392
-660
14
1243
-977
-402
-141
29
2327
-684
-1465
-441
-683
1957
-2168
862
553
-237
759
-1044
524
6
-885
823
-528
-368
1747
-1542
216
1236
-1690
1613
-1117
115
1087
-1768
2020
-1031
-658
1472
-1103
839
-116
-846
1336
-1183
-212
1863
-1818
1324
-2228
4258
-1715
-789
-548
-1254
1536
-270
918
-902
517
-382
114
194
-231
-86
-571
1839
-1934
1135
-450
348
-316
-163
1414
-1282
390
-54
450
-628
-237
1390
-1504
540
-512
1137
-257
-281
923
-1154
613
1057
973
-1379
-3665
1628
173
1206
-1694
1265
945
-1615
614
409
-509
171
-782
904
92
-1184
1833
-1550
235
1016
-1691
2176
-1064
-79
24
-510
1351
-901
83
317
-597
394
80
-963
2212
-2565
1089
1317
-1693
1509
-620
1578
-2251
-2184
1329
1661
91
-1211
-1019
3066
-1242
-1401
1144
-720
2077
-2447
-123
1624
-496
252
-813
518
278
-619
218
701
-400
418
-877
-284
1602
-1633
1626
-1970
1661
-1293
549
790
-1272
970
-741
1377
-173
895
-2353
-1353
681
1240
-293
-343
1619
-1069
56
-267
226
103
-816
1037
-911
1009
-752
545
9
-1411
2836
-2430
1578
-931
378
-200
-195
1094
-1120
-134
414
-252
956
-1569
2358
-2865
2282
-1310
1401
678
-1430
-1948
-488
1986
-364
-242
595
391
-382
-1196
2266
-2072
1501
-1551
1345
-434
-702
846
-605
203
349
-312
799
-1259
1540
-1684
1710
-884
-355
116
-618
1625
-1582
1192
-610
-183
1504
-1215
2686
-1841
-1229
-2342
2340
112
142
-647
1785
-1180
-269
628
-805
744
-727
246
774
-1516
1774
-1663
1526
-1328
724
630
-1588
1454
-789
713
-464
-46
505
-1689
1795
-848
559
-293
-212
911
-728
2948
-2595
-2031
74
1086
694
-527
1390
-1497
1336
-1552
1800
-1879
937
-399
-254
1183
-1482
400
232
103
450
-1083
1445
-701
-191
215
14
588
-1664
2093
-1389
314
-434
1014
332
-1394
1797
-1559
2254
-862
751
-3932
213
1438
755
-675
-148
1160
-750
154
-232
-323
670
-1245
1536
-1061
1002
-1517
1342
167
-774
775
-991
1465
-1622
1430
10
-1240
1284
-1299
1744
-1869
1331
-190
-538
577
-447
538
146
2287
-2892
-2968
1643
1716
298
-2047
2337
-674
185
-1685
2189
-1434
325
-91
52
767
-1663
759
687
-769
1046
-1480
1161
-245
-663
1330
-1304
1077
-1805
2090
-1002
-90
166
-269
1189
-1515
1857
-1425
1029
1197
-1852
-1949
-656
2763
-521
-226
380
602
-621
-440
1014
-1435
1314
-1132
903
-290
-468
879
-981
1609
-1403
875
-932
810
-176
-123
652
-1597
1298
-88
-502
737
-1472
2299
-2275
2377
-1030
1192
69
-3228
330
-11
2501
-1747
683
-103
733
-1610
717
293
-323
-229
-396
1930
-2079
522
911
-1137
1147
-687
270
427
-1472
2551
-2139
1784
-1720
650
-285
13
769
-1268
892
-210
478
-51
-135
583
782
1115
-5560
306
1460
2396
-2784
812
2332
-2800
404
122
1122
-1454
-290
2009
-1820
1256
-1040
1468
-1462
693
250
-623
114
121
546
-747
162
474
-1251
1880
-1938
2062
-2575
2368
-476
215
2489
-4010
-1461
281
1895
259
-1424
1596
121
-442
-580
465
-557
1165
-1574
1607
-934
-131
581
-612
984
-737
-191
1197
-1490
1940
-2154
2257
-1777
209
622
-983
901
-1039
1402
-845
-30
1140
-685
879
510
-1641
-2679
2058
388
576
-1407
1812
-394
-1128
1228
-1889
2272
-1520
438
32
-433
1150
-1447
1482
-842
501
-564
729
-126
-298
583
-688
728
-949
752
-724
-170
1474
-1765
1874
-1461
2261
940
-3229
-1732
554
2726
-1290
208
-518
2207
-2820
1324
-220
216
-497
-200
1526
-1358
-18
546
-388
832
-873
1288
-1680
1181
209
-745
862
-1587
1773
-1668
1074
-35
-1086
1746
-1314
2019
-2043
1896
-249
2203
-4837
-1751
1761
2877
-1598
-1275
2563
-744
-979
86
661
273
-2107
2720
-1474
285
-273
-219
1292
-1789
1988
-1195
237
-176
572
356
-894
38
586
-956
1181
-1395
1982
-2539
2597
-1278
1315
930
-2517
-1288
-375
2267
-788
-710
2058
-547
-475
-1550
3360
-2598
730
-228
809
-661
-908
1466
-746
-489
1194
-697
843
-1459
1661
-1016
88
745
-1305
908
-1261
1871
-1111
173
700
-1318
2556
-2091
3213
-1917
-1369
-1927
1938
621
-867
-63
1340
-695
-606
834
-381
-513
731
-419
811
-1699
1987
-1231
339
79
-103
1073
-2141
2120
-864
-84
660
-863
902
-2060
2202
-860
-40
172
-364
1083
-445
2394
-1839
-3573
385
1909
1171
-1589
968
-666
1480
-2257
2194
-1726
663
-257
-117
970
-1414
387
534
-521
916
-1337
1612
-1223
358
106
186
-97
-1139
1708
-1466
751
-536
767
192
-923
1670
-1755
2525
-237
81
-5453
2501
584
751
-1235
1035
1370
-2091
904
-418
-130
380
-889
1688
-1517
1168
-1293
1607
-1038
427
37
-750
1025
-829
1063
-352
-851
1373
-1536
1945
-2246
1953
-967
98
596
-482
1725
-441
-2249
-1032
970
897
-884
810
584
75
-2183
3003
-2321
1042
-1182
1342
-118
-1278
1171
-553
-312
961
-567
1134
-1970
1482
-286
-387
865
-1141
776
-1254
1867
-1138
54
362
-196
1214
-1716
2688
-1815
1881
-3221
-219
-400
1837
-182
-870
1635
-535
-144
-701
638
601
-2004
2313
-1538
848
-1170
1168
-608
34
867
-983
438
-477
1040
-516
-494
1118
-1949
2133
-1335
1187
-1427
514
1278
-1247
901
888
-988
-2232
-28
1142
-50
-104
11
1596
-1779
1024
-1290
1820
-1448
544
-272
349
-290
-629
1057
-406
-499
1224
-1178
1510
-2358
2682
-1291
-357
684
-1103
728
-634
1019
-890
-222
1415
-735
566
-891
1917
-45
-1185
-3514
1600
1266
839
-1342
1008
1359
-2882
1262
-504
1501
-1911
126
1692
-1642
1046
-704
1256
-1144
440
215
-193
-169
163
300
-343
-361
806
-1150
1823
-2325
2426
-2060
1754
-595
513
1490
-3527
816
-630
389
90
64
1270
-1177
980
-997
214
-14
950
-1263
767
-121
-646
796
-514
900
-753
-398
1696
-1854
2009
-2184
2038
-1340
-96
863
-1289
1011
-1108
1493
-705
119
1605
772
-2365
-3221
1429
2231
-258
-1802
1951
177
-1126
170
35
1175
-2348
1333
733
-976
533
-1254
2409
-2108
1067
543
-1050
88
-95
1484
-1125
-441
754
-827
516
-827
1594
-1268
97
1491
-1309
2733
-1682
-1602
-1041
547
1386
-1639
2004
-279
98
-1422
1646
-111
-1662
1486
-611
318
-896
1206
-140
-1109
962
370
-342
345
-722
1152
-1778
2103
-1244
300
-780
160
737
-850
1358
-1304
862
787
1064
-1497
-3175
1481
-142
735
-940
1583
-619
430
-323
-515
989
-753
-2
-235
1150
-1143
-254
1801
-1857
1600
-1802
2368
-1784
399
460
-924
700
-468
327
-158
-1082
2104
-1808
2337
-1787
2543
-1662
-1414
-823
736
979
-956
452
555
563
-1995
1057
904
-1652
824
-909
1882
-2453
1685
-58
-744
390
76
393
-570
217
415
-638
245
-543
1152
-1422
1448
-1220
814
-341
973
1168
476
-2214
-4342
3760
117
1037
-1878
2065
-657
-843
470
-768
467
211
-516
352
136
-64
-754
1321
-1151
1182
-1032
132
982
-1365
1979
-2116
1960
-1469
76
878
-1397
1511
-1272
1102
-516
-533
1846
-1224
2348
-2960
-998
74
1449
27
-1044
1585
-127
-572
-985
2223
-1913
180
971
-409
145
-1578
2878
-1851
459
538
-567
173
-186
710
-306
-773
1135
-1198
1334
-1312
1217
-1554
1895
-911
292
387
1070
981
-5198
1141
-90
1883
-1606
1612
150
-771
539
-734
232
-350
311
-224
189
716
-1631
1642
-777
373
249
-951
1251
-1779
2692
-2212
1490
-1113
106
623
-818
1292
-1968
956
883
-879
748
-798
3616
-5003
-194
937
573
-113
-639
2108
-1295
73
-573
1111
-390
-542
-5
381
706
-2047
1963
-985
876
-546
14
817
-1163
666
125
-204
117
-1249
2045
-1377
917
-965
567
239
461
124
-916
1772
424
-1979
-3339
3057
-475
1144
-1248
1475
-746
-587
719
-883
961
-518
-396
855
-794
1322
-1904
1663
-504
-221
645
-940
1498
-1648
2078
-1528
311
-56
-151
715
-1491
2018
-1951
1349
33
-49
1180
-835
-846
-2357
1531
1463
-860
-45
918
617
-2717
1997
-933
896
-1182
938
-9
-1204
1750
-1187
957
-650
527
-138
-291
773
-1002
636
127
-801
862
-1586
2439
-2281
1609
-522
-212
861
-680
1418
377
-337
-3779
205
942
1800
-1655
756
1476
-1224
-377
-579
1673
-1035
-458
1480
-1450
1107
-627
617
-105
-1063
2055
-2259
2105
-1586
1396
-938
54
701
-839
521
-902
1030
-404
80
760
602
505
-4152
1318
-85
1319
-1429
896
1274
-2023
1426
-1035
1203
-1413
273
1303
-1314
1156
-1397
1406
-1147
1096
-213
-136
-62
116
303
-227
24
174
-1273
1892
-1630
1496
-2108
2084
-466
-275
1725
-581
-71
-2544
-259
1060
700
-327
-506
1023
-73
-448
-653
1702
-1227
-164
625
120
-167
-778
1317
-1071
441
790
-874
833
-2106
3238
-2077
772
-509
-369
989
-1150
1412
-1495
990
-258
1745
1013
-2929
-3329
1959
2659
-990
-1776
2058
1352
-2942
421
2210
-1798
399
-986
2467
-2118
141
1230
-1128
927
-764
1208
-930
709
-63
-830
917
-752
738
-1368
1001
-554
56
1216
-998
1319
-226
2299
-2706
-3711
1686
1876
938
-3387
3250
-384
-551
-1701
2300
-149
-1695
542
856
92
-1181
600
898
-1179
463
173
411
-792
-60
1931
-2450
1625
-1503
1900
-1481
-127
1305
-1419
1733
-416
2242
-2434
-2695
1369
-312
870
-1010
1722
-378
92
-415
114
-234
265
-473
849
-920
-778
1966
-1425
1041
93
-1621
2706
-1817
298
826
-806
97
-127
-655
1361
-1089
-186
1191
-1617
2512
-1521
1030
1813
-306
-2363
-3631
1694
2451
49
-1535
-245
1964
245
-3024
2552
-101
-717
308
-1556
2258
-686
-987
1224
-652
-304
582
76
436
-108
-820
927
-279
109
679
-1499
1347
-1716
457
1146
-1350
1543
-1401
543
1230
-822
1855
1113
-3919
-1133
-1102
2739
-67
-1590
2039
-249
612
-1761
546
1292
-1854
951
-259
25
-108
-158
959
-1061
262
956
-1356
2042
-2241
2175
-2082
994
339
-1116
984
-1314
646
574
-774
1615
-2397
2619
-1001
2512
-2570
-2086
-939
2405
170
-1091
790
522
-79
-1852
1602
1155
-2641
1428
13
177
85
-1847
2808
-838
-959
994
-175
136
-190
-258
1011
-307
-1530
1951
-1120
831
-636
-826
1664
-1509
1815
106
498
91
-2359
-645
394
-705
1886
-1859
1073
2137
-1888
965
-2080
1341
1080
-2480
1312
458
-536
-350
-363
814
445
-1610
1274
182
-784
1197
-1597
2052
-1247
-701
1830
-1342
37
262
-392
849
-1137
440
1123
-1518
2237
-1778
1306
1222
-499
-2700
-2929
2867
1491
-1071
-1258
2178
460
-2820
1836
-114
-66
-568
686
18
-1176
2002
-1537
1203
-1157
1234
-574
-203
1046
-1435
1351
-931
516
-382
-716
1777
-2173
1830
-967
1047
744
1602
-3895
-2420
3076
19
732
-2458
3280
-1876
431
-80
-107
476
-1567
2267
-1482
727
-260
-443
535
-371
774
-55
-1585
2306
-1690
1671
-1665
1176
-978
-273
1233
-1016
543
-746
748
371
-828
2303
-952
294
-3959
2167
-872
1180
-708
1105
556
-1496
903
-645
147
22
-901
1831
1358
-1254
1317
-1622
1351
303
-1215
458
-320
1362
-1220
157
581
-1505
2079
-1754
2067
-2671
1975
-118
630
1279
-3046
-1037
946
48
14
78
1452
-883
-578
541
952
-2344
1866
-1183
1218
-1476
878
235
-1058
904
-30
-173
447
-707
1450
-2416
2256
-1293
487
-511
-107
464
-498
954
-821
236
1318
1839
-2390
-3690
604
2143
921
-2400
2376
-689
-155
-656
515
1027
-2095
1073
141
132
-723
59
1243
-1927
1991
-1281
1281
-1686
1507
-252
-660
512
-363
434
-962
581
237
-992
1813
-1599
2228
-1040
1786
-4206
-155
1922
-310
-335
-479
2472
-2620
892
231
-2
205
-809
972
-1049
1378
-1162
581
-235
290
126
-450
1075
-956
-153
870
-644
1044
-2029
2513
-2036
1045
-57
-118
957
66
2329
-4260
-830
65
1935
-704
292
478
-42
-269
-512
21
281
471
-1005
910
376
-1624
1444
-418
102
583
-1703
2597
-2485
2292
-1373
480
-103
-812
1068
-780
257
2
-325
1405
-1563
1915
-2401
2335
-197
1779
-4579
-1307
2002
1015
-174
-1782
3406
-1357
-1243
1121
-281
1293
-2868
2521
-769
-259
-540
826
392
-994
128
689
40
-275
-358
1421
-2260
1738
-720
654
-1357
352
1573
-1279
903
-790
495
880
561
-970
-3124
344
1428
1005
-1270
619
5
812
-1772
789
653
-1045
287
10
888
-1296
381
1331
-1563
1435
-2021
2826
-1853
357
552
-929
584
-597
859
-738
-667
1509
-958
1204
-1278
2154
350
-1263
-3640
1263
1595
18
-1413
1581
1398
-3453
1996
-61
136
-486
-900
2712
-2647
1257
-371
285
-79
-185
622
-403
72
447
-603
728
-1318
1441
-1818
1922
-1346
449
-375
548
976
-1386
1809
169
-2198
-1361
-93
1877
-773
1280
-895
1064
-732
-513
-404
1506
-411
-1199
1422
-262
-472
198
70
878
-2065
2378
-1585
1186
-1467
931
133
-1643
1410
-807
459
-331
-250
1599
-2343
2609
-2134
1526
-1245
2654
-995
-2728
-467
1203
1115
-1526
1126
222
22
-1421
914
1242
-1807
945
-1111
2064
-2159
1080
600
-1073
300
86
449
-128
-888
1491
-1311
1206
-1252
1305
-1656
1218
-344
230
13
-340
819
-984
2559
-668
-795
-3735
927
2244
-513
-414
483
1667
-2226
-251
1470
-538
-412
-591
1822
-1411
557
143
39
162
-1358
2849
-2297
1165
-1132
1094
-172
-822
1353
-1546
839
-262
-211
1231
-1957
3233
-1732
-386
-762
-139
807
-410
167
47
1011
-1405
698
-298
455
-692
-81
1960
-2416
1512
-992
1283
-918
-15
893
-819
-77
672
-175
461
-1847
2219
-1402
793
-926
451
-191
250
779
-913
205
1317
808
-3300
-1584
1312
1810
-149
-1903
2297
-674
-112
-1425
1536
636
-2363
1497
115
-21
-933
385
1345
-1803
1717
-1280
1343
-1655
1533
-150
-790
212
-117
679
-1127
761
-595
150
1179
-1288
2201
-1158
392
-2937
779
1179
-584
-38
500
569
-1985
1956
-1055
161
117
219
250
-1399
2172
-1650
796
-411
999
-475
-691
1223
-544
-137
641
-753
1055
-2403
3174
-2342
825
-102
-162
816
-836
1381
757
-676
-2636
-917
1341
1099
-600
-881
2459
-1086
57
-1475
2332
-945
-1119
1871
-978
-156
404
-331
1252
-2120
2476
-1757
878
-305
-57
851
-1632
1549
-1028
394
186
-717
1666
-2032
1906
-1935
2383
-86
-644
-1784
-399
1095
-332
456
115
731
-551
-650
1156
-1730
1797
-1813
1839
-1381
373
-363
278
483
-485
315
-238
323
-46
-311
1005
-1971
1964
-1311
961
-1255
587
694
-814
1171
-1191
561
449
1914
-2043
-2839
1121
-237
734
-35
1404
-864
497
-596
-407
160
653
-773
-153
1423
-1382
117
1256
-1142
1350
-2384
2696
-1449
282
431
-584
526
-1082
1184
-280
-643
959
-1331
1999
-1779
1506
-817
2072
-1950
-1183
1005
-1265
318
-493
2376
-479
-1178
2093
-2473
2172
-2129
1552
-904
300
-144
-659
933
-425
526
-328
-113
825
-911
853
-655
538
-1075
115
1669
-1589
429
-834
2161
-1021
3
1246
-278
447
-3028
1455
-1493
1542
-1035
2290
-1535
-50
601
-242
-565
203
470
-645
151
144
65
166
-1196
2611
-2185
1334
-1675
1934
-777
-740
1147
-1382
805
-554
786
-236
-1615
2645
-1430
1611
-862
1438
-2886
-472
179
1124
-329
-194
1566
-1803
1147
-1196
808
-34
-825
1606
-1966
2303
-2038
1242
-144
-209
423
-489
516
-149
-460
973
-1251
1239
-1431
1390
-1528
1371
-317
-286
416
-217
1058
-134
562
-2062
-847
639
-907
1809
-765
888
-1241
1913
-1500
-948
1635
-159
-670
155
556
-287
-731
1513
-1129
1377
-2242
2273
-987
-129
324
-380
707
-1487
1458
-512
-837
1296
-1276
2149
-1219
3075
-4748
-387
855
1326
-781
-306
1743
-1267
-592
714
431
-268
-1074
1428
-1115
1275
-1833
1902
-1544
514
349
-320
890
-1169
431
505
-653
777
-1528
1560
-1641
1350
-402
199
-105
-148
1083
-656
1439
381
-3074
-1702
910
2164
-942
872
-835
1723
-2208
994
-572
672
-430
-772
1564
-655
-85
203
-741
1683
-1722
1818
-1445
798
-756
503
827
-1418
656
-757
1026
-315
-284
1109
-1983
2639
-1627
4000
-4850
-1476
598
2554
-284
-2439
2356
505
-1864
73
1338
109
-2083
1707
-569
832
-2082
2302
-1083
-317
549
-13
734
-1070
1016
-704
-367
1378
-1522
1213
-2375
2987
-1674
667
75
-570
561
1016
2264
-3329
-4167
1175
3831
-912
-1533
1581
682
-828
-1790
2739
-1245
-297
-489
1399
91
-1565
1345
-7
-647
1039
-1458
2217
-2207
1321
-366
82
153
-798
1311
-1303
329
424
-168
871
-1406
2722
-1636
160
-2868
1810
-1129
1142
257
149
239
-1614
1439
-249
-289
747
-1585
1900
-1714
1065
-442
265
65
-1010
2231
-1834
1183
-752
658
-404
-619
1344
-1436
511
246
-683
1229
-1722
2983
-2412
1013
1310
643
-3459
-2810
3501
743
-476
-1765
3510
-1298
-1378
185
992
-7
-1682
1509
-279
146
-215
132
965
-2079
1656
-95
-408
235
-890
2116
-2448
2235
-1208
74
-22
-1
880
-1387
1586
-168
2530
-4869
-67
148
2644
-1330
-868
1913
-641
-459
-342
1436
-722
-1387
2169
-1004
470
-1406
1741
-570
-586
1596
-1551
1549
-1495
1808
-972
-298
426
-856
1099
-1101
1014
-795
-84
1689
-1548
1990
-537
2386
-4891
-2111
3115
956
-537
-2002
4063
-2098
-326
-494
1472
-635
-1299
1700
-507
498
-931
758
12
-176
446
-456
465
-722
457
636
-1280
1235
-2260
2905
-1872
608
97
-921
1616
154
2344
-4692
-1129
905
1991
-1238
-833
2527
-952
-560
-319
1593
-1177
-410
455
371
165
-1275
939
352
-1082
1600
-1918
2607
-2187
899
182
-855
765
-907
858
-666
-626
1663
-1341
1849
-1954
1710
-1629
3463
-1
-3658
-3216
2437
2702
-1494
-668
1371
736
-1816
-673
2821
-2123
168
-520
2127
-1712
-198
981
-700
645
-319
171
152
-766
1121
-998
1365
-1786
1397
-587
-457
704
-625
1612
-1527
969
1377
-1682
-1090
-889
2494
-1545
1243
-1221
1720
-1926
683
-200
289
-2
-608
763
-322
-180
677
-757
1291
-1954
1606
29
-587
561
-1147
2172
-2391
1702
-440
-860
1194
-1135
1851
-2150
1706
-459
874
552
-1251
-1232
-209
-187
708
868
-179
-148
90
-290
-159
-792
2369
-2432
1266
-422
228
195
-876
1604
-1253
185
245
296
-44
-863
1273
-1058
827
-585
337
-432
-805
2210
-1531
1165
270
1417
-3726
-1295
3183
-835
632
-2077
3115
-2133
436
160
-157
328
-1222
1461
-737
234
101
-600
744
-315
186
161
-461
903
-1660
2636
-2144
1169
-1798
1286
309
-1228
1315
-1700
1325
14
521
1543
-2754
183
-2765
2585
429
-283
-1060
1428
549
-1817
219
1132
-446
-903
1040
529
-1892
2074
-1685
1722
-1721
1074
382
-1474
1313
-729
643
-385
-340
1308
-2277
2526
-2119
1558
-914
725
1442
-644
-2264
-1062
697
1140
384
-248
487
-271
-1260
1891
-1873
2083
-2353
1270
252
-991
793
-444
310
-68
-93
913
-1070
850
-837
836
-774
206
65
-545
1087
-1586
1386
-292
591
-411
143
2346
-2091
-2741
322
1935
-331
0
-549
1726
-1190
-788
352
292
456
-490
-1196
1883
-459
-573
1261
-1476
1692
-1356
-404
2401
-2114
1069
-635
-286
1644
-1405
107
1055
-1813
1205
-28
-1138
2230
-2437
1777
-37
131
2013
-3802
-1369
1667
1020
119
-1067
-427
1968
-1403
137
-402
683
439
-2115
2269
-455
-560
512
-1303
2135
-932
-841
1286
-204
-628
558
-198
224
770
-1951
1624
-635
-362
1196
-1716
1436
-956
-43
1267
-870
43
1001
1835
-1204
-4624
1852
318
2122
-1899
897
689
-1278
731
-1589
2091
-783
-1058
1722
-553
402
-1217
1038
422
-1261
1573
-1594
1529
-1985
2501
-1231
481
-721
1237
-777
-223
481
-1204
2353
-2133
3135
-1273
-544
-3217
1149
667
-88
-173
1043
477
-814
-794
1389
-376
-1041
1933
-1619
918
157
-1516
2116
-1330
-352
1102
-682
1085
-1016
-143
1117
-365
-927
1183
-268
-445
204
-1663
2660
-1183
-662
1603
-1339
1779
2131
-2412
-2381
-1078
347
2892
-1410
177
-217
1463
-505
-1566
1382
-451
860
-1187
-814
2314
-830
-748
765
-246
-474
891
-992
1192
0
-1498
2245
-1685
1137
-297
-557
717
-986
596
235
-946
626
-147
873
-12
1643
-1929
-3218
1671
930
613
-2460
3090
-680
-1059
592
-430
1211
-1664
1331
-474
-290
245
-421
1572
-2080
1830
-1527
1740
-874
-46
295
-659
460
-525
455
-109
-1292
2347
-2033
2221
-2375
2464
186
420
-2748
-1501
960
359
358
369
474
-160
-371
489
-1747
1982
-1351
815
-591
542
-398
-84
673
-324
103
114
-1020
1861
-1634
1386
-1421
681
34
-484
1351
-1690
743
-137
749
280
-11
971
-3884
1756
-793
1186
-1707
2764
-1036
-60
-326
156
137
-875
998
-436
-182
682
-1226
1700
-1920
1814
-570
-436
1061
-1190
1092
-1123
1510
-732
-828
797
-355
885
-1463
1688
-1248
627
981
-101
1694
-3248
-1177
-311
1950
286
-1179
1571
-440
673
-2527
2594
-1211
-398
519
267
-107
-808
1503
-853
33
340
90
-75
-604
1066
-688
200
446
-1228
1331
-1923
2689
-1972
1046
156
-663
3372
-3089
-1114
-776
1102
133
-86
405
812
-1376
504
544
-690
696
-1137
675
326
-891
1113
-1735
1763
-699
-75
788
-1096
1682
-2130
1989
-994
-161
408
-642
1131
-2098
2524
-1326
1242
-171
3346
-4614
-2970
2278
2176
-904
-2068
2566
389
-2217
850
168
587
-1615
1771
-1417
950
-730
32
1050
-1064
725
-521
1217
-987
209
667
-828
67
-90
458
-735
-450
2322
-2438
2149
-1429
2381
1040
-3058
-1562
-340
1177
-57
438
334
216
-49
-537
857
-1304
1315
-1362
1333
-454
-878
823
-187
154
421
-599
1214
-1927
2275
-1422
763
-874
-319
1089
-1252
1341
-1088
210
1092
-709
1639
-1611
3824
-3882
-2331
-109
3441
-573
-1548
766
1298
-1245
-551
1271
-542
-522
662
-614
1320
-1882
1453
-853
-47
1467
-1649
1377
-1481
1280
-338
-22
458
-1455
1023
-516
694
-323
-136
668
-916
3268
-581
-2383
-2380
1417
1323
-431
565
-754
1742
-2094
1088
-606
281
265
-1548
2547
-1815
382
340
-199
294
-612
969
-106
-465
415
-333
730
-1488
1969
-1709
781
-965
1338
-93
-797
1411
-1885
2467
72
2344
-6850
-1843
4516
2080
-2977
-1061
3379
-693
-2455
1438
869
-972
-995
2098
-956
456
-1162
1082
219
-1285
2121
-1556
1318
-1752
1540
232
-1367
1176
-912
905
-1324
541
1306
-1831
1504
-959
2694
-275
-3969
-1209
2988
1146
-1541
-613
1309
574
-3066
3091
-607
-1195
833
-563
1768
-2616
2407
-531
-1335
921
471
-198
-423
70
1004
-1557
1451
-1053
1106
-2137
1944
-590
-191
-24
128
1091
-740
3553
-3958
-3528
1957
2440
-121
-3468
3803
-163
-1703
30
1036
73
-1320
1088
-7
-143
-453
480
627
-1327
1292
-1423
2285
-2043
1299
-663
142
326
-676
975
-1711
1200
-40
-158
1193
609
168
-4666
1267
1088
-105
-586
1158
1129
-2466
925
2
514
-1096
762
24
-552
994
-1205
1407
-1826
2111
-665
-376
648
-535
341
-72
-176
370
-1530
1975
-1506
1418
-1480
1119
-494
542
335
-327
1848
-1736
-1964
-1088
1938
260
97
74
116
594
-1136
148
-389
1520
-1193
-632
2038
-1519
561
-798
1444
-788
-445
1017
-818
761
-1124
1896
-1362
-91
259
269
484
-1636
2034
-1953
2830
-782
1509
-4520
397
835
848
-488
-424
1688
-873
-434
93
204
31
-1299
2329
-1614
944
-1607
2036
-985
-362
732
-211
383
-987
1072
108
-1309
1395
-1190
1156
-1643
1389
125
-1024
1346
-1207
1235
457
1306
-1640
-2840
875
168
1446
-1087
1536
-1566
1832
-1853
466
368
-641
294
-105
754
-761
-573
1492
-1133
1255
-1490
1384
-720
-397
1417
-1075
417
-932
1333
-710
-379
993
-956
1232
-1578
3413
-1407
-659
-2801
1328
18
814
-226
569
111
-1251
878
252
-579
363
-1375
2396
-2305
1269
-475
109
-169
-52
1371
-1150
547
-605
651
-20
-870
1403
-2236
1964
-1105
793
-235
-364
1561
-1397
2349
378
-3523
-1301
711
2064
-1216
641
-202
941
-1741
1319
-1138
1375
-1065
-295
1077
-694
392
-157
-166
910
-1578
1919
-1197
857
-1017
273
780
-1435
882
-1003
681
-120
102
758
-1255
2536
-75
-1859
-3172
3024
-695
1591
-1912
1459
-123
-934
890
-880
1004
-754
-714
2210
-2063
1033
-921
1196
-399
-907
2003
-1797
1421
-1134
1253
-631
-713
833
-661
829
-1076
805
-506
-72
2019
-948
2676
-4016
-979
301
519
1173
-1288
1809
-1352
1386
-1718
652
344
-559
402
-492
1068
-1277
1137
-489
91
259
-178
-25
-53
251
295
-949
1571
-1954
1881
-2133
2024
-967
-306
964
-1160
2019
98
480
-4177
-923
2664
434
134
-1370
1681
-844
479
-988
1228
-151
-1526
1300
93
112
-1650
1154
1060
-1565
1362
-1488
2675
-2680
1223
406
-850
62
-758
1520
-1501
750
80
396
-278
