-594
454
-1715
3211
-1627
-1468
2090
-1562
816
-569
643
298
-251
-1158
1485
3194
-1376
-4450
-1223
4387
-3177
1214
1694
-635
671
-2522
2139
52
-984
244
526
-829
-303
833
-306
764
-1798
1099
1068
-2439
2547
-1470
839
180
-1564
2130
-1111
-86
334
-136
-470
560
-667
334
1002
-1697
2348
-1536
2357
425
-5419
1759
1077
-1287
16
1940
383
-471
-1540
1860
-1417
839
-586
633
-692
-312
1543
-2193
2106
-1406
1346
-1513
1239
-379
468
-515
397
-1071
2010
-2126
2106
-2016
1215
74
-432
856
-365
-697
1733
952
-2487
-2392
3137
-1923
2596
-1359
862
-586
165
349
-1023
858
-698
535
-517
351
39
-698
555
793
-1305
1127
-2205
3603
-2862
1664
-391
-172
-284
110
629
-120
-1451
1949
-1236
1497
216
2061
-5941
1303
2016
-1557
459
1226
144
-1277
-7
1813
-2218
870
307
-122
-722
462
1388
-3097
2664
-1346
1402
-1780
1739
-302
-743
-55
1132
-554
-14
-865
1888
-2134
1164
797
-995
375
-1209
3600
-392
-4279
939
1941
-2900
344
2637
-758
-1183
1183
-289
192
-1829
2666
-2288
912
6
517
-1163
723
-220
647
-1110
1405
-1271
1010
-256
-817
1172
-1791
2447
-2602
1363
31
-775
1128
-297
59
2398
-2943
-1798
1428
2923
-5792
2880
1409
719
-3431
1648
920
-1318
-598
1783
-874
-186
-862
2465
-2387
1669
-1314
1736
-1127
-429
1966
-1567
-111
303
368
-105
-1431
2003
-1057
42
-30
790
-94
-1001
2714
-58
-4139
500
2283
-3398
1229
2455
-2266
1452
-1133
1999
-2690
750
2019
-2545
504
147
836
-1838
1534
106
-517
-594
1250
-718
824
-1484
2100
-2666
2460
-1206
883
-1253
684
535
-631
442
1658
328
-3613
-1396
5721
-4878
998
1054
2497
-3695
609
1831
-600
-1613
1158
248
-372
-385
1097
-963
511
-261
-13
1390
-2456
2550
-2560
2439
-1040
88
181
-420
-495
1254
-834
1092
-2161
2813
-1697
326
3176
-2276
-4936
3810
1582
-4146
1097
2143
-138
-1044
-639
3030
-3470
831
1395
-1174
-103
-535
2367
-3216
1824
14
47
-793
951
279
-906
-1001
3068
-2368
1230
-1603
2006
-1871
1438
-243
-11
-281
2025
119
-3968
-558
3770
-1782
366
-1068
3564
-4120
1640
25
1073
-1627
-88
1223
-437
-558
841
-785
853
-845
779
-212
-230
816
-1669
2565
-2452
1506
-957
974
-845
114
527
-539
-356
1722
-1816
2136
-236
189
-4451
3223
-1282
571
920
366
-491
-4
-483
1233
-2056
2369
-1767
868
-774
759
271
-1325
1610
-1506
1713
-2010
1961
-137
-915
257
586
-1136
1338
-1944
2752
-2489
1570
-632
893
-17
2862
-3380
-3271
2914
-233
-1744
3726
-1670
933
-2345
3019
-1783
-303
800
-665
541
-796
1471
-1284
160
345
888
-1368
939
-959
1959
-2732
2437
-438
-566
-219
-126
1232
-1281
172
764
-100
22
-880
1262
2253
-2771
-2188
834
1595
-3237
3889
-858
77
-1008
855
-240
-1024
1082
42
-2101
2639
-1548
1189
-1947
2323
-1425
628
315
-377
169
-808
1532
-546
-1036
1301
-1700
1544
-328
93
-277
-566
2215
653
7
-5569
1615
2713
-2821
1179
1534
113
-2437
687
1928
-2063
172
-301
1963
-3087
2459
-848
416
-781
765
20
-379
-422
1478
-949
-229
420
-742
1849
-2875
2339
-1270
132
167
1076
-280
-919
-650
2395
1655
-3228
-3570
5593
-3252
1077
35
2061
-1888
207
478
-337
-430
805
-1042
799
-628
1030
-1523
1135
245
-1448
1860
-1808
1991
-1918
1594
-658
-152
132
313
-678
678
-953
1421
-1911
2800
-2299
3420
-2137
-3157
1670
1960
-3055
1060
1803
515
-2472
1773
-1227
1476
-2631
2995
-1766
319
444
-439
476
-731
955
-706
323
-330
653
-56
-605
-170
1771
-2744
2512
-2202
2233
-1788
841
412
-431
-446
412
2852
-3736
-2771
5078
-2768
53
283
2558
-2586
954
-230
295
-1533
1734
90
-1072
77
1299
-2240
2105
-837
999
-1642
801
1135
-1911
1725
-1351
749
-602
-11
851
-1091
279
211
41
445
-457
1237
469
-1996
-2674
4326
-3072
997
1737
-722
-332
-1262
2196
-716
-1760
2365
-1993
2002
-2203
2433
-1750
615
-151
650
-337
-341
226
283
-656
1208
-1022
613
-1019
282
1524
-1891
918
-857
1684
-1036
-366
3057
-1224
-3868
-81
3349
-1948
-284
2470
-1150
-24
-1420
2258
-1830
600
29
14
-321
524
-666
755
-1191
1801
-2022
2071
-1390
1057
-869
-221
2047
-2561
1003
-15
-1030
1475
-844
961
-1260
746
499
676
1763
-5758
1398
81
78
1003
110
-446
269
-483
460
-686
568
-1246
1802
-2064
2438
-2222
1570
-723
-347
1175
-1362
705
-291
709
-803
195
48
812
-2116
2252
-1894
1666
-1538
1896
-567
-811
-180
4474
-3643
-3786
3490
1108
-4241
4034
-151
407
-2927
2179
560
-2330
1628
-213
-868
-108
1398
-533
-939
809
681
-1446
1131
-386
1314
-3024
3301
-1510
563
-741
639
-20
-504
314
658
-1073
1414
976
91
-6210
5145
-1562
-296
609
1560
-1178
-361
-84
889
-1761
1537
-602
394
-1350
2494
-2591
1602
-62
-153
-112
-899
2071
-1793
1140
-244
-450
446
-450
188
527
-1907
2486
-1984
1939
-1475
732
689
1980
-4972
-139
2648
-1286
-453
2194
-730
48
-1773
3228
-2990
1370
-658
1193
-1179
99
1014
-795
-348
966
6
-287
-568
789
442
-1567
2150
-2166
1687
-2103
2183
-552
-503
-122
774
-129
36
1177
616
-5514
3676
-236
-1310
-634
3861
-2081
-352
175
1391
-1783
118
1071
-264
-1677
2702
-1590
324
-160
359
356
-1718
2513
-1914
1175
-1524
1991
-686
-874
594
194
-1057
1804
-1562
2012
-2841
2679
336
489
-4077
453
2041
-875
304
989
-1475
1203
-1856
2313
-1990
1556
-1375
977
-468
-104
651
-1132
1052
-1048
1118
-385
-218
217
625
-1192
1142
-1695
3217
-3250
1479
-78
60
-237
542
123
-417
-1048
4636
-3173
-3112
1748
1864
-3693
4074
-767
-198
-1509
1000
1510
-2715
1131
632
-1513
1028
106
-56
-57
-794
2181
-3021
2926
-1576
1229
-1460
761
984
-1508
345
534
-432
397
-1099
1960
-1335
565
-230
2011
-549
-4355
3676
-909
-1763
1366
646
554
-1906
1276
-297
-1043
1288
-680
470
-1717
2570
-2588
1994
-839
587
-847
454
70
256
-465
813
-1564
1977
-1412
848
-719
-45
1033
-1525
1416
-66
-825
3071
-2431
-2185
838
2613
-3511
1591
1243
71
-2129
522
2232
-2775
550
379
722
-1555
872
394
-850
-439
2146
-1936
1142
-1849
2906
-1736
-251
1633
-1488
14
-251
1113
-301
-1288
1535
-288
-212
376
-889
3008
-1079
-3112
-960
4240
-3716
1141
946
1034
-1059
-1071
1691
-276
-2046
2483
-1972
1997
-2474
2440
-1013
-236
432
353
41
-669
409
532
-605
341
-538
594
-1035
189
1831
-2211
1054
-999
1985
-149
764
-2295
-2033
4225
-2460
-966
2609
-19
-1064
-1781
3706
-1757
-725
-238
2156
-2057
560
517
51
-1282
1570
-725
1061
-2197
2584
-906
-669
808
-671
1648
-2717
1404
323
-1030
1107
-580
950
-1372
-181
3461
-1038
-3794
-447
3040
-2474
2220
-507
240
-773
-110
873
-888
318
-35
-867
1574
-1625
1810
-2658
2728
-1569
986
-149
-63
-75
-153
449
113
-1252
1857
-1785
1245
-935
998
-738
100
859
-271
2096
-2669
-2754
2067
868
-420
-1196
3534
-2203
134
-974
1519
-171
-1751
1951
-1507
1025
-560
732
-550
168
-275
944
-1484
2009
-1741
1648
-1934
1504
248
-1249
546
-451
1185
-1077
241
1451
-2335
1420
-627
2219
-684
-3468
2022
240
-1391
-766
3172
-805
-1362
442
776
-930
-272
820
-82
-1415
1967
-1986
2283
-2215
1860
-1224
341
575
-768
815
-826
73
464
-339
318
-632
-28
1116
-1871
2594
-2070
837
-689
4100
-4229
-2621
3619
191
-3287
2344
2077
-1333
-2698
3325
-1455
41
-1685
3391
-2318
235
1153
-632
-673
892
131
-113
-1034
1474
-56
-1292
1416
-1063
1054
-1980
2491
-1474
11
-186
766
280
-861
-107
1995
-569
-2511
-775
3322
-3612
2853
-593
929
-1729
13
1156
-685
-607
1058
-975
746
-1308
2287
-2402
2027
-1510
1120
-67
-868
1104
-802
1113
-1158
234
829
-1833
1597
-165
-425
193
-1231
3071
-2813
2083
1597
-4955
-642
4358
-1955
-1744
2097
1174
-1744
-419
667
995
-3181
2992
-1449
875
-1412
1706
-611
-558
744
500
-1465
854
224
20
-481
-146
1594
-2743
2303
-1474
1557
-1367
806
332
-785
-271
1093
-201
3143
-5717
519
2391
242
-4119
3664
766
-560
-2069
2135
218
-2127
328
2170
-2037
608
-599
1398
-1289
-78
1712
-1958
871
-898
2063
-1734
629
-190
94
-336
72
391
158
-1925
2878
-2017
1581
-2387
4324
-758
-4519
974
2013
-2072
1665
737
-479
-1422
1795
-1308
1177
-2065
2341
-2050
1671
-319
-288
-256
295
288
-55
-440
821
-1164
922
72
-218
335
-2054
2861
-2379
1786
-774
-259
662
-344
640
1910
-2348
-2357
1410
1714
-2976
2738
-167
286
-2513
2167
-383
-548
-159
800
-799
182
-228
1207
-1836
1819
-1862
2128
-924
-327
1130
-1252
547
-644
1180
-671
-1213
1134
39
-114
-68
17
526
-1665
3855
-1126
-3542
-926
4531
-3062
87
2267
-740
-931
-99
582
749
-2992
3141
-2115
1632
-1386
1557
-947
-91
824
-496
-222
342
394
-395
-396
700
-52
-967
1619
-1990
2015
-2319
2586
-923
-304
161
18
3053
-3466
-2492
3704
-1878
288
-1061
4512
-3220
-58
335
904
-1514
587
526
-345
-848
1382
-653
617
-1465
1704
-77
-1376
1863
-1803
2252
-2583
1951
-378
-522
202
163
139
-331
-748
2634
-2486
1683
2031
-2625
-4814
6191
-2190
-1445
1907
1869
-1686
-994
921
1455
-3994
3270
-679
32
-1459
1558
692
-2839
2625
-942
214
-1168
2187
-803
-449
-454
2008
-2105
945
-684
2032
-2519
1110
1174
-1189
126
-326
1833
696
-3739
331
851
564
-1948
1909
962
-1639
662
-830
1850
-2677
1559
119
-275
-488
563
-309
285
-749
1858
-2098
1741
-1957
2427
-983
-423
416
-647
694
-806
597
356
-1654
2123
-1409
1775
450
-919
-3304
1634
904
-1170
1357
432
-502
-1125
360
1531
-2315
1135
-236
414
-536
2
1070
-1888
1902
-2064
2902
-2359
1255
-12
-629
443
499
-705
784
-2263
3005
-2077
1667
-1231
964
-885
594
1672
381
-4623
372
2011
-277
-743
1799
-1413
1422
-2523
3198
-2344
702
157
-142
136
-401
298
23
-327
535
-315
292
61
-697
1628
-2072
2079
-1892
1883
-1633
560
-117
526
-126
-126
-87
535
-54
3209
-5960
1041
-279
1386
-158
1422
-751
-221
-472
999
-601
219
-746
1241
-1219
1018
-270
24
195
-1534
3113
-2940
1800
-972
1387
-1532
471
723
-448
-1338
2249
-1385
929
-2137
3307
-1362
-975
1942
984
-3316
-887
2251
-516
-1868
3345
-588
-365
-1693
2763
-1887
-144
1594
-1253
-187
-580
2283
-2319
839
554
-443
-403
740
30
367
-2135
3115
-2416
1618
-909
695
-978
703
315
-223
-432
883
725
2415
-6551
1063
1725
540
-2242
3571
-1256
206
-1524
1485
-15
-1529
1048
757
-1780
1928
-1661
1488
-804
322
713
-1549
1167
-1302
2389
-1996
775
-252
132
-238
171
-97
325
-1437
2637
-2034
2058
165
46
-5072
2085
1574
-418
171
498
-223
-176
-1251
2836
-2748
1421
-806
1035
-754
-647
1878
-1899
744
-615
1883
-1815
760
156
47
-1336
2262
-1543
1120
-2068
1819
192
-1100
901
-196
-207
127
973
2512
-6018
773
2959
-2098
-583
2709
-454
-1537
981
-99
769
-2414
2055
-681
-252
676
62
-1043
1327
-1221
1723
-2276
2335
-1044
-359
840
-1080
1171
-1230
741
-28
-843
679
193
89
-287
-437
2159
-734
-1517
-2111
2802
-2011
2494
-515
-50
273
-1199
1019
-8
-909
1197
-2177
2848
-2477
1887
-712
375
-674
268
1020
-1408
1072
-162
-52
-122
-428
1027
-847
-407
1627
-1926
1621
-1675
2409
-528
2029
-4028
-2177
4949
-1994
-1255
2613
-429
232
-2757
3541
-1820
-24
-748
2125
-1399
41
315
372
-942
772
-1
564
-2006
1977
38
-1007
889
-1318
2128
-2961
2001
278
-1261
450
364
611
-774
847
2364
-5881
29
2191
1412
-3270
2319
185
-304
-1819
2152
-83
-1454
324
936
-1447
1571
-1512
1797
-2301
1639
431
-1273
970
-759
1014
-1450
1426
-165
-955
-297
1176
-922
1161
-1519
2031
-2368
2356
-923
3689
-5084
-1690
4030
-1294
-1576
2615
-158
235
-2632
2952
-1642
753
-1288
1271
-381
-442
976
-746
467
-412
418
-133
228
-315
722
-985
903
-1421
2914
-3057
1710
-1130
1038
-143
-190
323
-193
-712
3371
-2207
-2875
-457
4995
-3822
1793
-41
801
-1977
817
1286
-965
-639
1144
-1011
874
-854
1631
-2106
1322
223
-652
675
-1428
2786
-2781
1353
-99
-399
401
-535
390
281
-1520
2470
-1750
1240
390
1473
-5931
2183
1801
-1147
-904
1776
829
-1757
-557
2046
-1868
1195
-1616
2431
-2651
1871
-453
-182
385
-395
352
-608
569
217
-813
653
-149
-232
245
-884
1680
-2178
1986
-1165
448
-334
578
870
491
-2941
-985
2379
-1085
-1180
3566
-2336
1207
-1869
2629
-2201
231
1019
-399
-693
835
-646
802
-1343
1995
-1319
885
-992
391
1321
-2120
1794
-1627
1529
-1303
177
1404
-1516
330
890
-691
776
-930
4345
-5951
-86
1976
-490
-1421
2581
-10
-1399
-104
1420
-1427
215
-207
1121
-2592
3438
-1915
226
-533
1179
-61
-1451
1427
-6
-1186
691
438
498
-2056
893
1177
-1793
1366
-1044
996
-771
727
608
1365
-3128
-1936
2511
-718
913
-137
77
211
-1259
1927
-2229
1807
-1406
1049
-872
561
32
-144
-347
773
-1460
2285
-2232
1898
-1118
603
-478
15
973
-1663
307
538
-39
464
-1029
2040
867
-1373
-4543
3021
1299
-2120
2654
-1953
880
-554
-511
1002
-977
908
-822
-74
856
-1323
1356
-1603
2033
-2472
2508
-1552
631
-230
297
122
-604
335
593
-1793
1926
-733
164
-536
172
1892
-2391
2096
798
-3179
-500
2548
-2094
-919
3132
-113
-1551
354
736
-485
-2287
3898
-2321
89
-415
1948
-1865
290
899
55
-1521
1644
-627
1019
-2144
2330
-835
-920
800
-126
-61
-610
943
110
-989
2390
914
-2890
-3770
4376
-415
-398
605
292
-53
-1885
2318
-836
-372
-81
21
572
-203
-278
647
-1630
2531
-2467
2512
-1870
1341
-836
-147
1334
-1156
-71
276
-300
623
-965
1590
-1641
571
894
530
1307
-5310
1750
598
-1217
603
1703
-182
-1589
1178
-68
-1128
1247
-1246
1316
-2444
3058
-2108
1053
-158
-76
-198
24
565
-240
-226
588
-1269
644
852
-1509
879
-1537
2338
-1979
1627
-262
422
2602
-4571
-1077
3138
-1805
234
208
2568
-2599
672
-697
1869
-2681
1468
-38
-259
-119
274
-295
572
-1210
1748
-874
-67
41
-320
1762
-3205
3093
-1450
-140
-146
1032
-318
-679
30
1455
-1711
3453
-2469
-2101
223
3509
-4110
1026
1351
1264
-2691
832
1850
-1679
-1552
3081
-1600
472
-1336
2462
-1427
-671
1782
-779
-176
-607
2074
-1562
-245
1116
-531
-309
53
306
86
-1067
1997
-1828
2106
939
-2030
-3765
3289
1373
-2367
624
1436
-96
-1990
-234
3461
-3321
1243
-1044
2039
-2366
1113
819
-843
-635
1031
-219
-196
-199
1498
-1869
376
680
-1045
869
-1845
2327
-1817
648
664
-671
520
-442
977
1438
-3175
-338
516
936
-2640
2780
286
-456
-1813
1994
-830
-438
397
398
-1033
742
-953
1931
-2178
1858
-1584
1142
86
-767
1432
-1660
652
-140
-117
627
-1135
655
246
-633
886
-629
1057
-1005
4062
-5241
-1920
3131
1585
-2462
-116
2618
-1406
-1902
2091
-183
-230
-2473
4224
-2766
921
-403
833
-769
-62
804
-342
-1072
1395
-410
299
-921
1145
-912
-887
2263
-1667
586
-1050
1671
-392
-511
2094
89
-3294
-1514
2770
-206
-713
1706
-1935
1820
-2102
1706
-1244
715
-237
-282
178
486
-1206
1405
-1421
1610
-1718
1514
-201
-846
1180
-1560
2481
-2673
1391
55
-1336
1016
445
-697
539
-1631
3282
-227
-905
-4386
3790
-557
-611
525
1603
-1328
-500
58
1788
-2092
812
-1009
1917
-1734
655
470
-1179
1234
-1701
2268
-1565
590
-164
489
-755
470
-625
1766
-2618
2225
-1510
1443
-986
987
-104
-744
-721
3214
536
-5373
223
4175
-3736
2216
-1101
3328
-3562
681
1324
-1083
-85
-96
367
-352
415
203
-951
825
49
-861
1290
-1096
1365
-2283
3175
-2170
967
-512
515
-344
-290
489
546
-1602
2377
-2097
3357
-1249
-2638
-1762
4317
-2032
362
1582
-30
-1385
147
353
1021
-2358
2369
-1518
835
-643
310
791
-1816
1738
-1598
1822
-1775
1650
-251
-884
187
932
-1210
1195
-2370
3143
-2401
1419
-425
296
-402
2314
-1932
-3025
1573
2007
-2200
1027
-186
2106
-3625
2656
-663
301
-1231
1304
-107
-1066
1149
-306
-805
1225
-291
394
-1376
1426
310
-1529
1646
-1674
1266
-1622
1704
-694
-396
291
71
768
87
2012
-2726
-3197
3748
-1174
98
-740
2833
-2607
221
663
212
-1042
259
478
-164
-1188
2378
-2336
1692
-1261
1478
-899
-263
1527
-1727
970
-951
1757
-1370
-147
628
-431
-703
2051
-1662
1532
-2809
3233
32
577
-4133
-68
2141
-582
-570
1946
-902
472
-2229
3274
-2256
654
-434
725
-245
-853
1545
-1509
986
-656
861
-206
-277
17
940
-1378
1361
-1916
3030
-2729
1201
19
-29
67
174
248
1975
-1151
-2664
-466
2567
-2900
3227
-828
762
-1655
623
953
-1745
907
-65
-75
-172
205
218
-61
-478
1341
-2067
2267
-2076
2021
-1051
843
-303
-970
1717
-1309
51
550
-115
201
-664
1000
-183
-1076
4214
-4648
-106
540
1736
-3578
2150
1985
-2008
-472
1399
-319
-661
-1233
3630
-3527
1900
-693
835
-1310
953
795
-1307
109
647
-83
-301
-156
1305
-2462
1300
550
-499
-310
-771
2179
-1717
1308
2411
-2928
-3917
2322
3079
-2569
1572
-637
725
-1633
168
1375
-1434
947
-1087
663
100
127
-435
101
345
-495
25
1227
-1782
1863
-2647
3595
-2132
605
-71
-270
-286
818
136
-105
-1395
2592
-1211
3147
-4507
-933
966
2324
-2520
1941
-638
272
-902
498
898
-655
-1292
2261
-1795
1086
-807
826
-81
-1715
2373
-1513
829
-1096
1870
-1026
-636
342
1218
-1622
835
-979
2009
-2608
2876
-1106
1941
-834
-3717
1895
979
-1436
1465
-571
822
-1738
1938
-1728
1531
-1180
470
309
-839
1045
-1488
1572
-997
633
-407
582
-1006
1051
-661
1016
-2182
2746
-2064
960
-729
943
-95
-989
800
233
-915
2924
-978
-2701
-1219
4255
-3167
330
1831
576
-2472
856
1970
-2283
-499
1900
-511
-902
545
959
-1644
-45
2303
-1989
1058
-1985
3507
-2804
899
455
-862
-218
371
18
533
-1737
2265
-1599
1973
271
503
-6203
3423
908
-454
83
641
-353
-520
-331
1858
-2049
1628
-1679
1674
-1452
821
697
-1576
1307
-1120
1064
-1051
1371
-307
-344
-424
1282
-1362
1685
-2215
2048
-1960
1788
-341
189
-695
544
2286
-1986
-2458
1518
-895
1236
-1071
2791
-2261
844
-372
25
385
-1091
1125
-927
628
-375
-25
385
50
-605
1076
-1176
1255
-1833
2893
-2403
1239
-984
594
337
-923
446
282
-1188
2350
-796
3099
-5827
357
1590
1842
-1386
-987
1205
1100
-1904
-65
1000
431
-1982
1379
62
454
-1738
1267
788
-2285
2318
-1734
1915
-2212
1960
-340
-704
279
278
-490
446
-1776
3346
-2538
1466
-1060
1361
769
909
-5154
110
3091
-81
-1054
587
238
566
-2842
3906
-2494
1025
-1438
1560
-602
-362
1074
-1130
-25
439
396
-388
-111
418
345
-1467
1779
-1649
1960
-2706
2129
-624
-184
42
732
-150
-87
1992
4
-5967
2642
711
483
-2254
3802
-1435
-557
-419
1086
-767
-432
710
98
-1278
1506
-435
-194
454
-573
1194
-2723
3431
-1869
981
-1033
684
424
-880
793
388
-1646
1711
-912
1171
-1456
1684
1677
-5278
1303
1119
-438
-1458
1839
1121
-1955
217
833
-600
-123
-299
1296
-2369
2636
-1982
1364
-1408
1456
-127
-782
780
-104
-568
710
-194
301
-1092
170
1096
-1654
1653
-1594
1118
-640
1057
2754
-3201
-4157
3699
-135
-1393
1983
192
-1758
1427
-1879
2834
-3386
2291
-517
-348
503
89
-605
480
-217
643
-1417
1565
-388
-592
849
-1269
1889
-2096
1968
-1183
241
-429
831
461
-721
-232
857
-753
4156
-5560
250
514
2079
-3344
2056
1957
-1951
-962
1678
-223
-667
-928
2632
-2893
1772
-622
1178
-1719
641
1357
-1856
946
-253
878
-1351
329
1148
-1518
374
658
-816
578
-1706
3543
-2761
879
1438
1136
-4237
-756
2789
-1600
565
1509
-707
-328
-1165
2479
-2641
1946
-1060
793
-1466
1785
-565
-258
161
426
-1072
1162
-908
1500
-1907
952
704
-1867
1656
-1107
405
-575
811
89
-926
1290
-453
2080
-2003
-2333
1576
149
-295
-1331
3211
-1572
-3
-624
1292
-769
-1392
2070
-423
-1354
1305
-1177
1703
-2517
3109
-1879
761
-838
1042
173
-962
56
562
-948
902
-925
1627
-2521
2388
-567
1186
924
-2522
-2483
2379
591
-868
489
1127
-1570
578
-1256
2823
-2538
253
907
-807
615
-1446
2211
-1749
716
-471
1281
-1253
642
1
141
-1594
2897
-1990
963
-1643
1672
-185
-716
954
-430
-493
1923
1145
-2872
-2918
4195
-1399
-475
399
2479
-2399
-724
2224
-1240
-157
-261
1091
-1207
276
964
-953
-256
1388
-1380
1315
-2295
3615
-2804
1139
194
-695
85
472
-331
21
-1069
2037
-1393
1994
670
-1020
-4975
3839
142
-1427
1493
-394
-18
-606
363
830
-2231
2019
-692
-286
622
-1140
1831
-2794
2986
-1658
1113
-1236
1039
200
-782
488
518
-1125
872
-1057
1387
-1098
200
1190
-1430
840
-468
4850
-5232
-3178
3663
57
-966
20
1315
-211
-1485
1863
-1745
1830
-1768
1331
-1774
2132
-438
-925
235
776
-961
733
-422
1174
-1671
684
708
-1538
1898
-2554
2414
-1716
577
641
-716
552
-227
22
3163
-3858
-1030
686
1793
-4169
4063
571
-894
-1963
2030
-12
-1305
265
1274
-1868
1054
-723
1820
-2397
1776
-620
-48
588
-922
1625
-1874
767
126
0
120
-992
1214
-215
-647
1174
-506
415
314
1172
-4389
1190
906
169
-931
657
1745
-2373
526
1062
-971
212
-1103
2367
-3063
2438
-1014
371
-384
642
-120
-331
-457
1680
-1459
1116
-1302
1873
-2359
1636
216
-799
-293
185
1005
699
645
-3352
-2107
5224
-2607
839
-818
2061
-1772
-593
2034
-667
-1143
222
1303
-1065
-161
902
-415
-478
662
-88
538
-1968
3137
-2677
1579
-1273
1912
-1403
-297
940
-438
-414
1083
-973
1593
-2335
5078
-3912
-1993
741
2284
-2258
489
1851
12
-2206
1330
223
250
-1712
1991
-1854
1359
-290
-177
339
-1124
1985
-2197
1946
-691
120
-109
35
-108
326
-1286
2137
-2358
1932
-1769
1864
-1034
1054
3337
-3798
-4964
4698
680
-1822
211
2163
-1710
940
-1768
2672
-2379
464
1027
-1118
804
-986
789
-411
538
-205
169
-932
1536
-1434
1702
-1812
1947
-2083
1461
-290
-271
112
-271
810
-95
-331
3663
-4751
-124
1137
943
-2804
1892
2056
-2096
-436
365
1499
-1969
425
1011
-1041
-129
1083
-841
573
-1501
2651
-2712
2305
-1051
674
-797
-348
1864
-1721
88
729
-1255
1156
-573
1006
-1463
110
3522
-1619
-3094
-1135
2469
-1324
1964
-445
-604
229
-332
410
-11
-665
1279
-2380
2903
-2091
1118
-811
1057
-531
-682
1145
-767
-34
461
-70
-16
-501
-235
1610
-2193
1770
-1554
1405
-849
1243
-719
636
953
-2861
-145
2185
-1868
-469
662
3167
-3798
1774
-958
1473
-2455
1749
561
-1550
76
1247
-854
413
-1133
2450
-2156
1061
-241
522
-270
-1128
1798
-1588
229
319
116
65
-1008
1429
839
1673
-5388
-520
4019
-2927
2063
-376
704
-1549
-439
1840
-592
-785
360
-175
763
-1636
2187
-2043
1779
-1964
1910
-369
-588
736
-536
786
-1105
887
381
-1767
1064
502
-1127
975
-1292
2506
-2950
3676
-979
-2815
-501
1717
-623
-575
1099
1585
-2697
1158
-516
1412
-2927
3050
-1503
79
-385
824
114
-1042
719
512
-1197
1038
-24
371
-915
-99
1324
-2549
2860
-1757
198
-151
927
-21
-496
3012
-1135
-5166
1677
2627
-1407
-2290
4395
-1096
-1265
-1584
3998
-1899
-1456
1520
714
-1659
826
178
526
-2190
2403
-7
-1300
784
-577
1328
-2476
2862
-1128
-393
-540
1003
125
-264
-606
1668
-2333
2330
-174
2012
-6224
2059
1511
-1595
307
1781
-286
-708
-707
2496
-2804
1553
-878
1094
-1606
1708
-362
-1095
1426
-835
782
-871
1033
-526
-160
702
-1003
181
1080
-1767
1382
-2066
3207
-2300
890
1971
-121
-4055
724
865
-521
892
530
-1679
1661
-1769
1808
-2404
2608
-1271
-85
-39
993
-940
30
637
257
-1544
1775
-917
909
-1282
950
868
-2581
1856
-741
287
-567
545
595
-1369
3328
-522
-4131
-269
2851
-989
-938
2030
-806
-145
-1793
3017
-1399
-708
961
-541
-224
777
-674
773
-2291
3253
-2330
1597
-650
596
-437
-406
1336
-932
-474
639
-474
679
-1033
1542
-1233
770
3523
-4009
-2797
1686
2561
-2584
674
921
-287
-570
-746
1996
-984
-1004
1522
-1728
2004
-2265
1890
-1334
1437
-903
261
-276
392
17
191
-572
1226
-2006
1664
-253
-334
-84
-557
1761
-1327
824
1351
61
-3137
-858
3279
-2472
12
1795
839
-1588
-483
1885
-1955
952
-784
1185
-1385
969
-226
36
-178
594
-1052
1670
-1878
2037
-2047
1675
-82
-1523
1238
-990
-73
679
-320
520
-1326
2045
1572
-1310
-3999
1549
1541
-1941
2172
-671
-218
-1234
1209
279
-964
638
-684
274
631
-1157
1439
-2162
2764
-2501
1943
-747
693
-634
31
832
-772
-470
1435
-1587
1093
-1047
1353
-964
809
2195
-294
-4789
-908
4602
-2001
-244
1091
-594
1246
-2128
2084
-820
-805
1449
-1680
1539
-1625
1571
-1611
1466
-385
218
-663
838
-474
680
-888
1522
-2346
1763
-560
-523
606
-511
811
-816
1650
2661
-5447
-807
2047
978
-2363
2325
242
-1069
-276
30
1323
-2021
1425
-788
165
-140
604
-522
179
-374
1122
-2152
2537
-1824
1582
-1691
800
808
-1648
1244
-826
-300
777
-533
1433
-1737
1447
2511
-2575
-3176
1614
1319
-1575
1068
63
1139
-1918
320
1097
-741
-270
152
-191
841
-1981
2570
-2660
2311
-1066
349
191
-391
649
-706
886
-468
-665
176
584
-667
539
-1138
1854
-2289
2656
-808
2867
-5306
-121
3506
-2574
-712
2894
-565
-280
-2109
3703
-2747
819
-408
904
-716
-75
931
-1107
559
-169
560
-539
312
-482
1039
-1680
1825
-1851
2203
-2241
1374
-814
786
42
-455
471
200
1201
-55
-4289
2535
-613
1069
-1815
2759
-467
-1425
196
891
-130
-939
426
680
-1260
977
-29
217
-1024
211
2168
-2767
2125
-1913
2663
-2345
339
1200
-650
-850
860
-192
613
-2190
3369
-251
473
-4890
2268
1982
-2454
-54
2654
-1248
-997
133
2227
-2254
542
-457
1974
-2208
1168
65
-885
1155
-1488
1994
-1639
473
106
505
-378
-117
-383
1254
-2225
2601
-1756
1171
-1730
2263
-712
270
1472
-1640
-2309
1229
850
-813
-685
3253
-2814
937
-1485
3535
-2902
15
1664
-1013
-506
696
318
-471
-1012
1924
-338
-532
202
30
702
-2171
3022
-2327
1400
-1451
937
302
-306
81
80
2054
-398
-5128
3929
-1453
864
-1117
2352
-1332
-788
6
1765
-1501
-100
521
649
-1769
1672
-1132
1389
-1849
1552
137
-1383
1267
-999
1604
-1729
1012
-134
-1268
1619
-536
-297
78
-650
2662
27
-846
-4657
3020
1177
-782
-1240
1858
478
-2307
239
2514
-1566
-848
-172
2702
-3328
2107
-1132
1246
-1425
491
1130
-890
-516
1007
-57
-64
-1407
1992
-848
-981
968
-547
616
-1173
1679
561
943
-3377
-708
1879
-1501
1866
-228
-463
335
-1061
1773
-2553
2589
-1566
443
-400
734
-806
483
246
228
-1430
1997
-1718
1594
-951
883
-616
-980
2135
-1940
748
-541
666
-118
-733
2008
-1391
1483
936
-4505
605
732
1414
-3220
3312
-283
-945
-493
1272
-202
-1245
271
1704
-2406
1829
-1314
1761
-2362
1953
420
-1344
313
-169
1542
-1978
810
644
-1585
593
452
-106
149
-1658
3108
-2737
3347
-227
-3746
-278
3489
-2922
313
2190
-65
-2266
1235
275
482
-3244
3838
-1744
-84
-66
1281
-1081
-466
1155
-51
-1077
1119
-78
48
-1318
1074
1043
-2382
1645
-1126
632
-892
1503
-126
-808
776
1659
-1396
-3413
1656
1165
-964
751
-571
1463
-2510
1857
-732
595
-496
-317
276
112
-370
570
-1290
1978
-2223
2308
-1772
1543
-953
197
908
-1535
370
535
-408
89
-684
1648
-2054
1834
776
2028
-4659
-2591
5897
-2026
-1999
1401
1998
-1134
-1961
2152
-279
-950
213
234
768
-2101
2292
-2032
1929
-1524
1619
-894
-29
218
144
-71
314
-1086
1404
-1229
355
5
-182
834
-1592
1795
-813
1287
65
-3498
709
924
192
-460
420
422
-765
-289
157
1964
-3054
1798
-928
1107
-879
482
17
-242
-850
2052
-1331
787
-1376
1937
-770
-1321
2329
-1900
272
-313
895
-170
-716
923
831
1423
-3740
-1083
3053
-1854
657
-919
2755
-2521
417
95
1242
-1319
-568
1230
287
-1780
1791
-1519
1677
-1798
1797
-739
-613
905
-936
1477
-1382
821
-672
9
529
-227
-398
564
-1089
2304
-1941
1746
-23
139
-3611
1890
552
-1822
1239
1872
-1638
153
-742
2632
-3628
2290
-583
418
-1176
717
1085
-2116
954
474
293
-1220
983
448
-861
-398
1913
-2395
1763
-2339
3005
-1387
-113
436
-307
31
899
2088
-1666
-5896
4932
-511
-136
-493
1828
-1718
473
-55
892
-1327
19
1139
-1032
46
1216
-1660
812
428
-761
1121
-2080
2851
-2587
1949
-1185
888
-480
-337
401
128
-976
1945
-1591
1479
-1849
2991
-95
-2154
-2539
3471
-937
-514
1026
864
-594
-633
-477
2426
-2442
1554
-1721
1741
-753
-316
1030
-1196
470
-437
1204
-754
56
372
-187
-152
-27
94
180
-1716
2358
-1812
1372
-1259
1555
-686
1752
322
-5322
1781
2564
-2511
-343
1723
1715
-3857
1813
407
-122
-2084
2735
-902
-848
512
907
-1294
831
-427
1151
-2604
2697
-706
71
-913
36
2100
-2998
1510
294
-1111
630
-73
1278
-1257
-512
2745
-411
-2969
-854
3223
-2680
908
-194
2033
-1719
-268
1198
-613
-746
915
-650
1028
-2221
2801
-2361
1600
-519
9
349
-616
340
-61
511
-392
-625
534
-144
-357
912
-1332
1355
-1634
2275
-1504
499
1151
-284
-2895
1067
-169
-144
1818
-310
-1762
2074
-1883
1986
-2949
2813
-949
-410
417
427
-651
-6
-111
1324
-1602
1053
-597
611
-865
275
1424
-2396
1190
-859
1493
-1094
-211
1392
-1728
1396
1166
193
-3790
-419
3184
-2563
1283
224
371
-1345
784
675
-1190
-1
773
-644
28
-10
961
-2559
3042
-2014
1637
-1565
1788
-966
-440
1166
-377
-953
1147
-970
1094
-2280
2960
-1547
493
169
1420
391
-3983
526
1857
-1807
1762
329
-271
-1755
1910
-1005
889
-869
628
-432
-927
2347
-2425
1496
-551
277
-427
598
-20
370
-1558
2238
-1925
1689
-1439
1379
-1406
457
603
-551
211
584
-457
1883
-508
-3221
-1528
5291
-2436
-210
146
1977
-1081
-1908
2811
-956
-1252
912
388
-334
-680
774
286
-1034
1617
-1217
1264
-2587
3626
-1675
19
-358
627
-318
-300
3
867
-1803
2056
-1504
2496
-274
468
-5274
2032
926
-446
1309
-173
-653
18
-731
2212
-2708
1419
-459
205
108
-817
1842
-2417
1926
-1414
2110
-1744
817
353
-646
-417
1709
-1419
990
-1913
2040
-744
19
833
-845
247
359
2562
-2797
-3786
3400
385
-807
-199
1734
-1459
-249
949
-596
691
-1941
2350
-1979
1000
291
-158
-636
849
-641
993
-1900
2369
-1366
373
87
-1063
1367
-1413
972
-622
-53
358
95
454
-811
1303
2110
-4790
250
847
196
-1250
3022
-1552
375
-1124
730
97
-570
214
377
-1604
2359
-2093
1587
-914
988
-549
-924
2010
-1795
1454
-1382
1432
-769
-358
503
201
-1140
1818
-1732
1883
-2469
2798
121
314
-3182
-376
1803
-827
393
1211
-1581
1563
-2142
2403
-1816
709
-491
34
886
-1317
1078
-1264
1355
-1089
1231
-480
-55
-468
1455
-1445
1589
-2207
2439
-1711
-17
1308
-600
-559
437
439
207
915
-324
-4636
3345
-362
62
295
745
-490
-1176
725
357
169
-1258
756
286
-754
580
110
-340
469
-1358
2854
-2851
2530
-1699
1068
-1047
819
515
-1067
-547
1624
-1159
1064
-1161
2066
-2271
3873
-3095
-1938
723
2453
-1281
-1124
2243
137
-2298
1364
173
536
-2646
3223
-1419
-400
665
-189
441
-1596
2224
-1206
419
-551
1373
-679
-459
372
302
-1779
2948
-2313
1526
-2039
2214
-314
666
1678
-3480
-1642
3047
-1625
913
48
1361
-3144
2216
-377
631
-2070
1917
-243
-1130
1069
-362
85
-562
505
572
-1084
231
1508
-2052
1598
-1643
2936
-2901
1234
208
-571
67
472
-11
227
-1727
2743
157
776
-5046
1709
434
328
-691
1387
-51
-872
42
921
-830
55
-726
1418
-1372
945
96
-1321
1657
-2064
2738
-2110
1424
-819
770
-236
-318
-89
679
-1404
1440
-1570
2364
-2509
1902
-324
107
821
1543
-4910
-500
2303
512
-315
672
-1119
1461
-3028
3325
-1589
47
169
-477
874
-1309
1405
-814
117
36
420
-580
637
-82
361
-1945
3133
-2042
1381
-2046
1788
-314
-633
1148
-292
-1157
1590
891
542
-5913
2776
454
1015
-2668
3068
-72
-1228
-444
1243
-342
-586
227
946
-1750
1447
-982
960
-477
-324
653
-1675
2411
-2210
1962
-1075
-98
217
112
40
-195
-992
2288
-2254
2407
-1893
1174
-1502
4187
-2861
-2943
1595
216
240
1046
-783
1036
-2350
2528
-1929
1270
-1183
1071
-593
-334
1551
-1447
490
-155
1068
-1076
225
-99
1351
-1807
1615
-1229
1538
-2494
2557
-453
-732
24
245
853
-460
593
1130
-5010
2322
958
-114
-1338
1776
118
-1637
836
-126
292
-1141
1221
-410
-108
140
303
-1063
1461
-1538
2003
-2355
2195
-800
-465
882
-928
1505
-1942
805
389
-1019
1192
-472
-35
279
-1651
3021
577
-1965
-4111
4434
-1436
192
1077
207
-643
-359
90
1188
-2557
1984
-1550
1789
-1542
1501
-980
-15
736
-1035
1342
-1101
138
336
-76
28
52
-358
854
-1973
2253
-1718
1606
-1453
1342
-261
-565
1474
-130
-2666
270
1288
-839
78
1864
-2523
1758
-2259
3058
-2354
854
534
-855
-146
960
-490
80
-1194
2303
-1733
1041
-401
566
-518
-995
2257
-1689
341
-668
794
190
-923
1409
-1122
1003
2370
-2416
-3153
1061
2591
-2400
1142
-777
1580
-1329
-660
1362
-764
-28
-65
-434
1746
-2610
2271
-1855
2077
-1739
924
-594
339
334
-627
546
17
-1182
1387
-765
521
-649
-200
1581
-1864
2059
-1494
1279
558
-2023
-718
167
-226
956
406
-680
248
846
-1708
1581
-1790
2267
-2666
1790
-172
-484
56
122
-328
936
-909
872
-1214
1324
79
-1522
1677
-1765
1039
-860
1205
-605
-436
561
206
2060
-174
-5249
1411
1441
539
-1538
2229
-1862
1289
-1952
1928
-249
-1403
534
803
-765
579
-1443
