221
400
-4833
1735
6286
-4594
-3146
675
6732
-3741
-3228
2316
2358
-1441
-2375
2104
1032
-1392
-1939
2689
488
-1745
1008
-1108
2318
-2053
-507
3105
-2083
970
-1446
493
670
115
-769
462
-1502
2883
-1207
-198
-13
-1325
3304
889
1647
-7011
-2049
3540
1873
-2470
626
365
1616
-1279
-418
1540
-1800
1555
-1214
-325
1681
-1904
1922
-2222
2118
-24
-1091
705
-170
-20
75
184
63
-112
-1186
2044
-1641
1138
-1527
1582
-392
200
-91
654
813
-3985
2428
100
-1178
-1743
4398
-2632
-215
768
890
-1558
-162
2186
-2000
-654
1643
-426
-267
-1012
2120
-983
-402
561
-157
678
-1285
1161
-384
-595
112
318
692
-1362
689
-395
3536
-921
-1096
-4068
2274
-186
100
-11
122
362
164
783
-1903
1653
-801
-388
701
-157
-87
-1197
2603
-2441
1945
-1300
1516
-921
-282
993
-1066
692
-120
-695
744
-974
1669
-1536
1377
-68
944
-4455
2132
5616
-7423
-556
3530
1449
-5352
2775
1426
-408
-2394
2798
-637
-1856
1119
875
-732
-300
-507
1815
-1532
1614
-1569
1916
-1355
386
-129
577
-1398
868
510
-562
43
-1007
2355
298
1974
-4720
-136
-261
1449
-2015
2827
-1308
-116
1139
-515
-92
359
-412
80
-987
2687
-2698
2042
-1296
1185
-1194
456
1455
-1813
547
-78
174
528
-1319
1387
-2545
3107
-1399
1279
-2032
1436
117
1534
-401
-4246
2603
2800
-5198
349
3384
-1601
-3124
4199
116
-1703
-1270
4241
-2767
-169
223
1924
-1765
-105
809
430
-2085
3001
-1388
1050
-2338
2606
-754
277
-1197
297
1176
-406
-591
-338
301
1037
1480
-1463
-1339
-160
-825
214
471
657
-1476
1170
854
-1103
216
-293
647
-1143
1106
-444
-463
1296
-2076
2541
-2039
1727
-1207
1319
-776
-369
301
219
61
-480
-273
774
-451
1443
-456
1169
-4839
2132
4299
-4721
-2354
3411
2425
-4917
1970
909
416
-2910
2524
281
-1872
51
1007
458
-1534
562
872
-701
-59
79
1572
-2087
1149
-497
605
-1330
537
677
-111
-315
-359
1020
1187
-274
-4091
2362
2998
-5206
-997
3816
-130
-2087
777
2244
-1684
-942
1378
-35
-1346
1452
-1621
1676
-984
1204
-1296
852
242
-1388
2057
-1305
-705
918
-188
246
-1773
1994
-608
932
-1117
1663
810
-2690
-655
1863
-2745
851
1833
-1601
-36
263
2591
-4165
2309
110
74
-1897
1890
239
-1353
210
282
1004
-864
-713
1725
-1447
1309
-1567
1848
-2236
1844
-1301
1222
-1320
412
411
-18
2140
-538
-2570
-337
3299
-4693
-191
2707
13
-1730
790
1466
-1692
-254
863
-337
-141
210
525
-1115
1053
-514
-181
1566
-1946
1555
-1543
1512
-1002
679
-349
-1373
2366
-1296
1208
-2230
2489
-868
3630
-5277
-177
3725
-1802
-3726
5140
-656
-2335
820
2136
-1834
-428
244
2497
-3700
2101
-426
1135
-1515
-175
1565
-1062
-205
600
191
-66
-1745
2629
-1567
907
-1821
2001
-815
643
-726
1136
580
-615
-1494
1375
414
-4209
1383
2488
-1922
-147
485
2297
-3977
3009
-686
-583
-409
1524
-995
5
85
1196
-1630
1716
-1429
2097
-2318
1947
-1460
791
-840
479
283
-252
247
-431
894
2616
-2119
-4696
2255
6194
-7393
1568
2162
-1173
-1886
2940
564
-2913
1007
1624
-1348
-702
711
1005
-2077
2094
-1737
2661
-2859
1766
140
-359
51
-600
603
118
-919
797
-385
-2126
1875
-62
1328
-4029
1608
2902
-4624
-1215
3142
1420
-3736
1889
543
1251
-3572
2616
-860
-596
821
-152
-69
-416
510
259
-194
721
-1622
1514
-952
1012
-1109
917
-1399
1343
-144
35
-599
282
450
1390
440
-5138
2061
2287
-4801
2386
1539
-1340
-2159
3500
-425
-2293
1183
1318
-1514
-1161
2381
-348
-1022
282
231
652
-2135
3258
-1910
419
-795
1149
261
-1232
411
-1188
2808
-2071
1243
-1677
3743
-814
-2457
317
2853
-4061
-753
3163
-344
-1741
630
2090
-1386
-1025
1799
-1595
1376
-1630
2003
-1907
1928
-1308
781
261
-854
1073
-371
-478
-34
-144
1264
-1884
1106
-360
-193
1113
525
1401
-5963
1981
5190
-4307
-4421
6710
-447
-2094
-1302
5033
-3533
-286
1039
1008
-1636
18
1118
19
-1476
1677
-969
1733
-2663
3175
-1208
255
-1259
1797
-711
-976
723
86
505
-1524
1603
-1411
3577
-1101
-1249
-2078
4082
-4831
-38
2973
-312
-1107
928
1773
-2201
-554
1821
-1468
801
-1298
2206
-2368
2168
-1173
1441
-1628
949
305
-686
173
245
-1059
1832
-2118
1748
-1905
2445
-1527
1122
-423
1029
-15
-3230
2761
-137
-2448
-234
3430
-2748
-143
833
1802
-2396
-424
2503
-1911
368
16
611
-706
-497
1334
-468
147
-666
47
1657
-2069
1046
-400
81
-332
41
978
-1437
761
603
2965
-6023
2585
1567
-2870
-2990
6296
-1604
-1443
-399
3277
-1455
-1859
2066
-81
-1338
1193
-779
1726
-2688
3078
-1921
1194
-952
1030
279
-1393
117
1383
-591
-72
-873
1333
-1616
2090
-1709
1260
-1352
5481
-6119
-511
5568
-5153
-1409
3659
675
-4067
2976
1103
-1805
-962
1811
575
-3235
2749
-702
285
-1175
1514
-853
350
-233
364
-136
767
-1793
2173
-1952
1988
-2040
1575
-528
-1135
1122
32
1361
-598
-1399
-234
4428
-6033
-363
2307
1887
-3366
921
1355
-342
-1256
927
346
-753
-804
2620
-2241
1476
-1506
2240
-1649
-40
1885
-1540
-451
755
111
140
-896
814
-86
-649
454
-145
2432
-1649
-3947
4692
33
-6467
3029
3092
-3310
-908
3827
-1429
-661
-1356
4389
-3928
875
795
423
-1613
58
1820
-1170
25
-51
608
208
-1521
2542
-2240
1671
-1496
1166
-397
40
-376
1239
1927
-3045
-445
2112
-3056
-888
1802
1612
-2801
1796
-205
920
-2411
2683
-1538
216
-150
939
-748
421
-324
759
-1505
2491
-1847
1829
-2454
2020
-698
503
-401
-922
916
316
57
-208
25
2973
-3796
-1437
3627
-3100
-1795
4353
-854
-2008
1051
2325
-2445
-435
1945
-990
-831
1274
-759
1080
-2380
3343
-2250
1668
-1109
535
320
-671
560
216
-989
988
-1559
2603
-2139
774
-1402
3114
-954
2350
-4683
759
2635
-2465
-1536
1534
1748
-2275
-202
2788
-2432
1178
-1434
2486
-2898
2401
-978
654
-667
663
-81
182
-276
559
-724
704
-1209
2406
-2633
1086
-648
1463
-831
25
1080
668
-1306
-1788
4490
-4930
190
892
2207
-3634
1938
986
-166
-1638
1924
-493
-992
394
1260
-1340
725
-1230
2542
-2365
2122
-1368
1368
-1292
813
264
-790
406
-206
802
-1658
2072
-241
1097
-2767
819
-1239
761
-659
1523
-566
-564
729
374
-1002
14
145
668
-1484
2159
-2527
2645
-2144
2000
-564
-269
-6
327
416
-670
-358
1727
-1503
863
-1022
612
-805
1590
-1137
844
1956
-4686
-295
6773
-4089
-6733
6906
525
-2946
-1809
5844
-3054
-1036
1408
766
-1745
470
1180
-702
-671
930
-542
1247
-1571
1059
-555
1339
-1626
1130
-534
426
84
349
-238
-1594
1265
1067
1542
-4033
609
1480
-2361
-187
1718
-200
-1157
786
773
-975
209
-50
174
-704
1523
-1483
888
219
-790
740
-1426
3021
-2841
1475
-145
-784
1363
-943
950
-2312
2137
-32
29
-1556
1159
-156
3901
-6470
21
7232
-3299
-5665
5076
1647
-4419
-366
4518
-2404
-31
-1475
3924
-3410
1038
623
460
-1280
119
926
-30
-1611
2060
-1090
411
-1224
2094
-1837
1168
-934
747
-162
188
-263
-261
918
431
-212
-1528
915
550
-3344
1189
859
-164
-1734
1994
617
-1148
229
1
-84
-457
788
-400
63
-49
-709
2077
-2143
1857
-1517
1541
-1220
174
684
-1610
1791
-1409
1700
-1592
1768
265
892
-5043
3118
2151
-4331
-834
3931
-1377
-1752
1767
1402
-2217
544
404
896
-3081
3021
-1598
1085
-1249
1611
-507
-676
470
773
-360
69
-1257
2085
-1956
983
-810
596
-281
241
219
1353
920
-4329
1851
1130
-2364
-2468
5118
-1883
48
-1064
3838
-2558
25
666
-282
-537
754
-293
115
-1112
2191
-1702
1801
-1648
1613
-1291
635
145
-565
-187
-99
207
397
-335
453
-917
2905
-858
-2863
-1366
7551
-5364
-2092
3518
614
-3137
697
3020
-2217
-456
1166
95
-1230
-146
1825
-1837
1243
-1318
1848
-2006
1954
-631
23
383
-1301
1628
-542
-577
-881
1008
539
-176
-488
680
1329
-12
-3245
1771
-603
-2044
1230
1586
-706
-1470
1491
1462
-2872
1500
-774
1039
-1556
1573
-257
-622
421
363
-107
-117
-747
2363
-2560
1785
-1444
1347
-1113
472
-180
-576
1027
-464
933
-1448
4276
-3395
-1609
1502
1691
-6215
4021
1095
-1258
-1097
1922
695
-2075
482
2133
-2814
1360
-969
2068
-2094
700
110
-121
476
-1339
2014
-1397
532
188
-645
1153
-2273
2209
-1302
770
-625
957
785
-179
-1571
429
1048
-877
-2828
1522
1350
-836
-1234
2927
-1331
-49
-987
2376
-2434
1010
-487
881
-833
455
555
-846
247
797
-875
1093
-1979
2030
-1654
1154
-620
-859
1721
-556
569
1248
477
-6537
4817
3180
-7023
-656
7158
-2803
-2211
1660
2349
-2791
-133
2282
-2046
45
856
360
-1025
-858
2959
-2293
1598
-1532
1818
-1556
1389
-424
-578
357
-685
1242
-914
889
-1673
2124
89
2747
-4615
-361
2716
-2389
-1528
2018
1002
-1469
-272
2490
-2075
1247
-1657
2206
-2556
2086
-1001
663
-486
88
250
194
283
-177
-446
1135
-1923
2704
-2722
1517
-1987
2470
-955
397
-91
-196
2568
-2407
-1534
3128
-787
-5037
3488
1123
-2419
-668
2521
-266
-2473
2113
-354
-328
-606
1095
184
-1307
781
808
-1631
1648
-1701
2884
-2995
1670
-403
132
-268
-437
1320
-1606
873
-22
2493
-1639
-1974
1324
1644
-5952
1628
3029
-480
-2032
1470
1687
-1990
-932
2685
-1939
823
-981
1283
-215
-1529
2512
-1411
863
-1640
3228
-2228
-142
1048
-341
119
-850
696
49
-553
1347
-943
2682
-3607
-1562
4800
-168
-6240
2633
4220
-4893
183
1766
1219
-2470
94
2710
-3034
1233
-617
1955
-2258
1219
-644
788
-602
514
112
-23
-1915
3108
-1798
1015
-2733
3384
-891
-612
22
-181
2099
-1233
-1560
427
3360
-5884
1245
1932
976
-3270
2200
919
-715
-1567
1740
-138
-1032
421
956
-1457
1851
-1462
1596
-2592
3429
-1284
212
-569
-104
1019
-648
289
-1534
2306
-1042
1645
-1346
3343
-4042
-162
1696
-1658
-3010
4412
61
-2533
1751
432
-39
-2542
3294
-855
-1459
446
45
1160
-2138
1324
-483
1121
-1069
-274
1904
-1544
748
-732
1549
-1621
779
-487
439
-1070
1074
352
1709
790
-3444
-817
-369
224
576
-165
1054
-1749
2916
-2179
691
-832
1696
-1971
1194
-1
-271
-389
1047
-732
1032
-1914
2819
-2140
1383
-1653
2049
-1014
-257
271
-457
611
-3
-198
45
825
2140
-6359
2905
3202
-6010
-391
5049
-2286
-1723
1914
1421
-2165
-145
2378
-2028
-32
1340
-771
781
-2462
3348
-2341
2053
-1242
625
-173
-455
591
453
-1054
340
-435
1353
-1707
821
-173
3137
-2469
-1665
1993
-1002
-2637
1456
2501
-2654
1161
-347
2093
-3143
1782
412
-1869
1466
-875
650
-885
1370
-621
-741
1172
-513
645
-691
584
-1744
2467
-1096
-23
-1010
1480
78
-344
738
-431
4308
-7684
216
5858
-5582
-2067
5714
-754
-3833
2409
2444
-3412
-246
2655
-467
-2756
2672
-429
-29
-1853
2419
-204
-1298
638
-301
1529
-1384
-196
965
-637
938
-1374
1024
-1689
1943
-1291
1775
995
-833
-1643
256
-2002
498
1900
-819
351
-310
1931
-2608
2199
-1780
1333
-1885
2730
-1947
326
881
-646
391
-158
201
359
-1647
2398
-2017
1855
-1717
1179
-1235
1910
-905
81
-137
3279
-3523
-4309
6730
138
-6092
2268
3698
-3776
-1715
4649
-947
-1386
-432
2819
-2599
-11
1421
93
-1398
766
-335
1374
-2140
2191
-1647
2129
-2226
1359
-441
546
-1055
125
1211
-1317
883
-596
2264
-215
-3149
2286
513
-5061
873
3264
-891
-1529
1875
384
-687
-1337
2715
-2134
499
-463
1397
-955
-410
1357
-1132
1052
-1169
1924
-1382
-964
2281
-1639
1300
-2096
2104
-1168
1080
-685
831
-428
3061
-5118
215
5117
-4679
-2812
4981
28
-3328
1293
3530
-3651
597
-214
2642
-3704
2014
296
-596
-359
805
-370
566
-1670
2367
-1479
1674
-1927
1614
-1357
1326
-1008
343
-417
296
-17
58
2375
-1927
-1660
2559
-337
-3336
201
2732
-1474
-652
939
962
-1403
-250
1443
-1642
1308
-803
737
-1144
1031
-372
-42
825
-1260
1092
-955
1102
-168
-825
823
-1583
2747
-2085
1306
-2218
2682
-426
2862
-4693
253
2923
-4164
23
2133
-283
-2436
3145
-310
-640
-1628
3084
-1103
-1384
1225
-16
54
-1280
1521
-275
-854
1187
-852
1418
-2380
2272
-714
3
-345
33
231
417
-916
515
1231
1312
-2844
536
-839
-2409
1680
1905
-1846
128
234
1679
-2929
1939
-198
-983
732
267
-36
-600
290
778
-1629
2117
-1521
1375
-1544
1015
-225
-39
260
-1040
1403
-1450
1290
-1410
2814
-475
270
-5716
7957
-2531
-5612
3677
3033
-3222
-735
3364
-802
-2639
2375
-270
30
-2020
3282
-2509
1852
-1257
868
-362
-73
331
-156
92
50
-1412
2905
-2406
1664
-2299
2743
-1355
698
-262
2672
-1621
-2648
2199
-1979
-900
1308
1443
-1891
886
1039
-1034
113
-447
1266
-2572
2694
-982
-197
81
138
253
322
-480
668
-1838
2606
-2121
1948
-1764
365
166
132
368
-779
1525
1650
-3075
-2556
7071
-6163
-1458
2683
1704
-4208
2257
1742
-1456
-1054
1539
89
-1142
-524
2444
-2331
928
-281
411
107
-1239
1822
-933
801
-1075
362
384
-911
882
-1265
1926
-2381
2499
-1289
2583
-1024
-678
-1289
1529
-2785
-404
3081
-536
-1370
822
1187
-948
-1497
2741
-2267
1165
-1323
2598
-2336
1362
-345
638
-634
322
557
-412
-798
1841
-1787
1614
-2495
2695
-1369
232
-79
-160
1181
156
1934
-6988
2747
5172
-3888
-5393
7413
-1717
-1989
-254
3416
-2429
-343
1127
171
-675
271
-569
1664
-1853
1328
-803
751
-576
-634
2041
-1686
474
-31
80
-11
-1095
2207
-1450
1129
-1819
1931
-1122
3904
-4408
-370
2652
-100
-5345
2892
2770
-3277
702
1025
1310
-3132
1070
1621
-2463
1315
-974
1475
-2057
1905
-416
-39
-499
744
292
-996
1310
-1783
1243
14
-503
75
292
-138
145
-130
34
2637
-2258
-4415
6017
-1246
-6193
3208
2588
-3666
-787
3574
-432
-3352
2605
623
-1681
99
731
101
-1601
1252
764
-1417
894
-1324
2625
-2672
2105
-859
-413
523
-639
1299
-1740
1280
-1007
1199
-716
1973
-589
-893
-2114
4678
-3881
-2882
3664
832
-1895
-357
2313
252
-2984
2395
-1050
1613
-2763
2796
-1102
160
-728
1266
110
-1316
251
1425
-731
-177
-387
694
-450
370
-503
-224
338
546
1068
1188
-4874
721
5043
-6365
1181
1382
559
-3225
3663
-81
-1393
-645
3142
-2311
-553
1083
657
-1844
1356
-875
1450
-1937
1888
-511
152
-642
492
988
-1551
408
68
-442
1729
-1949
1205
-1909
3605
-398
-378
-2946
3250
-1449
-1566
-79
2069
-1746
-180
1939
-155
-770
89
-153
1041
-2167
2690
-2697
2585
-2039
1609
-322
153
-76
-132
345
-187
-801
1260
-1551
1364
-1359
1086
-267
562
847
827
-4944
1983
5461
-6796
-1249
3662
2180
-5875
3428
405
484
-3157
2905
9
-2214
580
1142
-433
-349
-636
1849
-1332
554
-132
1464
-2410
1445
163
-313
-989
383
739
-86
-247
-398
441
689
84
1553
-3386
-296
3888
-3539
-3507
3816
684
-2307
1295
919
695
-2500
2051
-1022
593
-1758
2638
-1123
-155
1
212
750
-1367
1513
-865
-935
1988
-1637
1724
-2820
2600
-988
1115
-807
523
-857
2266
1050
-5634
1010
5534
-5591
-1967
5936
-2074
-1964
889
2272
-1374
-2465
3902
-1915
-174
-630
1762
-455
-728
155
1249
-1915
1786
-1080
1992
-2654
2034
-1203
1516
-1517
154
149
435
214
-680
649
-1332
2658
1050
-2654
-2766
3243
-164
-3719
1991
1260
-1590
115
1363
501
-2297
2161
-1483
1115
-1205
1244
-856
146
849
-1370
1238
-1005
1667
-1200
-178
1134
-2051
2297
-1671
1003
-1434
1305
141
18
-668
640
3232
-3995
-2613
6479
-4558
-2751
3727
1541
-3686
1293
1465
649
-3867
4262
-1607
-60
-886
1464
-90
-815
-346
1770
-1434
779
-1225
3038
-2908
1585
-475
531
-1067
477
448
-365
-139
256
392
-1025
1546
826
887
-3609
-614
-174
836
4
407
259
-823
1127
132
-1780
2253
-1972
1434
-1431
1600
-722
-59
-13
-487
2016
-2027
1363
-405
-45
335
-1006
1947
-2222
1166
-289
272
-330
621
640
1638
-2332
-3929
4893
2728
-8293
2361
4139
-1671
-4045
5414
-667
-1202
-2056
4524
-2592
-460
679
1092
-1341
432
497
35
-1744
2815
-1491
1775
-2917
2449
-1130
1062
-1149
-158
1386
-650
-32
-359
2046
48
-292
-3247
2230
-2784
1503
-201
1464
-2316
1827
640
-1096
-383
1056
-613
234
-633
1817
-2692
2683
-1565
1382
-1008
389
300
-385
412
-453
-437
1169
-1433
1608
-1524
1053
-1113
2085
-1766
2999
-485
-5424
1585
8211
-8113
-2723
7969
-3008
-2241
989
2896
-2735
-1316
3854
-2365
87
-705
2612
-2275
464
19
1249
-1178
124
609
3
-1498
2393
-2016
1674
-2619
2400
111
-314
-895
-136
2520
-60
-2509
-2013
6051
-4343
-1445
1565
2486
-3815
1390
1264
-15
-1717
1157
-38
-678
136
1124
-1919
2024
-1275
1469
-1894
1972
-478
-972
842
-452
6
108
-240
85
-124
1416
-488
-299
1722
-876
-5768
5170
4466
-9483
-665
8396
-1820
-4776
3198
869
-1467
-1750
4374
-3425
14
1204
285
-709
-817
1652
-1095
1025
-951
906
467
-1686
1390
-808
1363
-2367
1310
565
-104
-1188
865
-212
541
1443
-1306
-1115
1006
657
-3086
-490
3386
-1951
-452
691
1668
-1797
895
25
-563
79
260
505
-1017
1116
-1143
1280
-297
-28
67
-665
634
-508
696
-1046
-620
1952
-1059
281
-27
2801
-1235
-6449
4094
8504
-11406
-558
7198
-3253
-3142
3045
2688
-4332
983
1637
410
-3292
2436
232
-1236
630
-771
1992
-1830
-157
1550
-516
139
-2066
2959
-1335
746
-1509
1351
-1426
1754
-1452
847
1177
2116
-4648
-565
4930
-6276
671
2290
896
-2930
2145
1073
-1936
332
65
625
-1191
1115
-316
-464
750
-275
327
-76
-605
870
-721
1069
-1709
1484
-1144
721
123
-626
807
-1396
2270
-1576
4702
-6304
353
3673
-401
-5612
3855
1081
-2208
-382
2651
-800
-1183
129
2302
-2569
1415
-1417
2470
-1957
330
573
82
-205
-1042
2046
-1117
-956
1971
-1692
1361
-2669
3707
-1339
-10
-1063
1623
739
89
-3418
1545
2657
-4647
6
2041
827
-3676
3759
-436
-71
-2397
2464
-165
-1699
1586
-168
-725
216
547
667
-1986
2181
-1061
692
-1398
1793
-1371
466
-84
-7
-156
537
-222
244
1547
284
-5095
2564
3986
-6770
-1277
7774
-2184
-3356
1653
2160
-2231
-323
1941
-1262
-605
1007
-202
417
-1039
1496
-1939
2926
-2671
2209
-1565
873
1
-274
766
-1389
210
1466
-1456
945
-1672
2190
589
120
-4121
3544
-43
-3989
1249
1716
41
-2519
3053
-346
-659
-1293
2081
-897
-1348
1947
-1252
1142
-1265
1603
-730
-507
864
-63
-75
-678
131
1048
-1416
1104
-987
217
640
-36
404
-684
2536
-3113
-1769
4590
177
-7840
5382
1606
-2156
-2908
5483
-1407
-1713
721
1301
-1172
-273
559
657
-1910
2400
-1818
1886
-2116
1969
-1156
1645
-1084
-420
287
67
291
-651
1213
-1657
1448
-1008
1501
181
443
-3864
4160
-2412
-3644
4066
205
-1321
-357
1963
-150
-1370
1175
-153
-149
-860
2292
-2032
1350
-1117
1702
-1335
429
636
-1022
302
792
-1510
1574
-1830
2042
-1696
1369
-772
-150
743
-260
880
945
-3790
-1485
8463
-5202
-3310
2827
2535
-4410
2015
1245
-287
-2091
1864
927
-1985
-489
2761
-2021
593
-1145
2388
-1497
-747
1546
-210
-509
40
183
-43
-693
898
-427
1007
-433
372
969
-2593
666
1913
-4129
472
2147
-35
-1588
292
2531
-2667
987
-662
1694
-2823
2643
-842
-185
-647
828
816
-1281
479
68
117
105
-996
2019
-2820
2586
-2067
2028
-1829
1105
-441
806
3003
-3453
-3709
5386
993
-7961
3184
3845
-3345
-1202
2368
242
-2045
1589
-560
179
-1036
1660
-800
87
233
-519
354
608
-1283
1749
-2027
1800
-1128
1126
-1317
-421
1894
-848
909
-1405
3371
-3286
1085
-1359
-796
-886
3226
-1455
433
-1116
2485
-1526
-602
1390
-550
-742
1743
-1490
1291
-2099
3221
-2123
943
-164
-103
126
-16
-71
234
-559
1071
-1237
1217
-1699
1531
-1073
2306
1131
-4304
-4259
10415
-646
-10051
3528
4312
-4431
-1732
4956
-1022
-3234
2493
362
-311
-2192
3437
-1992
1131
-1092
617
78
-112
-304
649
-576
701
-1420
2624
-2488
1966
-1906
2151
-1224
317
1206
451
-2836
687
2429
-5881
1388
3031
-338
-2231
1216
1518
-2208
1039
-371
547
-794
826
-423
377
58
-655
173
1478
-2437
3248
-2628
1273
-972
1476
-466
-1048
769
-290
789
-1148
1549
1432
-3278
-3489
8315
-2269
-5752
2754
3732
-4535
-662
3640
-495
-2671
2025
51
-303
-1863
3141
-2040
490
3
73
1011
-2000
1135
193
-259
389
-1454
2043
-1420
1235
-937
913
-1503
3122
-289
-311
-3486
1375
-568
-1908
2288
227
-456
-1141
3902
-3218
-122
1970
-1361
196
-1768
3296
-2311
797
-628
1455
-1246
605
107
427
-1334
1280
-1481
1595
-730
-210
-731
646
1466
-1052
211
401
2285
-2714
-5256
6675
1252
-5700
-1636
7587
-3787
-2053
1798
2203
-2213
-836
2154
-681
-1255
1195
-151
663
-1849
2063
-707
-63
-454
657
660
-1653
1057
-309
-329
657
-833
1287
-1333
1177
282
2045
-3807
-1032
4009
-2101
-4105
3259
1995
-2870
118
1810
292
-3332
3328
-850
230
-1798
2399
-787
-793
999
-127
37
-819
1279
-228
-1392
2197
-1739
1778
-2177
1538
-1212
1662
-1014
760
-883
1180
595
1781
-4115
-2052
7913
-6090
-503
1808
1716
-3492
2335
937
-1311
-898
2011
-149
-1310
229
1392
-1200
280
-343
1553
-2058
778
929
-585
-311
-82
1002
-480
-139
296
-813
1421
-1617
1573
301
630
-4935
5217
-1272
-3107
293
3585
-2002
-1396
1584
962
-1675
162
863
-493
-1187
2980
-2809
1762
-1970
2830
-1896
531
1085
-1391
149
546
-323
893
-2052
1926
-1689
2130
-1522
434
164
4755
-7427
-14
7452
-5433
-3949
5087
893
-5168
3194
1147
-963
-2370
2533
1104
-3967
2673
-95
-146
-1255
1521
-24
-749
-485
1803
-710
-75
-650
946
-941
1626
-1962
690
165
52
-142
-383
1453
336
904
-4762
5139
-3352
-840
-14
2760
-2109
800
-785
700
1102
-1146
-363
1297
-974
867
-1715
2667
-2534
2033
-1402
1685
-1574
1164
394
-1241
358
-412
627
49
-923
570
-552
1180
2582
-3102
-4242
6012
674
-7169
2620
3151
-1711
-2708
3878
-201
-1356
-1621
4579
-3456
223
541
473
-625
-892
1785
-677
-336
629
-227
980
-1952
2146
-1671
1496
-1801
1015
-47
587
-1178
416
153
2437
492
-4856
2547
-411
-2182
-650
2818
-1468
-233
1498
526
-868
-1402
1816
-967
78
636
-837
308
504
-218
538
-459
768
-1727
2203
-2047
1517
-1316
362
481
-1067
1420
-1599
2092
1385
376
-7220
3465
4930
-6386
-1199
4726
-1788
-1988
2106
1388
-2632
1274
319
107
-2316
2627
-1137
-80
561
-570
763
-1529
2125
-888
-2
310
-1605
2889
-2227
1288
-2245
2889
-1594
968
-325
1817
-426
-2084
1767
-1810
-2503
1786
2308
-2684
1069
487
1012
-1989
-29
1939
-2442
1475
-983
981
-835
114
1088
-738
319
-519
394
473
-1026
582
-351
251
-421
590
-136
-886
1546
-4
3754
-7429
-10
6676
-1605
-8494
6999
954
-2834
-1451
4532
-1253
-2243
1537
1173
-2261
1038
-56
1258
-2644
2806
-1615
1229
-1259
1164
-82
-671
345
350
-62
-430
-396
1042
-818
1346
-1894
2416
870
-1273
-2808
2368
-3303
224
2707
-398
-691
-1106
3233
-2507
40
897
-114
-656
-400
1984
-1874
1238
-1489
2111
-1287
253
1162
-1666
627
306
-354
674
-1742
1657
-1356
851
-287
1146
2307
-5532
326
5274
-2829
-5581
5720
55
-1983
-1427
4891
-2635
-708
802
681
-921
-316
1416
-975
-587
1230
-631
704
-1126
442
895
-1020
622
-437
20
-57
-17
329
-515
276
-368
2537
-550
-2948
-486
6186
-6777
-192
2285
2341
-4491
1955
1843
-1700
-259
1012
-341
-551
-322
2658
-3096
2238
-1497
1919
-2280
1998
135
-1306
71
903
-170
68
-786
731
-1357
2279
-1655
1384
-1873
5561
-5709
-1821
6742
-2504
-6140
3891
3466
-5533
757
2773
155
-3096
1751
1629
-2801
1343
-162
687
-1531
1494
-700
-17
659
-1489
2345
-1785
698
-1337
1942
-465
-510
45
400
-618
524
839
1757
-2659
-1694
2788
-3149
-839
1864
1307
-1950
650
1575
-1837
317
121
602
-871
-260
1432
-936
-104
473
-174
711
-2209
3349
-2334
930
-490
630
-27
-1227
1121
-578
1202
-1197
887
-1468
2933
1634
-4933
-2562
8282
-5691
-3232
5212
103
-3443
1596
1816
-484
-3358
4428
-2056
579
-1308
1900
-1175
-47
744
-950
1037
-1137
1031
-277
-708
1983
-1893
1037
-4
-643
353
-416
699
-1187
977
1469
-162
-2375
1506
711
-5447
3689
50
397
-2751
3606
-959
118
-1347
1477
-499
-726
846
310
-460
-64
-804
2209
-1809
875
-397
83
85
14
809
-980
-428
1032
-271
334
-1577
1954
2631
-2830
-5639
8061
-1275
-5978
1703
5456
-4961
340
2437
-510
-1792
750
2037
-2124
-983
3043
-2785
2204
-2167
2427
-1595
679
-391
744
-51
-912
108
1098
-255
49
-860
294
-137
826
134
1315
-4356
2493
2141
-4570
-324
2402
1010
-3457
3031
-370
810
-2810
2199
-194
-1423
1311
-514
1007
-1711
1556
-277
248
-765
644
124
-1177
633
1359
-2039
642
-1089
2613
-1374
96
702
2264
-3904
-2814
7447
-4149
-3791
1842
4579
-5563
1379
1593
504
-2492
1692
661
-1969
420
1059
-639
477
-1572
2345
-1333
577
-540
1141
-732
-404
617
121
-340
-67
220
147
-589
921
770
394
-2216
1205
-1697
-2410
2539
830
-1251
466
1105
-616
-715
-113
1837
-2442
1583
-583
226
-2
-646
2022
-1958
1151
-966
1519
-1046
-605
1128
-630
625
-963
890
-850
590
572
-417
327
3115
-6241
-2209
8276
490
-9499
4662
3819
-3848
-3585
7723
-2508
-810
-1095
3100
-2639
315
1073
-102
-748
215
219
806
-1436
1233
-1418
2468
-1757
838
-1344
1533
-680
87
741
-982
197
70
1325
213
-2211
97
2324
-3538
-540
1708
1050
-2257
832
1387
-582
-1205
1333
-551
49
-1032
2532
-2434
1726
-1459
1819
-686
-292
736
-1077
328
690
-627
126
-1459
2227
-1000
541
-939
942
1465
757
-6912
3478
5186
-7056
-1134
4869
-620
-4518
4228
-89
-69
-2599
3007
-699
-1552
1589
-393
-152
-384
942
-542
-227
880
-349
445
-1050
926
-424
526
-580
-163
591
-294
85
-190
338
1627
-1921
-218
976
830
-5056
2650
952
-404
-2403
2869
458
-1494
-86
1096
-715
-407
910
-247
-14
-36
-404
1480
-2056
2464
-1982
1351
-972
484
253
-1485
1893
-1308
1613
-2183
2643
-1867
1657
1068
-386
-4635
4323
-718
-3682
2191
553
-471
-746
2108
-1060
-566
1070
-516
123
-1298
2815
-2508
1603
-594
275
-304
196
686
-327
-801
713
-513
1023
-1158
557
42
577
-1247
221
599
1319
122
-3949
4041
-1834
-2106
-207
4355
-3476
1069
-548
2519
-2475
149
1213
-665
-300
716
-816
1150
-1372
2043
-1820
1559
-1667
1016
859
-1215
-935
1528
74
-658
-216
640
-462
1087
-1361
2469
-561
-3257
-124
6033
-6317
-468
3977
-1399
-1267
1083
1705
-2366
145
1879
-1109
-915
634
2043
-2918
1564
-1183
2591
-2428
661
1360
-2146
1123
98
354
-1182
42
1144
29
-753
-415
293
2245
-221
-3501
1045
3296
-5093
35
3209
-1055
-2599
3604
-1173
951
-2702
3406
-1908
-19
738
180
-818
390
319
539
-2085
2953
-1428
462
-1056
1318
-897
331
-239
-346
167
600
-303
339
-653
2210
-164
-3745
-429
8554
-7332
-1103
3395
381
-3440
1699
2359
-2245
-331
2250
-728
-974
-485
3106
-2611
878
-1268
3184
-2792
963
298
-40
-413
-286
946
-801
-246
721
141
-451
-480
1277
820
-963
-2006
2662
-1697
-3673
3609
746
-1302
-1058
3619
-2370
198
-863
2831
-2850
1070
300
-44
-587
143
1199
-741
-936
1730
-1001
1156
-2171
2243
-1139
264
-138
108
-396
791
-229
-25
-276
750
1889
-2185
-3333
5325
-1735
-3650
2476
1519
-3504
2087
424
135
-1696
1010
1407
-1679
-148
1405
-1143
918
-1857
2953
-2416
1585
-1604
2018
-557
-541
-248
591
55
-363
369
-262
-246
589
479
1998
-4283
1104
2019
-3561
-1112
3021
906
-3571
2084
903
323
-3080
3025
-720
-885
239
888
-118
-1544
1738
-706
815
-705
196
1049
-2491
2605
-1001
684
-1513
675
516
-113
-392
-124
1155
3261
-5787
-17
3778
-3692
-1095
4113
-1488
-1226
64
3722
-3941
1218
357
852
-1872
1028
602
-475
-943
1625
-1062
1080
-2383
4164
-2455
152
27
696
-208
-289
-50
-72
236
-92
920
819
-557
-3023
4040
-3504
-1680
1841
1737
-2266
472
1993
-1704
-603
2202
-1682
348
-916
2865
-3404
2492
-784
1415
-2254
1806
153
-1036
30
551
-112
0
-604
601
-791
1246
-636
1411
466
-3874
908
5078
-5947
-2033
5879
-1708
-1878
-160
4322
-3761
748
480
741
-1690
306
1728
-1534
56
-277
1236
-686
-240
1753
-2862
2552
-1164
1390
-1213
489
-324
109
58
-956
350
3179
-691
-3924
1843
-126
-2980
1987
1262
-760
-1341
3186
-2004
313
-737
1889
-1916
678
594
-311
-875
1935
-1435
1452
-2092
2146
-242
-1070
315
36
162
32
69
410
-1746
2100
-789
1799
613
-4961
-2033
10693
-6967
-4734
5357
2728
-5873
710
4553
-2217
-2059
3281
-866
-760
-1550
3848
-2611
220
256
357
367
-1487
1814
-377
-1544
1621
-641
974
-1314
1008
-1516
2845
-840
2069
-5054
2744
272
-3757
38
2681
859
-3416
3053
-383
-148
-1335
1128
690
-1904
1398
-804
1632
-2262
1904
-442
-15
-108
43
659
-1061
-61
1594
-1574
328
-915
1837
-1543
630
214
496
2910
-6418
1432
5320
-4055
-5335
6912
-1285
-1989
-735
4231
-1957
-1378
1336
707
-1298
423
560
-47
-1843
2488
-1222
991
-1496
1473
-420
-311
711
-292
-664
1194
-680
163
-47
-571
1942
469
-2054
-430
1835
-4179
836
1905
309
-1749
1233
1359
-1666
-821
2639
-2283
1077
-1554
2985
-2625
1597
-530
498
-514
56
1359
-1305
-754
1633
-915
1304
-2040
1291
-1095
1942
-1127
2728
-2204
-2715
2684
3226
-5616
-2084
6124
-2288
-1544
245
3667
-3204
-92
1839
-751
-820
-57
1897
-1704
-51
864
85
-329
-586
1990
-2172
2035
-1134
597
-695
320
367
143
-852
-479
766
1361
1354
-3811
265
2836
-3627
-1631
3349
-574
-1356
1216
832
-340
-1640
1695
-305
-964
1275
-944
537
-92
-94
728
-1252
2100
-2181
1589
-1291
395
630
-904
760
-1583
2016
-1116
1419
-1337
2404
-349
-3217
679
5094
-7380
510
3795
-1335
-1556
1669
1040
-1094
-1725
3957
-3231
1125
-1376
2869
-1710
-376
441
545
157
-909
749
612
-1896
2019
-1700
2224
-2818
2268
-678
309
-1448
2000
1084
-1047
-2708
2090
1864
-5571
1519
2327
-971
-1316
1037
1775
-2375
592
-76
1135
-1501
705
243
-197
-82
433
395
-604
-771
2399
-1947
852
-1650
2459
-1490
-122
785
-1309
1722
-1010
2123
300
-3712
-1369
8368
-6807
-2244
4113
1166
-4212
2063
2009
-1144
-1785
2457
-178
-1224
-926
3612
-2700
759
-1405
2945
-1565
-496
1480
-756
-505
785
182
-353
-1265
1290
366
-262
-1211
-126
1273
1734
721
-3784
161
232
-1457
633
1325
-1244
1175
-1436
2933
-3104
2038
-1567
1705
-1384
851
-237
210
62
-319
-105
1279
-1418
1384
-1513
1319
-1456
2345
-2210
569
-347
1094
20
-548
3374
-4004
-2059
4212
3054
-9666
3970
3726
-1913
-3525
3815
257
-1888
-176
2208
-1666
-348
403
1409
-1791
1435
-1181
1211
-192
-633
731
-531
628
-838
410
619
-1366
1252
-1178
1602
-2599
3278
-604
2658
-4898
1233
144
-2074
-128
2190
-638
-1024
1927
237
-1398
158
267
1164
-2803
3430
-2658
1669
-1246
1216
371
-876
382
152
-662
812
-1513
2333
-2167
1251
-1264
1466
-1076
1096
1662
966
-7541
3615
6838
-8210
-3597
8704
-1808
-2575
-710
5312
-4055
556
506
1088
-1564
3
831
-91
-205
-14
-309
970
-1186
1527
-694
172
-713
921
42
-449
-681
377
723
-398
-171
133
1179
2829
-5773
1243
959
-2596
-1433
4263
-1073
-1201
671
1581
-1347
-908
1583
-203
-851
554
104
-259
-1158
2830
-2605
2032
-1788
2010
-958
-716
1164
-974
1265
-906
162
-895
868
958
2799
-6528
-1477
8683
-3440
-7590
4601
3822
-4443
-1540
5355
-2238
-1001
139
2426
-2421
-516
2621
-1754
1181
-2127
2741
-1306
14
61
657
-378
-41
-938
2467
-1982
1309
-1588
1991
-1724
898
-1039
972
1256
-160
-2078
975
1518
-5229
2671
1233
-706
-1863
1776
1682
-2732
1346
-398
91
-342
515
579
-1511
1467
-689
923
-1080
1160
-905
457
-384
357
-218
-182
17
354
79
-669
2534
386
-4820
549
6461
-7552
-1828
5911
-1313
-3121
2362
1833
-1849
-1745
3734
-1732
-55
-866
2157
-1973
948
-1
-113
357
-1389
2093
-980
-160
887
-1812
2821
-1954
1470
-2201
2129
-1642
1540
-278
2105
-4758
2192
3716
-5025
-1731
3337
1173
-3590
1162
1563
-138
-1437
99
1874
-2932
2508
-1201
746
-587
30
1324
-1091
634
-775
566
-389
423
87
-329
-616
1315
-492
332
-597
2464
164
-6615
4956
1936
-6746
1855
2265
-672
-2315
3464
-774
-766
-500
2164
-1427
-736
824
743
-1688
1524
-1445
2402
-2294
1444
-800
1117
-614
-389
231
881
-347
-377
-624
564
-704
3016
-1299
-2619
887
5470
-7616
-125
2935
686
-3022
1432
2046
-1518
-1024
2172
-1596
754
-987
2356
-3178
2564
-811
81
36
-390
1432
-1690
530
756
-1326
2105
-2445
2057
-2018
2273
-1064
729
1900
-2961
-4378
7776
935
-8510
1689
6557
-4860
-1084
2587
1466
-4061
3011
-388
27
-2167
2922
-936
-702
836
-209
-500
829
-797
1891
-2368
1809
-1699
2052
-1183
237
-518
1423
-795
-575
1021
2412
-2247
-3788
5151
-3377
-1446
569
3490
-3097
680
1150
-359
-772
-123
616
-165
-723
1397
-1693
1755
-1542
2210
-1464
377
-276
461
15
-386
-369
945
-443
-144
526
-879
345
859
1068
-415
-4929
4724
1179
-6845
2234
2617
-2064
-1133
2811
-816
-573
-446
2519
-2165
-41
1157
-768
1540
-2694
2245
-1401
1621
-1374
492
559
-737
-537
2369
-2108
1457
-2510
3312
-1859
463
-658
1881
-375
-1966
1459
1227
-3662
-71
2111
245
-2670
1961
310
796
-3141
3599
-2018
687
-647
818
-215
-264
246
551
-1039
998
-1801
3293
-2879
1805
-1183
555
-293
248
73
-716
796
826
2740
-6295
2471
812
-1621
-1660
3944
-2825
1030
-30
1305
-1545
-295
1833
-849
-998
1883
-1620
1650
-2051
2380
-1519
1106
-1061
599
498
-928
510
154
-592
662
-1062
1549
-2012
1939
-1651
3078
-1477
-1033
-554
3761
-3899
-1964
3943
-198
-1957
-402
2949
-1024
-1821
1875
-676
-84
-1085
2874
-2163
676
-586
1449
-907
-112
1438
-2386
1785
-626
816
-1276
45
601
