-700
1675
-153
-2527
3330
-1738
52
626
-1436
2330
-2507
827
982
-1143
1143
-1330
1074
-101
6
-852
1813
-1431
-225
1826
-2473
2291
-1957
727
1186
-2109
736
1348
481
-1990
-1002
2325
2835
-6855
-692
5312
261
-2488
-3166
5093
853
-3842
881
570
1828
-2903
-351
2420
-248
-1251
-396
1934
-1659
1096
-535
152
1690
-3655
3165
-1982
396
656
-965
-32
522
-251
182
347
-1294
3180
-3116
353
717
2253
-5635
3001
1247
-1370
-1847
3114
-53
-1937
513
2079
-2526
1229
-132
927
-2086
833
1843
-2899
2210
-1519
1635
-1672
1288
98
-989
-353
1259
-998
1349
-2250
2463
-2684
2485
174
259
-3373
2472
1493
-3313
-587
2847
-376
-1384
-238
3693
-4049
1948
-720
1304
-1737
348
1419
-1784
1095
-649
926
-952
848
-408
622
-1238
1271
-1564
2585
-2899
2304
-1642
1248
-170
-247
226
867
-1226
250
-181
1286
-3298
2724
-1462
1432
-1535
1666
-766
-237
809
-397
-308
-80
537
-398
-146
632
-449
-675
2197
-2515
2390
-2406
3161
-2430
503
534
-237
-45
87
-223
593
-1706
4324
-4043
928
317
1209
-4237
3072
778
-1492
-1189
2903
-489
-1629
720
1645
-2845
2196
-674
688
-1623
1009
1243
-2711
2321
-980
342
-922
1001
387
-1394
311
594
-509
382
-1039
1581
-1802
2758
-2006
-512
1019
1557
-4120
-126
3802
-2202
-470
1203
615
-1182
-1627
4409
-3951
1295
-167
1306
-2184
1073
923
-665
-990
1483
-618
1178
-2108
2365
-2086
1451
-376
137
-652
255
847
392
-792
-1221
1940
2824
-6438
1720
1368
1907
-5086
2890
2215
-1933
-1756
2373
1133
-3303
856
2175
-1629
-927
1403
518
-1526
-488
3529
-3461
1615
-1757
3158
-2042
-357
849
-216
-329
486
-226
645
-1370
2681
-3995
4039
-1107
-2452
-1445
4852
-1497
-2092
1223
2220
-2623
200
1469
182
-3380
3854
-1382
8
-891
1234
609
-2686
2656
-910
165
-372
377
394
-1463
705
1184
-1816
972
-1483
2049
-320
742
-3140
2447
1450
-3558
-1535
3910
376
-3829
979
4251
-3862
202
-255
3783
-4990
2118
1535
-1606
-909
929
1079
-1329
-139
1112
-273
-1230
1354
-475
705
-2704
3424
-2087
632
-738
1272
-432
286
580
-2547
1772
2468
-4644
253
674
3326
-5222
2975
1338
-1238
-1547
2553
-369
-1765
298
1998
-1860
515
123
753
-1200
-696
3342
-3014
1421
-1595
2044
-1561
511
755
-1271
267
620
-897
996
-599
2073
-4234
3190
57
-1850
-2292
4067
-231
-2971
1287
2612
-2712
-324
1218
1417
-4175
3643
-670
-480
-1149
1416
1100
-2666
1827
-208
-468
108
226
759
-1559
-279
1943
-1604
1197
-2010
1973
-987
1977
-1812
-770
2326
-748
-2594
471
2367
-2192
-369
2746
-1814
207
-1115
3587
-4195
1870
734
-414
-1157
972
298
-259
-1252
2444
-1156
-85
8
-79
439
-1197
1749
-1522
597
-615
944
-22
371
-689
-1471
2590
750
-3876
100
1744
1562
-5094
3919
418
-1536
-1146
2442
-376
-1668
356
2290
-3113
1891
-522
1707
-2874
1507
1291
-1973
834
-695
1763
-1955
6
1458
-1172
700
-673
748
-307
-726
3133
-3357
391
936
-410
-2738
2190
1460
-2898
1208
1318
-883
-915
651
1384
-3624
3577
-1833
1223
-2205
2111
-274
-977
1046
-263
-488
604
-526
1421
-2013
877
635
-1249
1082
-1209
963
-682
530
856
-287
-665
-621
2233
-2455
-800
1273
1583
-2271
-796
3883
-3112
847
-594
1997
-2284
303
1059
-216
-1165
1423
-1340
1892
-2421
2803
-1428
169
-335
68
1131
-1460
-120
771
-233
486
-1025
2010
-1014
436
-3081
4402
-333
-4728
2160
2133
-2040
-1829
3247
299
-2725
1280
1192
-1335
-542
480
1579
-3439
3174
-1796
1920
-1959
1183
-12
-130
356
-441
-60
742
-2139
3386
-2218
1080
-1554
1440
27
-103
1053
-1031
-571
1041
-545
-1221
-261
3463
-3558
1357
765
966
-3198
1794
1701
-2932
1223
-451
1498
-2403
1726
298
-508
-809
1941
-1485
1077
-2137
3619
-2640
573
517
-222
-128
316
39
306
-283
779
-2448
3344
-1047
-1439
-1770
3960
-1338
-1759
1791
416
-843
-1085
2793
-1737
-1207
1697
406
-1659
1261
-1352
2541
-3215
2797
-814
378
-645
-154
1430
-1478
172
734
-579
782
-1507
1616
-823
1252
72
-1958
760
1425
-989
-3948
4173
946
-3709
1138
2040
-733
-2456
1418
2717
-4541
2630
-686
1529
-3167
2512
536
-1484
-237
948
345
-1132
256
1569
-2511
1321
171
11
-204
-1247
2354
-1738
950
845
-2351
624
2182
-1127
-3664
3738
-297
-2150
658
1869
-754
-2503
3590
-1682
-333
-378
2129
-1947
240
589
194
-1531
2293
-1502
1684
-2530
2330
-57
-1293
859
-583
224
80
-14
523
-1906
2167
1
1365
-4395
2070
2723
-2709
-3058
3821
1456
-4195
1094
2351
-1093
-1665
1322
1221
-2113
37
2108
-2552
2118
-2250
3103
-2609
1278
155
41
-357
-208
227
732
-1566
1751
-1429
1598
-2463
2872
-753
-249
58
-585
565
795
-1233
-1644
785
2396
-2758
2013
-1277
2266
-2877
1864
321
-1344
287
-276
1751
-2266
1232
128
98
-938
1061
-193
558
-2175
3206
-2573
1634
-1826
2668
-1528
-456
871
-167
628
470
-2478
2013
-386
1545
-5186
3943
573
-1547
-1827
4350
-1248
-2328
1200
1729
-2326
449
658
481
-2392
1865
596
-1379
792
-1247
2883
-3807
2864
-322
-892
-118
563
258
-738
-375
1778
-2038
2003
-406
-1631
-720
5717
-5157
-2280
3184
2370
-4135
292
3401
-1414
-2990
3856
-1047
-322
-2512
4308
-1565
-1749
2048
-577
-64
-1273
2695
-975
-1164
774
516
-971
911
-1213
1734
-2761
2679
-1533
1076
-315
1411
-2851
236
3932
-2534
-4754
4317
1635
-2205
-2695
6209
-2769
-1072
398
2014
-1692
-1122
2434
-908
-879
533
1178
-1470
849
-712
1537
-2769
3370
-2084
1110
-1425
1104
272
-744
199
263
-1125
2321
-443
-544
-2987
5688
-2635
-2531
1919
1704
-2926
-265
3333
-1529
-1734
1649
958
-1960
-57
1846
-994
-1804
3259
-2513
1891
-2346
3232
-2076
289
787
-696
181
160
-588
1303
-2495
3102
-2117
1661
-1026
1712
-2565
316
2532
245
-5206
1976
3230
-1626
-2845
3575
-524
-244
-1983
4547
-3346
-210
1889
-973
252
-1002
1493
-672
-151
434
257
-446
16
-556
1757
-2386
2009
-1864
2214
-2047
808
23
713
314
-945
-785
1561
729
-3916
-336
5155
-3982
659
-162
2844
-3603
1220
977
-761
-747
1237
-843
448
-1090
1972
-1317
439
-175
-426
1905
-2510
2260
-2042
1324
-720
425
479
-1186
180
1049
-1463
2886
-2646
-466
-648
5662
-5430
-1865
3469
1989
-4047
302
2764
93
-3961
3582
-375
-625
-2097
3971
-1683
-1515
1939
-692
942
-2460
2929
-806
-1060
397
1103
-660
-319
-1342
3399
-3261
2355
-1691
1104
-460
1851
-1740
-1217
2249
492
-3643
731
1881
-473
-3033
4264
-1746
298
-1862
3839
-2710
-389
1624
-485
-710
212
634
101
-1404
1391
536
-1660
1346
-1342
1346
-1763
2139
-1548
554
-701
695
166
42
1145
-2072
-1590
5045
-2344
-3392
336
5695
-4986
269
2268
339
-2841
1406
1634
-1595
-1525
3333
-1923
-286
702
525
-536
-1922
3958
-2889
1081
-695
1673
-1237
-469
713
351
-1376
1859
-1997
2315
-3130
3256
-856
888
-2206
1046
1261
-2278
-1742
2753
304
-788
-1046
3379
-2611
696
-448
1583
-1180
-393
1396
-1772
1337
-1249
1695
-783
-564
626
604
-1283
1371
-1975
2894
-2993
2284
-1427
1024
-937
555
1246
-1256
-1543
2819
129
-2756
-1709
4516
-1397
-1153
-1224
4769
-3920
636
1313
50
-1526
482
448
159
-1141
1487
-1122
602
-37
-80
1067
-2249
2008
-1418
1193
-767
172
-135
-153
632
-442
471
650
-847
-1154
1791
1485
-5866
1983
2002
-222
-2727
2312
1683
-3047
524
2075
-1877
250
-1085
3347
-3770
1963
-488
1038
-917
-482
1402
-1098
592
13
-495
999
-2135
2207
-358
-588
-165
-586
3048
-1604
-1880
868
3580
-3780
-3702
5297
410
-3385
300
2727
-455
-3601
3988
-1357
-4
-1915
3514
-2260
46
717
265
-961
635
-192
1060
-1576
1190
-585
-208
1243
-2169
1771
-1326
305
392
32
516
409
-2280
747
3117
-3403
-2438
4011
-464
-1617
-781
3936
-3109
253
427
1317
-2042
362
599
510
-2010
2377
-1771
1760
-1545
415
1431
-1799
703
-520
946
-863
-342
1424
-1131
687
-895
792
-199
1389
195
-3009
839
3506
-1908
-5904
4849
2613
-5069
1034
2770
-304
-3498
1638
3296
-4971
2293
-276
1793
-3638
2809
577
-1475
-702
1546
147
-1332
427
1613
-2481
767
910
-911
916
-2216
2692
-1755
702
1238
-2110
-216
2803
-886
-4028
2077
3056
-4017
850
574
1729
-4081
3475
-290
-1181
-747
2256
-856
-895
444
1290
-2349
1907
-107
250
-1093
-177
2259
-2528
1222
-576
235
-34
-381
1145
-1558
2184
-1123
-1051
1443
1157
-4074
84
4200
-2444
-1203
839
2196
-2824
29
2320
-1655
-508
1453
-1147
880
-2175
4078
-3304
1705
-486
664
-495
-74
731
-457
-1277
1904
-1043
1524
-2764
2532
-1706
2079
117
-2744
342
5293
-4371
-3891
5025
1350
-4586
1991
1361
630
-4490
4632
-607
-2214
825
980
-219
-2161
2643
-689
-228
-279
1142
-509
-214
-309
1407
-1938
2064
-2507
2575
-2290
1790
-717
-36
1779
-2264
-615
3895
-2294
-3449
1461
4731
-5145
1447
535
1976
-4085
2314
1682
-2668
-467
2200
-711
-955
696
1330
-1943
-395
2844
-2496
1671
-2460
3547
-2401
249
783
-76
-748
458
-164
898
-1981
4067
-4661
1364
1969
706
-5565
3029
1999
-2111
-1370
3037
-254
-1924
590
2194
-3389
1500
909
-964
-255
-950
3355
-3658
2443
-655
618
-1317
998
433
-1448
-381
2147
-1934
1517
-1899
2307
-2703
2437
-34
556
-2643
1671
1248
-3134
-588
3170
-905
-1054
-649
4122
-4305
1845
-181
724
-1367
1
1433
-1577
1047
-387
58
-157
554
-235
329
-1056
1503
-2240
3032
-2584
1628
-1510
1416
-417
30
297
679
-1624
631
1356
-220
-4826
4580
-1229
464
-1652
2843
-1361
-331
638
471
-1351
708
-207
554
-1290
1565
-929
29
936
-1847
2406
-2682
3119
-2236
853
-26
-769
836
162
-772
591
-2106
3780
-1413
161
-2826
4497
-2186
-2492
1632
2587
-2728
-556
1766
1382
-3555
2007
-202
859
-2800
3197
-1287
-817
1399
-1133
1472
-1805
1427
-471
126
-150
95
-31
486
-1669
2278
-2313
2199
-1929
1713
-630
1078
-1314
-199
1133
271
-2410
-702
2420
345
-3669
3978
-1608
1018
-2166
3122
-1649
-864
1074
246
-416
-366
119
1071
-1358
566
898
-716
-260
-809
2386
-2336
1371
-1301
1362
-670
-521
1016
-727
2104
-1878
-642
2841
-3483
-543
1196
2537
-3940
885
2005
-299
-2518
1939
566
-1047
-1179
2925
-2239
895
-931
1398
-171
-1610
2023
-2053
2146
-1690
1241
-291
-1190
976
217
-367
224
-1669
3389
-2400
1993
-3519
2900
1163
-2886
-2121
4137
-169
-3055
1440
2614
-2990
614
51
1937
-3582
2489
-74
-827
394
-947
1886
-1823
688
532
-26
-373
-183
-160
1522
-2481
2410
-2106
1633
-1732
1692
-304
945
-1943
-901
2769
1091
-5146
227
3019
1113
-5576
4554
-30
-483
-2672
3416
-162
-2597
1170
1054
-1021
-256
424
968
-1238
-408
1983
-1826
1248
-1958
2883
-2259
530
-194
1206
-909
-471
648
843
-60
-1603
72
4186
-5855
1221
883
1521
-3404
1544
1864
-1388
-1086
2092
-1153
-99
-896
2786
-2798
1306
-592
734
49
-1361
2067
-1643
1344
-1320
906
583
-2084
1569
215
-623
-72
-905
2739
-1781
790
-3174
3508
1883
-4321
-2068
4281
963
-4295
1167
3036
-1694
-2005
1189
3172
-5174
2509
-185
988
-2292
1675
489
-1125
-776
2354
-1029
301
-1881
3016
-1619
-247
853
-293
-440
-215
874
447
42
-434
-2277
4601
-1068
-4072
-391
6386
-3875
-2230
3384
1130
-2684
-987
4270
-2687
-1647
2363
632
-2006
226
439
1843
-3862
3422
-1248
1133
-2099
1921
514
-1783
-138
1000
95
-157
-1144
2226
-1867
2870
-3473
1534
1491
-485
-3868
1438
3523
-3058
-1472
3268
95
-2142
-120
2920
-2265
-1460
2969
-1630
493
-2112
3970
-2736
628
93
1273
-1203
-339
986
245
-1957
2604
-2028
1831
-2824
2789
-139
-561
1530
-2896
54
5011
-3564
-4716
3824
4333
-6377
1789
2446
132
-4103
3012
1894
-3890
840
772
1120
-3048
2008
888
-1261
-893
2349
-1373
1117
-2335
3527
-2475
850
-332
718
-599
-354
710
122
-303
1632
-3912
3258
745
-1509
-3954
4729
196
-2891
262
2523
-128
-3398
2974
358
-2531
1087
1289
-1293
-164
-544
2900
-3868
3265
-1356
1044
-1819
1131
969
-1220
-670
1156
-409
512
-1447
2668
-2289
2451
-3710
2921
1281
-3112
-922
2355
1
-1967
1013
2056
-2477
865
33
1056
-2150
1243
933
-2366
1628
-1128
2159
-2448
1594
-726
801
-487
197
-164
314
-1853
3201
-2322
1808
-2521
2193
-305
1241
-460
-3026
2145
3658
-5085
-1325
2583
2854
-5815
2770
1764
-7
-3997
3554
1072
-3193
884
1242
-462
-1554
1461
1075
-2412
993
1315
-1260
-171
-1125
3888
-3849
1355
-335
596
-368
-253
800
-468
1079
-1392
-370
3174
-3354
-3313
3330
2995
-5271
1102
1817
569
-3507
2783
836
-2956
329
2702
-2520
890
-1342
3356
-3380
1274
1138
-606
-467
-191
1757
-1605
-715
1874
-786
-31
-790
1187
-316
-195
2717
-3491
-642
2971
1671
-6796
1437
4455
-2335
-2135
2439
1310
-2567
-1426
4967
-3833
1233
-1077
2559
-2780
955
1193
-830
-909
855
644
-786
-374
1709
-1697
267
706
-985
1233
-2289
2340
-1285
574
1356
-2629
990
1521
-1003
-3729
2997
1970
-3807
1238
835
493
-3232
3882
-1321
-947
-219
2036
-1423
-277
547
937
-2527
2532
-471
336
-1395
521
1826
-2836
1468
-354
-313
228
-292
1239
-1729
2098
-584
-2017
1691
2305
-3837
-2159
4413
-624
-1985
-258
3125
-1903
-1575
2237
-54
-2039
1576
-724
1193
-3254
4350
-2161
168
90
570
-138
-808
1281
-246
-1471
1426
-555
1150
-1725
1182
-452
144
1617
-297
-3475
510
6322
-4896
-4742
5520
1288
-2826
-1444
4136
-841
-3339
2989
-802
359
-2571
3425
-1669
109
-69
733
-592
309
-231
1152
-1852
2097
-1453
1205
-647
-668
990
-869
1142
-1214
431
1405
-524
-1569
-260
5355
-5057
-3845
5376
1784
-4819
-409
4965
-2207
-1679
1063
2082
-3169
445
1322
101
-2255
2344
-1545
1746
-2410
2559
-907
-792
1252
-1132
1157
-953
-464
1172
-825
815
-1799
2178
-276
1237
-2528
-598
4259
-2379
-4092
2286
3619
-3748
-607
2947
-565
-1785
445
1804
-1207
-1950
3523
-2989
2084
-1934
2454
-1380
-254
347
427
104
-228
-801
1887
-2185
1517
-503
672
-1332
296
1310
-1040
1965
-2620
-660
4060
-1487
-2860
-327
4062
-2576
-836
1664
1088
-1492
-1858
4466
-3313
98
754
914
-1765
362
480
902
-2182
2390
-1222
1326
-2438
2308
276
-1475
-136
700
700
-1064
-107
1465
-510
-155
-2915
6074
-2458
-4013
1155
4234
-2307
-3090
3829
658
-2610
-327
3046
-1683
-1866
1977
854
-2539
1708
-1111
2448
-3263
2543
-1118
1165
-808
-447
1418
-1061
-718
2055
-1597
1154
-2375
3015
-851
1875
-1856
-2806
3635
2976
-7231
-247
6287
-1792
-4689
3816
1653
-2218
-2553
4267
-677
-3064
2737
-1239
1410
-2753
2610
-360
-360
-657
1276
-253
-285
-1124
3265
-3177
1549
-971
1637
-1432
342
611
-383
95
1775
-2269
604
1080
-2038
-3113
6286
-2205
-1075
-32
2885
-2416
-924
2795
-1582
-1052
805
1236
-1436
-224
836
483
-2228
2783
-1671
1578
-2851
3139
-1180
-74
-435
697
-243
-340
-167
1535
-1354
2629
-4478
2603
1489
-582
-5301
3638
2529
-3531
-47
2750
-210
-2348
734
2392
-2372
-149
1521
-1154
476
-1607
3598
-3266
1901
-1133
1387
-713
-340
1175
-644
-1359
2292
-1294
1371
-2897
2606
271
-730
951
-2735
2309
1789
-4396
-909
4006
-637
-3539
3134
1104
-1577
-1529
2355
703
-4218
3385
-903
1092
-2620
2109
259
-1158
-114
1542
-763
242
-1752
3285
-1854
-128
300
243
-499
-304
1244
-531
89
863
-2448
2158
952
-1292
-4551
4380
1447
-2855
-514
2259
803
-4029
3092
155
-1691
76
1497
-862
-538
-3
2234
-3408
2736
-1532
1996
-2451
1658
310
-1445
183
1123
-632
-157
-603
1746
-2249
3417
-1694
-1650
181
5048
-5045
-1988
4930
-690
-3497
2228
2082
-1719
-2357
4039
-1576
-1388
955
1052
-1039
-1946
3931
-2259
722
-1257
2534
-1464
-560
1516
-399
-1715
2180
-1764
2036
-2946
3105
-1780
619
169
1528
-2726
-261
3455
-84
-6694
3367
3523
-1652
-4526
5277
-235
-1003
-2499
3963
-1223
-1673
2054
234
-1256
83
441
733
-1530
1589
-438
-730
1013
-1797
2758
-2361
405
-4
890
-835
-358
955
90
1133
-3696
2168
2728
-5564
273
3503
-223
-4432
4031
135
-1567
-848
2602
-1055
-1697
884
2346
-3833
2482
-427
742
-1229
89
1438
-1911
2107
-1627
541
-122
-148
151
337
-557
160
-1122
2206
-1867
3500
-4930
2204
2256
-2541
-4071
4650
1555
-3288
-739
4314
-2083
-564
-643
3572
-3587
313
2080
-1586
592
-1288
2275
-1872
1269
-615
650
-768
276
-491
1959
-2848
2330
-1964
1992
-966
-103
899
-250
-108
-1119
1653
2208
-5680
752
2490
1565
-5078
3100
1543
-1869
-636
1431
613
-3425
2395
357
-691
-466
786
-373
622
-1699
2814
-2711
2551
-1886
1241
-413
-189
340
21
-194
101
-1180
2355
-1873
2352
-1069
-479
-1729
5532
-5931
-1087
4635
-286
-2892
971
2573
-1667
-2186
3372
-749
-1333
55
904
483
-3231
4172
-2100
674
-1390
2262
-557
-869
407
684
-1178
967
-1148
2381
-3146
2109
-173
257
196
154
-2120
2335
1157
-5172
367
5107
-2979
-930
587
3110
-3348
-289
3139
-2472
-337
-16
3004
-3328
1206
141
1016
-1574
1151
-67
464
-2161
2673
-826
-78
-931
599
1219
-2320
1574
-130
-1257
2217
-228
-982
-1193
3817
-2989
-3358
4053
1623
-3279
-1483
5261
-2340
-1982
1241
2406
-3058
-283
1921
311
-3060
3040
-1062
702
-2306
2812
32
-2376
1794
-718
-76
-38
225
604
-1884
1569
-430
990
-387
156
-1802
1309
2519
-3793
-1165
2014
1280
-2741
981
2197
-2961
834
928
-517
-774
-209
2423
-3918
3149
-1059
838
-1533
1671
-306
-893
367
1136
-1759
1215
-1439
2191
-2433
2588
-2137
1032
-602
2848
-2261
-2767
4458
1125
-6648
2393
3412
-1065
-5183
6118
-668
-1462
-1244
2855
-1137
-1727
2417
-696
-849
575
274
-301
-71
605
-120
-1398
2583
-2725
2644
-2239
1577
-995
436
145
-540
301
211
-39
1359
-3637
3098
112
-920
-3554
4355
-1004
-1138
24
2246
-1823
-256
1337
180
-2138
2087
-1514
1708
-1476
949
-431
-628
1651
-2184
2532
-1600
-58
745
-845
944
-854
219
429
-964
1152
-1178
1908
-1083
-1113
621
3295
-6266
-36
5167
-1823
-2446
953
3009
-2208
-2659
4752
-2619
573
-1561
3208
-2111
-354
917
705
-1061
435
-236
960
-1713
2163
-1393
989
-1638
1260
865
-1532
-30
531
478
252
-145
-644
-383
3314
-4779
907
893
1055
-2298
950
2310
-2511
248
751
448
-1683
923
691
-569
-1102
1994
-1485
1345
-2208
3466
-2305
474
-171
547
12
-753
551
271
-1645
2442
-1725
2342
-2187
-635
783
3957
-6028
218
4996
-1100
-3681
2685
1453
-1727
-2104
4095
-1403
-1153
302
1447
-454
-2452
3451
-1903
1104
-1804
2400
-468
-1729
1228
934
-1429
723
-1814
3411
-2922
1264
-565
1109
785
-1741
-582
3476
-3530
-2532
3480
1530
-4191
2126
765
561
-3154
3520
-1094
-1573
1582
-642
989
-2141
1567
-158
77
-133
500
-733
1073
-1722
2402
-2024
1872
-2450
2074
-816
-90
157
1801
-1845
-1585
4656
54
-8690
5193
2861
-1935
-4261
5643
71
-3631
1068
1364
-728
-1641
2063
-95
-1059
-190
1630
-1498
1210
-1747
2747
-3163
2487
-141
-601
-271
84
414
-246
-430
1015
-1834
2214
161
-737
-2133
3834
-817
-4234
2409
1275
-1796
-1046
3062
-571
-2280
1824
1265
-2991
1056
382
1253
-3744
3636
-950
-85
-1032
1069
1316
-2642
1410
215
-1594
1866
-1272
1297
-2010
1096
785
-1238
1881
-1486
-1426
2736
902
-5736
1113
4700
-2827
-1757
2208
2157
-4085
-25
4585
-3962
394
-243
3174
-3976
1270
1687
-753
-1599
1656
264
-479
-1565
3227
-1637
-397
306
114
232
-1171
1372
-444
-210
1506
-2835
1312
2630
-2240
-4191
4854
348
-4062
1614
1409
444
-4202
4158
-140
-2451
455
1964
-1243
-550
-243
2378
-2996
2106
-448
1080
-1932
936
1228
-1501
119
269
315
-211
-1093
2154
-2094
1568
823
-39
-3361
4113
-537
-5648
3187
2299
-2237
-1485
2423
1302
-3765
1601
1728
-1993
-522
632
1460
-3420
3757
-1750
876
-1625
2117
-216
-1162
790
376
-1593
2063
-1890
2298
-2909
2009
-441
508
1584
-2694
-1002
5038
-1948
-5311
2292
4581
-4232
-255
1981
1997
-4750
1939
2937
-3793
295
445
2282
-3743
1772
834
-751
-888
1709
-539
217
-2234
3523
-1919
719
-930
905
-386
-430
1025
-440
-1155
2993
-1160
-1295
432
3723
-6769
539
3974
-28
-3689
1388
3764
-3799
-280
2008
31
-2248
1143
1041
-806
-1780
3599
-2539
1288
-1297
2510
-1915
-18
1448
-1098
-498
729
236
42
-1682
2415
-1651
2779
-2034
-930
1663
1673
-4150
-345
4150
-2498
-2187
3118
794
-2010
-1171
3548
-1968
-1767
2688
-773
-320
-2181
4269
-2413
344
-346
1630
-881
-973
1349
571
-2665
2512
-1434
1710
-2794
2690
-969
-113
1684
-1212
-1414
2947
-342
-3811
-74
5268
-3279
-217
437
2898
-4347
2277
1190
-1764
-618
1178
1018
-2455
1442
944
-1581
125
1382
-350
-324
-1837
3934
-3355
1822
-751
658
-960
617
345
257
-373
-1374
1040
2895
-4442
-134
1194
1737
-4258
3247
432
-543
-1658
2412
-156
-2155
932
1806
-2171
505
-34
1188
-688
-1292
2854
-2349
896
-695
1528
-1199
-316
428
356
-174
-106
-386
388
659
1696
-5445
4445
1024
-5405
-1927
8312
-1985
-4332
2724
2808
-3497
-159
1293
1557
-4398
3243
159
-537
-966
594
1692
-2855
1273
582
82
-1262
532
1157
-1598
30
1903
-2060
1328
-2394
3399
-1616
1319
-1301
-591
2243
-864
-3239
1351
2270
-1390
-2424
4576
-2094
-646
-786
3697
-3127
-21
1503
-218
-1097
238
1265
-147
-1787
1798
155
-1012
490
-579
1646
-2910
2380
-930
156
-225
86
426
488
-598
-1484
2272
1870
-6172
699
4076
-283
-5531
4210
1589
-2491
-1776
4147
-1089
-2839
1128
3063
-3536
1125
-198
1635
-2053
243
2378
-2364
429
-280
1428
-901
-849
1072
-145
-237
-488
856
229
-823
2332
-3969
2253
1160
-2039
-3303
4488
716
-3713
1687
1846
-1475
-970
292
2767
-4356
2668
-774
1087
-2060
1505
578
-934
-370
722
201
-48
-1042
2060
-2524
1478
259
-84
-949
-419
2161
-1476
1692
-646
-2585
3645
-1124
-2729
-546
4857
-2873
-1729
2626
741
-2169
-932
4013
-3286
68
1129
678
-1974
1052
238
132
-1965
3174
-1861
767
-1442
1649
668
-2280
1186
-59
-605
608
-147
1199
-971
-393
-679
4135
-2432
-4149
3238
1874
-2604
-1864
4403
-1250
-2051
724
2509
-2377
-890
1580
1143
-3538
2946
-1077
1233
-1810
685
1713
-2278
753
117
220
-389
-1101
2241
-1093
-153
-91
334
1527
-1791
-1303
2556
1923
-6624
1426
3519
-1159
-2512
1288
2814
-2658
-1189
3630
-2903
775
-1140
3539
-3273
532
1093
-194
-650
22
1124
-825
-577
1162
-380
67
-641
-35
1814
-2668
1876
-1337
1696
301
-2195
872
2123
-2001
-3465
2693
2086
-3863
2132
49
1115
-3529
3774
-1318
-640
98
1295
-1399
-338
1225
265
-1496
1380
-619
-17
832
-1061
1155
-2207
2498
-1901
1442
-547
-964
1083
1191
47
-3970
2580
5374
-9533
686
6112
-782
-5905
4712
1678
-2910
-1509
4080
-1164
-2479
1215
2672
-3619
1345
841
144
-1339
-833
4132
-3894
1295
117
110
-140
-132
306
-207
-806
1309
-550
2251
-5541
3675
2506
-2721
-4495
6379
-1101
-3160
843
2972
-1646
-1497
1211
2508
-4534
2726
-300
520
-1627
587
1436
-1941
872
-323
1147
-1091
-434
1860
-1124
-754
848
-76
230
-1491
2209
-1893
1980
-358
-1567
-113
3567
-3308
-3501
5293
638
-4341
1308
1517
1049
-5248
4998
-614
-1580
-583
2510
-789
-1314
759
1131
-1714
709
544
790
-2410
1086
1793
-2499
808
-825
2082
-2035
9
1599
-956
1758
-1943
-1015
2733
1150
-4898
-1195
6181
-2692
-2113
1375
3249
-3956
194
2069
-443
-1992
1934
-323
37
-2268
3801
-1873
271
-641
961
592
-2070
1896
-416
-1342
1159
-456
1396
-2683
1811
-211
1289
-579
-1567
669
2680
-3499
-2557
4403
383
-3392
1302
2027
-985
-2455
2860
334
-3275
2669
-1279
2075
-3055
2618
-704
-467
-84
961
-6
-869
-474
1997
-1600
564
-198
192
-320
-830
2277
-1647
1781
-2030
-441
2711
692
-4706
-1476
5470
-857
-3874
3404
265
-719
-3031
5212
-2254
-1434
944
1520
-1667
-765
1409
711
-2035
1025
629
-314
-635
-121
2083
-2763
1233
-881
2046
-1885
-232
1510
-530
909
-2136
959
3112
-3691
-642
380
2759
-4210
1394
1504
49
-2322
1900
499
-1405
-574
2776
-2354
862
-1129
2183
-1345
-406
1561
-1401
1304
-1813
1744
-57
-1617
1353
-269
345
-1450
1049
1046
-1617
2246
-3658
1744
3365
-3389
-4671
5284
1781
-4652
662
2860
-568
-3166
2117
2603
-4637
1717
-222
2271
-3468
1889
929
-1038
-883
1348
442
-397
-1933
3284
-2343
1088
-735
1457
-1786
479
986
330
-803
-1460
2168
2362
-5105
-154
2056
2253
-5408
3015
1213
-715
-2073
2072
1359
-3719
1643
1314
-1077
-993
1312
207
-478
-919
2653
-2420
1359
-1941
3307
-1769
-285
-207
1109
-516
-223
23
516
-1274
3324
-3962
2315
246
186
-5621
3801
2823
-3291
-976
3192
-26
-2474
769
2759
-3364
562
1152
109
-1275
-572
3164
-3158
1598
-1130
2622
-2054
171
1419
-1196
-399
1601
-1312
959
-2818
3939
-982
487
-2901
3262
1288
-5149
-698
5424
-1744
-2473
664
4169
-3865
237
1056
1005
-2456
432
2545
-3198
1677
-1100
2032
-1700
642
256
-28
-708
1111
-1315
2111
-2681
2324
-1204
366
-137
347
502
163
-3259
3426
2150
-4069
-3584
5792
-801
-1585
-883
3848
-2147
-1750
3096
-1048
-724
-510
1667
-950
-255
639
311
-1440
1635
-1357
2347
-2741
2363
-1572
829
-551
658
-540
-85
14
358
-815
2482
-1983
1453
-1952
1609
-3468
2535
449
-532
-1125
1467
1116
-2021
77
2220
-2326
595
498
444
-1153
-273
1762
-2208
2523
-2023
1873
-1970
1409
311
-548
-144
75
-754
1672
-1607
1876
-2891
3215
304
-2482
-865
5296
-3426
-3646
3198
2448
-4130
834
1730
971
-4394
3783
-122
-1713
-109
1124
506
-2837
2977
-994
193
-621
735
430
-472
-545
1557
-2587
3027
-2277
1927
-1710
688
-72
550
472
663
-2652
1087
1585
-2027
-2903
4695
-1150
-849
-1258
4683
-3510
-503
2061
-404
-1211
284
906
-564
-762
1312
-353
-498
893
-1363
2173
-2851
2576
-1354
727
-891
424
-69
482
-474
225
5
1845
-2310
68
697
1894
-6121
3507
1695
-1400
-1869
2570
540
-2235
393
2668
-3466
1236
120
1132
-1529
-31
1624
-2275
2294
-1897
2305
-1893
709
315
-597
148
532
-1612
2330
-2216
1884
-2057
2614
392
-2589
-382
4257
-2383
-4130
3395
3199
-5134
1336
1891
990
-4214
1947
2214
-3255
1067
-49
1528
-3284
2536
112
-518
-771
1309
-860
535
-790
2169
-2992
2037
-721
462
165
-799
194
567
158
947
-3307
2218
1466
-1492
-3405
4064
-1258
-535
-206
2072
-1234
-1359
2652
-1581
-299
606
120
-88
-306
327
315
-1769
2949
-2559
2420
-2142
1407
-598
426
-175
-278
-250
974
-1020
1141
-1445
2038
-1321
998
-2232
3741
-1878
-2293
611
2990
-1572
-1785
2179
1628
-3564
1918
35
701
-2518
2143
240
-1688
1068
-725
1686
-2372
1722
-169
-70
-520
417
209
-661
-609
2395
-2564
1506
-2034
3190
-1167
688
-2770
1135
4149
-3616
-3891
4218
998
-2537
-1587
5365
-2822
-1055
91
3334
-3415
248
1410
-175
-1313
446
882
121
-1960
2240
-366
-574
171
-214
1239
-2680
1922
-408
-295
-14
-96
1005
-1684
2616
-815
-1567
-128
2055
-4148
762
3576
-2168
-1616
1797
1989
-3295
147
2631
-2060
-873
2151
-378
-364
-2250
4448
-3007
1088
88
475
-939
-278
1570
-532
-1308
1339
-751
878
-1501
1612
-754
-132
2279
-2350
113
1491
257
-4880
2070
3169
-3141
170
1516
475
-2161
193
3294
-4778
2508
-395
1165
-2549
1929
511
-1193
-451
1042
376
-572
-596
1673
-1754
203
1368
-1043
415
-1912
2800
-1269
1327
-1288
-2237
5091
-842
-4449
1317
2030
-262
-3569
3949
-241
-1104
-1844
4221
-2473
-1318
1674
863
-2019
288
1026
303
-2184
1891
887
-2163
1145
-1436
3188
-3361
1280
375
-688
143
321
19
-232
-304
1398
-3325
3095
150
-2626
-2327
5387
-1651
-1961
831
2849
-3025
-201
2309
-853
-2553
3266
-1622
880
-1910
2611
-915
-1422
2101
-894
113
-734
1146
42
-2039
2318
-568
-314
-521
242
988
-361
1268
-3602
2291
2144
-3369
-2661
4357
718
-4583
2315
2613
-2641
-730
595
2831
-5144
3569
-324
-253
-1541
1564
721
-1454
-392
1929
-1304
348
-384
1973
-2553
851
839
-856
459
-1096
1542
-410
164
-1279
959
3397
-5773
-377
2773
1601
-4361
1428
3544
-3325
-711
1857
1093
-3242
1199
1304
-830
-1158
1758
-501
98
-2072
4054
-2485
817
-1180
1590
-614
-452
844
-421
-897
1309
-931
2275
-1752
141
-1356
5044
-4328
-3105
3653
2358
-3866
-358
4092
-1273
-3056
2704
996
-2324
-288
1865
261
-3384
3577
-1783
1818
-2195
1603
558
-1616
576
908
-548
79
-1389
2381
-1434
357
26
-216
1246
-506
-1159
1057
1748
-5315
848
3786
-1806
-1669
1492
2100
-2785
-827
4401
-4028
1052
-506
2575
-2710
365
1272
-384
-635
165
636
331
-1644
1591
-374
-554
72
142
931
-2338
1483
-472
2607
-1341
-3783
4521
-38
-5519
1405
4645
-2718
-3397
4701
-441
-1299
-1883
4165
-2401
-1231
2063
273
-2021
1146
-68
801
-1724
2209
-1398
-92
1061
-1132
1387
-1786
1329
-1149
540
676
-1478
1482
98
545
-3338
2706
2563
-5664
632
1949
-114
-2698
2750
751
-1968
-213
2632
-1801
-803
801
1384
-3409
3052
-1245
1045
-1949
1316
1042
-1818
1257
-437
-690
875
-832
1555
-2117
1487
-552
-63
624
1498
-1946
-1688
4655
-1512
-5697
3323
3274
-3079
-2181
4296
-633
-2212
579
1447
-1280
-2327
4483
-2960
716
-441
1325
-1114
278
653
-18
-1794
2375
-1306
1398
-2119
1853
-1029
390
423
-609
300
1409
-2314
-98
3355
-953
-5752
4965
799
-2256
-1477
3225
456
-3942
2790
508
-1363
-1178
2627
-880
-1116
574
1448
-2171
1353
-1030
2475
-3032
2257
-459
-202
-852
991
451
-994
-74
761
-1132
3245
-3555
848
336
2863
-5729
1194
3278
-1166
-2890
2498
2141
-2819
-1332
3881
-2137
-472
485
1632
-2262
-187
2669
-2321
1232
-1615
3046
-2603
623
1206
-972
-372
593
-289
674
-1996
2899
-2580
1831
-274
626
-2776
2605
1728
-2931
-3267
4385
1116
-3510
231
4266
-3585
719
-93
2372
-4008
1947
1371
-1884
289
115
453
-818
613
701
-938
0
981
-1354
1510
-1625
1520
-1798
1632
-1129
561
230
784
-1644
-699
3790
-1214
-5518
3938
1613
-1497
-3383
5606
-1248
-2183
477
2319
-1913
-741
1761
291
-2693
2129
339
-774
-254
235
1018
-2665
3274
-1842
540
-985
1050
49
-479
115
-66
-635
2120
-662
-1181
-1485
6316
-5150
-1916
2417
1825
-3438
718
2698
-1164
-2437
3503
-1530
-366
-861
2932
-2402
-309
2224
-1620
551
-1186
2839
-2372
615
752
-1309
786
311
-1056
1254
-2404
3157
-2412
1366
605
-451
-2418
4009
145
-6032
1168
5575
-3530
-1010
868
3273
-4888
2133
1012
-355
-2020
1495
1182
-2699
1586
362
-582
-542
1106
34
-673
-643
2554
-2818
1822
-1632
2066
-1614
424
332
-113
-226
1584
-2713
1351
2652
-2993
-4541
6445
-734
-2094
-1557
5334
-2210
-1905
1911
810
-2351
633
1209
-54
-2359
2305
-62
-1252
1007
-495
1069
-2599
2961
-1149
-15
-625
825
41
-896
666
206
-1340
1908
-247
1357
-4806
4210
909
-3525
-2489
5030
63
-3928
1422
3346
-3197
288
539
1901
-4177
3106
-757
219
-482
291
409
-1363
1664
-392
-417
558
-1431
1766
-757
-182
137
-995
2025
-2088
2106
511
-3830
1028
5530
-4470
-5141
6372
1025
-4867
842
2872
-393
-4006
4481
-764
-1465
-1007
3419
-1776
-1150
1424
746
-1842
1037
365
383
-1637
705
1716
-2467
1096
-985
1190
-905
579
161
-952
514
2016
-700
-1824
1328
-327
-3917
3923
443
-927
-2616
4334
-1035
-1937
1022
1455
-2267
229
950
849
-3149
3142
-793
-58
-439
467
972
-2303
1901
-629
-640
592
-150
424
-1385
1380
-728
770
1408
-1956
-1066
2005
1128
-5099
2069
2041
-2215
-413
2075
327
-2530
930
2539
-4111
2227
-539
1561
-3167
2255
603
-1262
-160
511
1081
-1710
267
1809
-2277
562
793
-678
598
-1867
2745
-2303
902
1140
262
-2900
750
4395
-3503
-4610
4224
2426
-3194
-2391
5601
-1807
-1180
-451
3184
-2869
-316
2077
-548
-1267
1224
-488
389
-472
848
-8
-1722
2337
-2376
2459
-1702
187
190
260
-56
-346
-102
1668
-913
-1465
695
3623
-5487
189
1905
1810
-4426
2425
1881
-1824
-1287
2499
-682
-1184
-225
2847
-3295
1530
605
-415
-84
-1184
2229
-1708
1318
-700
324
-461
-129
500
324
-1172
986
-1573
2399
-1726
2276
-2226
-248
-53
3272
-2177
-4113
3463
2850
-4603
666
1550
1880
-5401
3958
263
-1029
-1491
2245
157
-2228
1183
939
-822
-606
1118
271
-1503
538
1890
-2598
1470
-1952
3272
-2319
248
720
-830
606
682
681
-2743
-53
5161
-5557
-1115
2662
2304
-5152
2500
1626
-1062
-2380
3026
-206
-1975
576
2111
-2984
1619
-319
1118
-1655
496
1681
-2634
1747
-522
119
-335
-11
1080
-1993
1794
-631
-30
-129
1724
-667
-3173
3167
2561
-5681
-2360
7368
-1047
-5350
3085
1964
-1356
-2358
2596
811
-4028
3148
-1212
1589
-2651
2064
-317
-434
270
860
-1041
519
-804
1824
-2092
1957
-2357
2120
-677
-158
0
1474
-685
-2596
3291
1692
-5839
1476
1923
630
-4449
4209
522
-2244
-272
2215
-791
-2322
2626
-163
-1105
-476
1734
-729
4
-675
2019
-2883
2767
-1371
1114
-1715
1091
226
-568
359
-52
-937
1634
-42
229
-3701
5194
-1202
-3638
333
3894
-2452
-2007
3121
542
-2710
662
2277
-1798
-1219
2053
-176
-2259
2742
-1699
1566
-2726
3279
-1082
-814
1006
-443
-223
454
-545
1171
-1976
1726
-856
865
-344
1013
-1697
-1079
4685
-1429
-5272
1396
4840
-2672
-2989
4245
-289
-2043
-63
2036
-706
-3104
4101
-2160
830
-1117
1741
-936
-161
390
525
-1029
1395
-1446
1843
-2063
1627
-967
982
-578
-330
64
390
1000
510
-3326
1660
1556
-107
-5544
5141
350
-2038
-1428
3810
-179
-3881
2159
1500
-1991
-428
1645
-73
-1493
419
1750
-1640
626
-1503
3427
-3353
1830
-542
517
-832
78
689
-416
-361
1188
-914
1306
-966
226
-1602
5880
-6840
-2059
5905
870
-5547
1840
3303
-1530
-3363
4358
-743
-1446
-1451
4261
-1638
-1907
2066
-661
1083
-2724
3240
-605
-1420
587
587
-411
207
-1704
3126
-2886
1660
-860
937
-1113
2574
-1890
-2110
3655
1549
-7085
1788
4341
-1088
-5012
4960
724
-2716
-1126
3027
295
-4329
3377
90
-1162
-818
2432
-846
-583
-750
2917
-2611
1392
-726
1214
-1600
434
