-414
783
-2205
2369
-317
-490
358
-1542
2617
-1597
261
-3
988
1457
-672
-3975
232
274
1176
-378
-1050
2900
-1265
435
-1533
1544
395
-1884
782
-27
533
-699
5
5
1090
-1715
1163
618
-1508
1767
-2252
2537
-608
-1194
1382
-1200
34
450
-182
123
-385
-1059
2610
-1063
1800
-193
1311
-3673
-1120
207
196
1356
-675
303
456
-223
682
-1855
694
1220
-1746
1529
-1604
2283
-2424
2105
-1102
742
-630
595
75
-451
172
837
-1260
1051
-1545
1977
-2449
2417
-1590
1091
-849
1296
-52
519
2142
-4340
-1925
2097
1077
-1728
308
1851
-512
-775
-398
1503
-1588
701
-218
92
-20
-185
295
-184
414
-238
-575
1665
-1964
2085
-2046
2109
-1901
960
63
-1069
1085
-718
1491
-1649
1598
-393
1917
-665
-1614
-2489
867
161
1674
-958
-7
1322
-662
-447
-94
-137
931
-1921
2316
-2151
2131
-1825
1647
-635
-14
-264
747
-216
-2
-633
1333
-1708
1788
-1250
1075
-2159
2229
-367
193
-343
426
971
1651
-3753
-2740
2821
635
-777
31
-196
1831
-2962
2426
-1046
164
-269
415
-16
-671
569
29
-472
915
-813
971
-1981
3157
-2329
1522
-1753
1580
-638
-491
945
-1581
1706
-516
837
-529
-11
1456
1749
-3206
-4504
1400
4076
-1717
-1108
1904
815
-2028
986
-570
453
-1498
2452
-2440
1982
-1501
1531
-894
-9
751
-421
-528
1025
-241
190
-1719
2669
-1914
1372
-1595
1137
-792
1010
391
-230
-700
3211
-1859
-4666
2006
918
487
-1179
601
1155
-1562
164
-174
1220
-1353
-265
1158
-823
309
-1119
2047
-1560
556
-14
224
8
-587
1203
-1497
1020
-934
1247
-238
-1502
1775
-2082
3390
-1977
1297
-1647
2360
1889
-1744
-6896
2750
3785
-1555
-513
53
2146
-2962
1374
-183
426
-1762
1555
-186
-518
455
54
-60
-329
439
445
-1400
1751
-1353
1713
-2446
3105
-1795
220
-382
469
232
-30
15
-273
892
2934
-2126
-7104
4592
890
867
-2857
2304
-551
-530
158
1086
-534
-853
421
677
-1109
1643
-2091
1734
-1149
553
297
-602
811
-1343
2007
-1631
611
-112
-515
459
-645
1372
-1362
915
386
-312
2478
698
-5721
-2084
3776
710
-1141
273
724
974
-3056
2768
-1804
1606
-1964
1514
-868
554
165
-605
389
-414
535
-102
-59
780
-1845
2358
-1306
773
-1458
705
473
-867
591
-1
-304
925
191
3424
-4858
-3871
3224
3701
-4192
652
545
1171
-2783
2176
-282
-37
-473
538
71
-986
1183
-172
-992
1513
-1752
2259
-2427
2930
-1924
333
294
186
37
-1590
1084
-34
964
-1093
815
-1072
1967
-1122
3732
24
-8018
-1058
5022
1045
-2592
1016
1619
-1157
-933
-36
2238
-2899
2150
-1676
1831
-1538
1162
-526
-162
69
817
-887
581
-521
1432
-2288
3016
-2146
1035
-1658
1402
83
-273
186
-602
662
1752
2218
-5205
-4412
6286
-888
-396
-675
1334
-1148
800
-113
378
-1182
1091
-307
-460
616
284
-1500
1693
-1625
2164
-2719
2831
-1349
258
236
-475
560
-255
-789
781
-1339
2212
-1798
1761
-1676
2332
1451
489
-7534
1128
3083
-120
-1524
286
2173
-2623
1532
-232
-177
136
-1157
2306
-2419
2305
-1736
1196
-871
784
-159
30
-119
742
-1097
1373
-1698
1876
-2370
2419
-1763
944
-888
1366
-314
-188
1288
1597
512
-7535
1879
1946
-646
-423
792
1404
-1898
12
835
23
-414
-312
631
-337
309
-482
194
36
-897
2098
-2467
2604
-2151
2046
-1529
486
557
-989
-222
742
-297
344
-1141
2482
-1861
3157
-939
-2704
-1875
1847
-96
596
198
-11
1104
-1591
1146
-2247
2689
-1593
269
-242
489
-110
-454
766
-669
-118
589
-109
457
-1864
2530
-1757
1300
-796
718
-1527
1567
-794
340
-285
547
419
984
1990
-6095
781
187
1461
-1423
2339
-1301
902
-989
364
466
-748
567
-985
1081
-510
-285
378
-179
-56
-262
1559
-1797
1330
-1072
1093
-592
-187
730
-1944
2201
-1622
1588
-2021
2159
-480
2360
-431
-2068
-1622
-569
1054
652
-311
-508
2565
-2260
798
-737
1195
-1236
183
847
-740
408
-457
548
-33
-810
1464
-620
311
-1083
1150
205
-1508
1512
-1233
219
-395
1268
-430
-1084
1713
-1
2880
-2516
-2477
-2762
5533
-2909
436
-473
3486
-2329
-699
1880
-805
-737
783
-636
1122
-1580
1858
-2025
1997
-1114
746
-428
349
471
-1011
543
-445
629
-371
-852
1678
-2272
2832
-1804
1522
-1457
2037
1669
-657
-5473
-915
3925
904
-1981
34
2242
-995
-1731
1852
-447
-694
-534
1899
-1217
214
-151
869
-1021
269
1086
-1159
194
314
38
79
-1368
2468
-2095
691
-629
495
569
-698
1408
-1424
4914
-3321
-4317
433
4189
-2653
1291
-1201
2102
-1922
660
1003
-793
-33
-844
1399
-617
-6
36
-785
1776
-1962
2018
-1395
1362
-1149
899
-157
-500
298
-954
1127
-985
1245
-1558
1794
-302
704
2271
-676
-5224
457
1026
123
689
-463
980
-692
-226
863
-1892
1994
-1794
1370
-1124
1611
-1254
481
-372
629
-532
985
-894
746
-1505
2832
-2360
1568
-2436
2073
-468
-278
445
-407
841
3017
-2164
-3635
-516
2887
-1678
1072
-643
2556
-2456
640
-3
971
-1284
-27
685
-141
-389
-40
88
828
-1774
2293
-2537
3201
-2069
1319
-941
-109
366
25
469
-1073
-1135
1889
-654
1653
-1401
352
309
2786
-496
-3650
-4075
3591
2026
-2168
864
68
2253
-3604
2812
-1780
1144
-1347
883
258
-651
109
19
645
-703
-338
1488
-967
252
-402
1043
-1279
321
831
-1189
349
-395
1347
-321
-539
1295
1641
-1475
-5683
3986
-136
1888
-3903
3492
10
-1608
-184
2060
-1064
-1102
351
1055
-960
248
-45
910
-1871
2463
-2039
2082
-2024
2149
-1475
483
318
-898
711
-817
943
-1062
875
520
-41
-649
577
643
4863
-7201
-5099
5074
2872
-2216
-1131
1704
1010
-2203
1240
-1145
1855
-2378
2582
-2159
1779
-486
-406
-67
829
-248
27
-1090
2002
-1765
1601
-1610
2171
-2469
1437
-417
125
-69
380
71
91
-27
3053
-447
-7935
1342
5871
-3062
72
-704
2274
-2209
553
1150
-859
-69
30
443
-892
591
613
-1350
922
-1130
2701
-2808
2208
-1547
1267
-716
-4
816
-1859
831
220
-143
517
-884
1227
1138
3650
-6814
-4771
5284
2382
-2668
-1153
3088
-759
-656
-762
2411
-2450
1669
-812
491
-265
112
636
-1696
1973
-652
-583
489
351
684
-1755
965
638
-1456
873
-1066
867
-620
741
314
-325
3569
101
-6483
-2005
4389
-1962
2704
-2264
2932
-1671
157
40
-319
1021
-1406
176
744
-329
-245
-626
1280
-48
-1346
1989
-1367
1656
-2335
2750
-1668
77
-417
598
19
-511
161
423
-702
2213
-931
2888
-3836
141
-2353
1753
140
294
7
192
750
-1446
817
-731
576
-711
736
-376
-506
1343
-1213
816
-686
1177
-976
173
662
-1214
2017
-2179
1847
-2090
1978
-1302
453
106
137
3116
1025
-6170
-1615
3730
-991
130
-1031
3265
-2273
481
-154
1140
-1220
12
253
148
254
-657
-381
1406
-1385
1377
-1735
2374
-1431
570
-27
-93
-8
-968
1397
-935
-655
1421
-1016
1558
-1651
1742
-589
2968
-209
-3786
-5605
7176
75
-2331
-26
1631
1303
-3368
2272
-745
-138
-1014
1816
-668
-651
344
451
316
-643
563
-194
-387
871
-800
979
-2214
2636
-2118
1357
-1607
1712
-337
2018
1001
-4141
-1745
867
2793
-2374
990
-239
2209
-3587
2477
-585
514
-1487
1137
-153
-488
509
-15
-450
749
-1241
1708
-698
449
-878
548
486
-1662
1851
-1585
-55
489
85
1259
-2222
1772
-600
1470
-1055
4016
-5420
-1779
-542
3874
-1102
-409
751
684
-890
-398
614
-46
-1075
1682
-1980
2628
-2306
2217
-1791
964
-265
359
-114
-476
429
263
-668
1244
-1922
1836
-2402
2943
-1591
1058
-1380
1227
32
2123
-113
-5686
1519
2083
-410
-1338
1284
775
-1839
920
365
-153
-1522
1921
-1092
371
108
-78
35
-302
702
-278
-266
939
-1018
867
-1489
2569
-2281
572
1
-737
1811
-1332
1377
-1994
2595
-426
4372
-4698
-5228
956
5299
-2100
19
-69
873
-749
104
783
-1930
501
1750
-2523
2237
-1763
2377
-2792
1503
719
-644
-615
312
1481
-1209
-580
2112
-2016
626
-1032
1441
-736
125
397
-153
25
191
2118
1525
-6079
-1442
2232
2646
-2544
1139
-532
2673
-3867
2727
-628
-151
-651
800
16
-684
-85
1044
-1409
1502
-812
1550
-2548
2450
-1098
490
-506
-335
1096
-1239
77
350
-433
1630
-1134
1076
-64
3899
-5281
-2596
1232
2085
-870
-159
88
276
229
-331
540
-1165
1507
-1903
1518
-235
-213
-153
-990
2453
-2020
1290
-846
485
253
-551
1254
-1608
299
105
-215
282
-104
-161
392
335
251
-533
2235
1804
-6367
-2837
4462
742
-490
-2027
4149
-2410
375
-1087
2574
-1846
-498
993
205
-651
506
-925
1564
-1385
1968
-2147
1628
-807
141
480
-1073
986
-1264
705
44
-167
869
-1857
2990
-1970
1359
-1384
3029
-950
-2137
-3465
2379
1833
-962
-512
1445
526
-1560
-652
2049
-1867
770
-899
2385
-2811
1881
-830
1226
-1260
533
615
-1021
40
1201
-1027
631
-2112
3452
-2325
1147
-1377
1011
148
283
88
343
2034
-4727
422
461
1084
-2113
2743
-1804
1454
-1953
2388
-1258
-403
1097
-700
9
410
-571
612
-1151
2231
-2333
2136
-1746
2107
-1707
896
-165
-164
-207
-48
792
-1081
1250
-1605
2517
1394
1140
-8403
1085
3498
946
-1985
-478
2792
-1425
-1189
1110
-87
182
-1676
2363
-1592
656
-1015
1989
-1986
1316
-481
583
-745
350
1053
-1057
109
608
-1322
921
-1353
1887
-1293
616
-411
235
1717
1828
-2335
-6404
4671
470
299
-2149
2750
-1234
686
-1256
2166
-2078
520
320
97
-284
160
-694
1294
-1192
1929
-2228
1863
-679
43
322
279
-837
315
28
-413
121
100
150
483
-489
747
1525
1820
-4391
-3611
1397
3033
-1066
-378
1025
25
314
-1798
2042
-1896
1394
-731
365
334
-985
1244
-1463
1945
-1416
1083
-1353
1087
-92
-56
-62
-26
-1072
2048
-2166
2245
-2565
2364
-694
391
713
1286
-1075
-4953
1866
1319
1103
-2074
1508
229
-828
-578
879
448
-1793
463
992
-371
-365
-168
1436
-1986
1733
-531
204
-290
-475
1471
-1403
1124
-1342
336
466
-756
1204
-2121
2921
-1373
1513
-1168
1627
1305
-322
-8734
2776
3661
-91
-1808
524
3436
-3658
575
-40
403
-889
52
1211
-1648
1638
-1427
1098
-540
625
-435
-36
-136
738
-481
33
-513
910
-1623
2263
-2078
1295
-878
1286
257
153
2481
-4693
-688
-276
2658
-2989
2637
-254
1146
-2023
897
84
-279
26
78
-94
326
-861
1190
-1378
1749
-1867
1700
-749
170
-143
-171
1137
-2260
1897
-679
-985
1430
-1184
1803
-2641
2985
-500
1969
-1311
-2837
-1462
2644
-895
827
-174
339
518
-970
302
-535
30
974
-1587
1979
-2142
1943
-1469
1395
-725
248
-91
375
-148
-61
-241
850
-1749
2444
-1947
1000
-1442
1859
-705
-2
599
1603
926
-4494
-586
373
2469
-3244
3067
-977
1242
-2095
1824
-542
-483
337
36
50
-21
-848
1472
-1590
2002
-1648
1623
-2054
2533
-1351
434
-204
-687
1158
-965
-69
208
-900
2105
-1421
1903
261
1770
-5142
101
694
-160
12
1074
266
-562
1037
-1847
1477
-1236
1361
-2130
2450
-1423
264
-62
150
365
-390
516
-326
-413
1163
-797
1149
-2455
2172
-999
587
-654
225
-273
1134
-228
576
1034
371
-3999
-758
2068
-733
536
525
-299
23
-451
1586
-1921
1033
-525
44
353
-734
972
-1125
634
634
-829
658
-675
1352
-1891
2356
-1801
588
-407
-236
993
-1262
1530
-1531
2073
-785
1393
530
1296
-6468
-319
2883
608
-1104
-224
2014
-451
-1890
2250
-1482
1339
-2237
2832
-2219
1580
-907
585
-85
134
140
-194
152
122
-702
1489
-1857
1511
-1813
1297
-89
-218
376
-410
343
1457
1999
-3211
-4377
3338
488
2
-1816
2990
-1464
442
-1231
2528
-2680
950
116
376
-126
-319
-18
828
-1321
1926
-2024
2287
-2144
1898
-1177
444
-150
-130
300
-689
-104
925
-619
1134
-876
1059
1755
279
-6474
-264
3279
1167
-2675
1450
1469
-2139
708
-269
1125
-2487
2523
-1465
1327
-1193
648
-235
-142
644
-341
267
-484
508
457
-1241
1690
-2559
2677
-2237
1598
-1408
1579
-503
276
1737
1039
-3732
-2061
2306
-520
487
-589
1870
-425
-1350
648
362
410
-1873
1314
-187
102
-383
33
524
-930
491
849
-1027
1403
-2429
3060
-2361
1760
-962
-179
-121
141
369
-300
248
587
-343
722
2041
-1102
-4557
424
914
1367
-1203
458
1282
-691
-417
-729
2154
-2230
1223
-1000
1406
-897
-299
1402
-1607
699
-289
1270
-1583
313
730
-523
385
-451
441
-1129
557
1335
-1215
-32
308
722
288
2193
-3244
-3933
3611
-957
1351
-1730
3045
-2160
684
-726
1647
-1772
713
-131
184
-227
300
-397
629
-826
1032
-1420
2228
-2264
2042
-2350
2438
-971
-357
353
-996
793
171
-118
116
-231
1468
2579
-1172
-6694
-220
4403
-43
-1820
997
1883
-1771
-343
902
387
-2510
2713
-1610
1498
-1667
1506
-376
-685
1015
-491
415
-910
995
231
-1665
2041
-1216
665
-1400
1278
-571
424
-9
331
69
3188
-1426
-5380
637
2356
-1361
1284
-642
2216
-3183
2439
-1504
1993
-1888
579
-207
448
-96
-249
-217
922
-1304
1628
-1608
2390
-2400
1688
-865
241
-93
-313
326
-645
479
54
-586
1827
-1505
1869
1080
1462
-8968
1431
4022
-95
-2791
1928
1918
-2501
50
1207
197
-2166
1751
-639
353
-105
-76
213
-810
1603
-1363
1491
-897
-528
1597
-1606
1718
-2209
1701
-1532
1598
-842
832
-733
1500
2429
-846
-7083
729
4580
-1873
521
-1040
3021
-2450
411
440
64
127
-1495
1406
-584
-67
259
-99
478
-896
845
-245
42
775
-1246
919
-1484
2567
-1780
-336
86
565
499
-1015
1746
-1975
3165
225
1837
-7071
-1339
2742
2587
-2593
1
2481
-539
-1862
1199
-38
111
-1672
2649
-1846
1287
-1598
1947
-580
-949
1099
-582
1044
-1764
1398
75
-1661
1284
-375
219
-1034
-3
1556
-1203
897
952
1611
-3898
-957
606
-834
933
-469
2540
-1424
680
-2064
2180
-799
-675
559
244
409
-1694
1367
17
-816
734
-4
257
-615
-29
1489
-2431
2138
-1572
1468
-1335
1021
-465
-360
820
-80
1066
-516
1679
-2536
114
-2769
2710
21
0
-426
1247
41
-1692
1051
99
-605
-120
-134
1067
-1915
1880
-822
614
-1495
2243
-1318
473
-278
278
407
-1454
1775
-1827
1866
-1733
1400
-1340
2289
-965
2455
1531
-5999
-1483
2671
266
-1253
2229
-598
1065
-2954
2639
-1182
527
-163
-193
-169
543
-347
-181
89
657
-1339
1561
-1259
2228
-2431
1193
-78
-1025
1683
-1047
-914
691
87
403
-864
1716
279
2156
-2121
-3225
-1959
3863
-440
-773
-349
2709
-1252
-1082
1536
-1238
843
-1405
1754
-1787
1027
53
-556
1000
-967
845
-947
1608
-1084
-91
358
-554
439
-489
1076
-2090
1450
265
101
357
2400
-1264
-3936
985
679
-965
482
44
2046
-2048
1400
-1865
2828
-2683
1110
-472
1226
-1476
349
126
284
-382
682
-641
1432
-2149
2124
-768
204
-910
452
796
-1182
616
-304
-77
1189
-1034
1691
-1511
4031
-2698
-3513
-2030
4680
-805
464
-1115
2439
-1629
-530
757
-210
67
-656
548
855
-1945
2151
-2199
2680
-2319
1757
-909
260
15
95
147
-446
-651
1574
-1627
1946
-2132
1809
-1548
2756
-1649
1771
-290
-2456
-1012
943
882
-1188
1719
-878
532
-923
698
511
-2286
2204
-1176
897
-1115
1221
-444
-201
506
55
-527
836
-632
505
-954
1776
-2119
1451
-1576
1801
-1053
-22
1083
-1390
2333
-1652
2204
-327
1101
-7171
1548
2819
783
-2805
1928
1293
-1468
-769
1395
-791
119
-295
1037
-1918
2625
-2254
1975
-1404
1190
-438
-249
741
-427
84
-34
-326
1132
-2322
2579
-2089
2056
-1255
998
-535
1886
498
-2475
-3164
2529
774
-1123
725
349
473
-860
-155
1396
-2514
2114
-1829
2058
-1753
616
206
70
70
195
-643
1324
-1618
1904
-1580
1464
-2247
2692
-1850
598
-511
394
744
-696
1241
-1457
2512
2731
-5827
-5536
6603
604
-2038
-339
1651
326
-1673
786
284
-1544
1825
-1267
1244
-1787
2226
-1907
1183
51
-166
-248
-772
1816
-856
12
46
-829
1746
-2319
2117
-2525
2975
-1703
1359
-343
1290
2081
-3937
-3967
2645
2023
-1313
721
-562
1570
-2283
1562
-365
-732
962
-1377
1979
-1896
1319
-795
131
234
605
-1070
995
-1124
1874
-1943
2246
-2005
1171
-1576
1439
-50
-566
20
719
-113
690
-205
3096
-2529
-3841
-548
2998
-1350
1814
-2015
3068
-1287
-1077
848
253
-46
-793
273
1403
-2227
1969
-1361
1822
-2488
2769
-1567
268
-179
684
-77
-813
480
225
-1343
2324
-2007
1856
-991
3640
-4305
-534
-252
301
1077
-545
988
-658
443
-1595
2032
-691
-453
-928
1974
-683
-814
514
81
-40
-587
843
477
-1410
1273
-972
1452
-2195
1923
-522
-144
-722
520
321
-38
78
982
2249
-616
-5385
-2095
5901
-1229
348
-1644
3218
-1998
-483
913
180
-617
-602
910
287
-946
1022
-1568
2406
-2460
2493
-1641
1400
-1687
1589
-289
-289
-143
-83
101
-269
505
-478
85
1207
-966
759
3349
-3765
-5289
4347
814
-1646
674
90
1938
-3755
3484
-1397
825
-1589
1915
-1522
952
-253
-591
181
170
305
-234
16
665
-1125
499
433
-662
845
-1895
1819
-1707
1280
-261
-735
1300
-534
2293
-383
-1683
-3247
2342
-1486
2951
-2049
2003
-998
435
-770
231
-19
107
33
-553
589
463
-1490
1823
-2264
2959
-2268
1916
-1434
918
-342
165
305
-821
-289
823
-574
948
-1164
917
-200
3570
-1176
-5311
-613
3211
-605
502
-23
-361
1152
-2400
2937
-1939
1165
-1235
258
930
-1356
985
-953
1321
-1108
624
-524
1581
-1240
578
-490
940
-1929
2750
-2286
1196
-1469
1464
29
-103
182
-225
-112
1625
846
-1752
-2819
576
-717
2897
-1512
733
-364
1123
-1482
314
166
-133
-127
-66
1016
-1393
429
1069
-1347
1004
-1429
2616
-2833
1846
-520
24
81
-513
971
-1709
1530
-425
131
-164
602
-808
1444
2011
-1749
-5798
2188
3111
-1558
-581
735
1418
-1709
-179
2040
-2398
1183
-1377
2212
-1843
522
159
52
-101
390
-168
19
-219
616
-693
835
-1894
2775
-2222
231
277
371
138
-565
1012
-166
4407
-4282
-3671
-1273
6321
-2452
-485
-329
2380
-1625
125
676
-763
-220
600
-394
624
-847
1210
-2190
3013
-2198
1675
-1701
1657
-419
-436
1104
-870
-728
1080
-876
1186
-2158
2557
-1884
1879
184
3219
-4311
-2672
1279
469
346
-358
1414
-456
132
-1249
1991
-1039
-714
917
-939
1660
-2144
1552
-705
10
-16
799
-453
295
-975
1770
-1930
2288
-1858
1289
-1714
1537
-656
322
-425
549
611
161
4439
-5971
-4717
4938
1844
-2479
-496
2002
-171
-1388
239
1587
-1659
-409
1589
-1536
1127
-626
740
-1047
572
390
-403
824
-1378
1440
-1138
833
-53
-784
558
-1665
2879
-2036
1791
-2220
2408
-825
1201
-864
3327
-2711
-5185
2818
592
888
-1347
1888
-402
550
-2407
1886
-100
-721
88
35
600
-1084
693
115
-656
1253
-915
367
-421
451
438
-1855
2433
-1732
174
-44
852
-472
-918
1744
-672
1064
-718
4595
-5867
-3129
1309
4175
-2918
1341
237
936
-1633
-390
1348
-655
-539
1252
-1560
1876
-2110
2336
-1884
1495
-1034
792
-335
-377
642
-240
89
-89
-637
1238
-2106
2803
-2371
1995
-1726
2929
297
-1139
-2827
68
2042
-1682
991
-306
1990
-3438
3173
-1310
518
-1573
1853
-611
-166
-395
580
-244
-24
294
640
-1658
2060
-1458
1496
-1881
1303
-45
-814
303
47
-67
134
444
33
-140
1163
2779
-2131
-7252
2024
4775
-1832
-1552
1970
1158
-1843
-591
1613
-708
-1642
2468
-1659
1274
-1727
1707
-609
-152
779
-689
590
-1301
1920
-582
-787
653
-662
860
-1516
1961
-2008
2059
-670
408
761
2261
-4598
-1956
2659
509
-747
-284
1366
-587
-1719
3092
-2231
752
-1275
2009
-1376
737
-554
559
-721
716
171
-81
-374
570
-1011
1937
-2099
1886
-2394
2094
-1059
449
85
-890
1848
-1268
1629
-442
3444
-6636
-1297
2790
2626
-3552
1209
338
777
-1812
998
382
-913
760
-645
559
-183
-348
765
-1606
2594
-1975
1492
-1354
451
1071
-1118
944
-1877
1991
-1742
1653
-1375
1375
-733
4887
-5579
-3353
3638
2144
-2225
-143
2195
-2426
792
-937
2543
-2352
-120
1395
-955
701
-1029
1246
-992
636
-64
-106
144
445
-333
-34
-134
518
-1122
1392
-1923
1503
-1054
1205
-111
-495
1091
-1362
2784
3112
-4788
-9767
7478
3866
-1501
-2654
2133
424
-1544
166
744
-910
792
-843
970
-1130
2121
-2685
1428
203
-21
-397
-587
1679
-1524
943
399
-964
825
-1599
1650
-2081
2550
-1420
1600
254
3805
-7232
-1733
2756
1966
-1718
-340
1424
80
-1098
1023
-1444
2209
-2184
1796
-1817
1842
-397
-1289
1775
-1088
796
-1324
1813
-592
-15
-575
1183
-1432
1407
-1669
1863
-2214
2111
-901
654
-566
685
235
1739
1204
-4815
-2391
1706
1333
157
-1431
3228
-1699
356
-1595
1546
-25
-461
49
73
272
-406
122
962
-1669
1761
-2096
2807
-2441
1890
-1595
1128
-19
-292
187
-1188
1395
-16
-80
2039
814
-4218
-3069
3515
983
-1207
-262
1237
-302
-1219
1867
-1198
523
-1195
1710
-1639
1069
-29
-777
735
-1074
2168
-2213
1709
-573
-220
689
-444
363
-986
-89
1046
-696
515
-726
552
202
582
1182
918
-1943
-4865
1784
2024
143
-2465
3624
-1642
1128
-2540
3016
-2146
602
300
24
-272
310
87
89
-867
2175
-2102
1738
-1757
2207
-1806
1406
-998
351
-728
608
237
-589
568
-266
1896
3471
-6187
-4066
3062
2104
-1095
168
258
564
-1174
422
1335
-2385
1231
-622
1423
-1614
884
-636
346
523
-910
997
-654
1175
-1171
297
1059
-1933
1759
-1961
2007
-2374
2366
-1188
1144
-43
118
3634
33
-9018
291
6231
-637
-1398
-656
3372
-3074
574
660
-210
-739
307
792
-987
702
-20
-1194
1363
-507
1113
-1958
1451
19
-409
407
-216
-128
-830
843
-416
-113
816
-585
3639
-1136
-3454
-2676
4790
-1890
1158
-1786
2923
-2024
-101
1327
-753
36
-318
394
-12
-1117
2176
-2173
2005
-1826
1838
-2026
2230
-444
-574
173
82
-180
-70
-257
488
-1926
2833
-2082
2288
-2385
2993
1857
-1734
-5139
785
2335
-574
522
-757
2408
-2646
1399
-859
785
-702
-47
313
-220
40
-195
511
-200
-199
844
-1411
1977
-1506
1211
-1666
880
345
-646
-149
-210
190
459
284
436
880
2283
-6373
-1676
3421
1131
-2403
786
1114
215
-2428
2468
-373
-1176
519
-230
681
-1042
765
-456
92
945
-1477
1506
-1295
1749
-1649
1082
-442
-431
280
-137
516
-1446
1804
-1605
2233
-454
9
685
3879
-7320
-3486
5289
1213
-2339
60
2067
-14
-2920
3117
-1733
707
-1255
1983
-1998
1775
-817
20
-3
618
-558
545
-474
1043
-1735
2273
-2108
1576
-1808
1701
-972
-186
825
-394
1593
3084
-4135
-3458
1198
1296
-1135
1706
-460
758
-2079
2024
-919
494
-929
347
218
-80
-46
-653
439
874
-1507
1792
-2391
3469
-2786
1672
-498
-23
-636
316
257
-572
-13
682
-621
1192
-1129
1698
2019
528
-8753
388
5755
-610
-3094
1809
2299
-3442
1241
91
1156
-3135
2578
-307
-595
-48
327
-236
-302
1237
-554
-715
915
-626
1157
-1506
1542
-1840
1470
-799
679
-869
636
833
-664
408
1851
-388
-4296
-386
2224
203
-383
-460
1666
-1449
386
218
482
-1161
-59
1196
-805
132
-364
769
-1009
549
955
-1613
1491
-1699
2210
-2076
1651
-705
-863
1089
-801
1397
-2315
1793
-132
1690
735
-666
-4285
-799
2460
1830
-3230
1293
2160
-1905
-607
1516
-689
39
-1563
3188
-2848
2065
-1476
1273
-431
-317
463
283
-365
232
-670
1244
-1384
1210
-1520
1388
-1370
1205
-26
-381
84
21
1205
2472
-3549
-3433
1463
2426
-1973
1650
-1212
3029
-3751
2097
59
-496
-553
481
343
-281
-486
979
-965
1324
-1613
2280
-2322
2225
-1592
944
-783
202
850
-1464
617
-101
-543
1807
-1999
2481
-2505
4603
661
-6556
-3361
7186
-898
-1222
-316
2168
-296
-2502
2840
-635
-1119
-468
1229
640
-1913
1839
-1588
1879
-1993
1828
-300
-564
148
121
401
-731
-142
1046
-1593
1206
-847
754
-174
1212
2016
-1997
-3486
-133
2470
-907
988
-1102
3049
-3511
1555
-1014
2310
-1804
213
456
-248
-286
530
-203
280
-1086
1917
-2065
2548
-1738
1245
-1955
2193
-1086
9
-37
-466
544
-483
1284
-1014
620
3421
-226
-7521
205
2901
747
-294
-684
1597
-38
-1941
1042
-270
1368
-2246
1769
-1090
1270
-2005
2513
-1456
334
-379
727
-55
-156
261
-180
-763
1803
-1756
1668
-2892
3032
-1697
1151
68
-470
1124
3403
-3796
-5152
3452
195
992
-1840
2609
-1319
362
-873
1530
-799
-378
394
-456
380
-376
-327
823
-836
985
-738
-64
1428
-1356
909
-1515
1862
-2026
2028
-1186
-528
742
-499
1617
-1117
619
1113
2787
-6258
-2184
2752
2231
-2003
-831
2891
-1038
-1833
2080
-541
286
-1691
2659
-2318
1671
-1314
1289
-940
362
629
-810
304
83
395
-200
-738
1423
-2363
2748
-2483
2056
-2160
2604
-450
2331
127
-6002
478
2268
-252
-616
1127
-255
-10
-679
1179
-514
-578
1213
-1003
741
-776
935
-1102
456
843
-1231
405
721
-332
143
-947
1843
-2390
2113
-1413
292
248
-297
1233
-1620
2429
1667
1726
-10011
894
4038
2239
-4872
2533
1242
-922
-1795
2036
144
-1597
478
1188
-1573
1530
-2002
2475
-2185
1782
-505
119
-585
360
1307
-1144
-203
701
-1116
1038
-1508
2228
-2557
2799
-1396
2571
915
-2243
-4852
2457
942
-185
655
-359
540
-841
239
1310
-2387
2255
-2101
1887
-1795
1803
-1083
88
-97
486
-250
373
-262
611
-1501
1747
-1017
287
-782
46
721
-1005
1013
-150
-216
990
-780
4232
-2357
-5319
-904
6815
-2657
-720
-623
3895
-3441
275
1016
-90
-1020
690
672
-784
-449
1992
-1979
1712
-2347
3551
-2604
1137
-149
-20
-21
223
163
-882
-179
610
220
-317
-14
-38
1542
3814
-6121
-5622
6303
1161
-2386
340
1507
-975
240
-877
2425
-3466
2628
-1302
840
-798
651
-111
-905
1374
-724
192
-23
588
-222
-707
846
-661
-184
977
-1539
1191
-1310
1930
-859
69
1970
620
-1066
-5883
2625
959
2424
-4067
3125
734
-1364
-1718
2323
-505
-1090
49
1489
-1043
60
541
620
-2341
3267
-2007
1674
-2239
2224
-1031
510
-292
-443
895
-1062
1123
-1732
2473
1681
-619
-5978
1950
581
1746
-1798
905
458
-744
-45
510
134
-1266
90
1758
-1830
863
-1370
2780
-2804
2103
-540
293
-461
178
1003
-1168
146
9
-297
244
-7
-519
319
700
-209
700
4040
-2195
-6993
383
3359
11
539
-1570
3082
-2434
1055
-1967
2634
-1464
84
-48
1094
-807
-262
183
651
-1129
1848
-1921
1762
-1988
2257
-888
426
-1213
427
509
-762
562
-333
-259
2433
976
-794
-6789
3997
-179
1517
-1680
1336
-36
-275
-738
1139
210
-912
-443
1332
-846
287
-998
2416
-2802
2263
-1711
2049
-1178
333
395
-770
61
787
-884
491
-1825
2719
-1934
1902
-1373
1090
2646
563
-7300
-677
4224
-105
-1245
-211
3205
-3384
1433
-540
1601
-2492
1125
569
-909
448
-356
414
-210
-163
682
-1108
1817
-1436
1173
-856
366
-448
18
267
-744
345
169
495
268
2633
36
-8093
3365
372
968
-2145
2939
-1099
626
-1432
1374
-270
-190
-69
165
-492
1017
-1556
1712
-1533
1864
-1873
1129
355
-632
789
-928
1681
-1739
558
220
-838
1256
-1257
1503
-1653
1718
349
782
969
-4094
-1432
1176
216
883
-653
1669
-561
173
-1471
1988
-2027
1940
-2029
1957
-1644
1100
-163
30
183
-254
-161
628
-675
1121
-1817
2271
-2350
2471
-1705
754
-1020
1443
-253
-93
2313
-285
-3444
-2183
4194
-1475
1210
-2058
3253
-2260
427
263
524
-618
-1152
1456
91
-1037
593
-686
1631
-1947
2233
-1791
1757
-1927
2369
-1160
-115
-134
31
493
-1111
1272
-1691
2798
-1701
1902
-1474
5423
-3809
-7535
2135
6049
-1717
-2264
1824
691
-827
-1751
2612
-1350
-452
398
213
45
-613
952
-1258
1746
-746
133
237
-1135
2235
-1725
1157
-1074
261
-152
-144
475
-571
356
828
1754
1101
-5425
-523
786
1067
-241
1045
-1068
1677
-2536
2539
-2232
1644
-1091
188
536
-429
-182
744
-880
1132
-1792
2970
-2478
1794
-885
403
-352
22
147
-585
-354
795
-480
785
-926
1848
-1455
7561
-5810
-7848
2385
7836
-4593
-538
2035
388
-2255
382
2025
-1516
-1062
2187
-1861
1503
-1263
1869
-2518
2103
-472
261
-730
640
614
-830
-232
1359
-2023
1751
-2113
2307
-2214
2557
-1150
775
2362
539
-6974
-831
5948
-1841
-727
-520
2672
-1804
-446
1526
-1028
387
-838
1116
-1358
874
-86
-247
501
-771
589
389
-658
1097
-1790
2258
-2176
1809
-1071
-271
291
105
566
-1254
2016
-1489
3463
584
-5139
-3956
7164
-1708
-882
-551
2325
-959
-1078
1880
-1119
-444
1112
-1206
1280
-2010
2887
-2645
2015
-1463
1349
-1464
1488
176
-1247
914
-126
-230
-506
404
-589
263
563
-54
1601
2130
-3376
-4259
2071
1138
-282
873
-1141
1933
-2665
2785
-2404
1908
-1712
733
261
-287
346
-681
388
-71
588
-548
286
449
-826
197
1222
-1815
1251
-2105
2714
-1878
720
-234
-117
1240
-582
3753
-2325
-4311
-505
3730
-816
-82
-609
1602
-857
-927
1117
-497
-96
47
-269
1210
-1874
2027
-1547
1123
-1207
1488
-445
-807
1250
-965
614
136
-751
512
-1529
2208
-1451
988
-745
1671
1944
-2012
-5742
3211
1587
-556
-601
585
963
-3069
2747
-1040
1355
-2754
2150
-258
-478
461
-156
55
-524
1209
-786
378
608
-1276
1481
-1386
1446
-1727
761
-117
-14
-410
669
292
-115
104
2537
1535
-8466
-2083
6629
-373
-886
-1697
3466
-1505
-1409
783
1596
-1878
-295
1256
-409
-335
571
-220
-91
-760
2239
-2405
2231
-2513
2767
-1464
258
414
-875
-1
132
282
-214
157
2059
404
-3069
-1845
2270
-285
-306
-204
1224
-425
-1315
1892
-809
383
-2066
2818
-1748
711
-697
532
447
-867
1108
-1003
739
-299
494
254
-1601
1321
-838
481
-550
525
-1186
1438
-167
558
-739
1566
3447
-3537
-7503
2779
4352
-1199
-2521
3048
580
-1376
-2435
4267
-2010
-479
284
1219
-889
-20
-217
1138
-1282
1405
-1408
1650
-2013
1773
-101
-1332
1213
-1266
1290
-1002
481
146
-880
2094
186
2963
-5906
-1579
1978
63
783
-1132
1264
758
-1559
216
711
238
-1558
1193
-413
831
-1787
1171
373
-1127
988
-756
1753
-1993
1506
-606
-453
554
-179
440
-1716
1199
-235
513
-467
798
-32
3940
-1561
-6648
-1126
5324
112
-1895
426
1709
-461
-1708
1076
1205
-2847
2056
-1173
1360
-942
61
185
179
-137
153
-84
460
-1208
1844
-1669
1574
-2114
2295
-1594
-19
130
448
692
-969
1717
1438
1193
-7877
1793
206
1600
-742
1201
911
-1046
-491
939
-167
-117
-833
1405
-1539
1712
-1979
1585
-1523
1698
-745
421
-216
-20
628
-1219
942
268
-1841
1923
-1618
1758
-2329
2760
-1176
1306
920
1275
-4094
-2190
1532
404
289
-293
1213
-157
-224
-431
561
457
-1605
1548
-1456
1617
-1437
880
-164
-281
25
795
-667
787
-1794
2542
-2388
2086
-1190
644
-1255
1289
-80
-84
-213
378
1491
-27
-2646
-696
786
765
-1583
1655
232
169
-1899
1808
-133
-1209
826
-675
1312
-2091
1720
-625
648
-815
621
-280
-162
1071
-1431
496
-314
523
463
-1507
1350
-2043
2979
-1677
1622
-357
2971
-4678
-800
52
308
2187
-1729
1179
-624
764
-1681
1957
-1394
1077
-1520
1678
-564
-307
214
-117
525
-490
75
502
-839
1235
-1082
1076
-1739
544
1327
-1641
512
-386
188
919
-543
1265
804
-844
-4260
2183
-363
1614
-2197
2543
-633
-92
-1466
2143
-764
-750
797
-297
181
-424
119
613
-1317
1774
-1656
1918
-1772
1752
-1417
1025
-568
-511
975
-845
554
-1390
1760
-865
2266
294
3022
-8388
-1227
4247
1065
-1451
-1153
2999
-881
-1057
354
1144
-1098
-454
1407
-968
175
-303
1283
-1519
967
-96
249
-617
307
1294
-1741
142
1158
-1485
949
-1283
1268
-843
801
220
-623
1090
28
4532
-7353
-2636
3955
2750
-4772
1738
994
1865
-4040
2633
283
-1268
329
678
-844
583
-1122
1762
-1361
1466
-1830
1822
-682
-470
1399
-1357
325
-11
-154
228
-1374
1713
-1377
2234
-1753
1601
-1546
4249
-441
-3869
-4379
3582
1431
-535
264
133
1852
-3548
1221
465
-510
442
-1429
2303
-1952
828
-297
1104
-1105
654
-677
822
-384
584
-977
1379
-2289
2902
-2428
1698
-1978
2120
449
988
-1690
-2462
2716
-1302
-75
173
73
1026
-1321
400
-377
1492
-1978
699
131
574
-773
-39
550
-331
-21
-47
43
1344
-2265
2067
-2172
2862
-2254
1016
23
-1173
1240
-559
1057
-1649
1054
63
2430
-596
-1108
-4888
1862
1934
1
-1747
1631
1557
-2171
183
667
-753
276
-966
2460
-2817
2273
-1493
1565
-1281
987
-237
-6
29
-92
-324
1221
-1772
1885
-1932
1549
-1535
1916
-1332
938
180
2908
-2483
-4103
2630
-408
1095
-1680
2211
-1192
824
-1635
1574
-23
-1120
531
719
-233
-300
-503
1426
-1596
1370
-906
1587
-2047
1729
-722
-369
708
-1081
1284
-1058
-128
491
-610
1631
-1256
1660
-317
2700
-3865
-2133
424
2102
227
-1492
1572
385
-776
-603
1555
-1585
886
-1394
2594
-2411
1934
-1592
1525
-1012
1230
-3
-922
333
401
-203
272
-1498
2272
-2094
1447
-1056
666
-265
993
-268
1772
779
-6974
1679
2141
284
-2329
2757
-1405
1115
-2302
3642
-2194
-296
922
-234
-594
794
-260
290
-1290
2098
-1551
1774
-1871
1986
-1879
1041
269
-388
-1001
499
552
-187
428
-688
514
3904
-624
-8151
121
7412
-2319
-1397
176
1018
-731
-1062
2145
-1591
902
-1092
1735
-1699
1423
-935
341
422
-725
723
-1000
1786
-1297
293
1269
-2248
2378
-2375
1752
-2150
2204
-1383
1432
-502
917
3371
-2788
-6247
2819
2299
-1247
-305
289
1515
-1775
423
1365
-2300
2234
-1714
1548
-1672
1680
-906
-234
519
621
-921
636
-888
2433
-2833
2418
-1663
751
-1186
1374
-506
-389
-62
623
1103
-513
6355
-6561
-7907
5953
2869
-2549
-1016
2507
89
-1172
-260
799
-25
-243
-11
384
-700
1472
-2003
2115
-1492
2096
-2646
2077
-391
-359
495
-135
-51
-22
-996
1254
-1421
1902
-1983
2633
-1900
4631
-1879
-4759
-412
1946
1307
-861
-280
1512
-1084
443
-794
2100
-2672
1795
-1465
2276
-1885
993
-573
297
101
33
461
-305
-736
1632
-1802
1963
-2276
1844
-1220
465
-139
504
-273
592
914
3553
-1827
-8856
1724
5752
-1314
-3151
2003
2733
-2834
