-679
-778
1983
-560
-246
475
-991
2252
-2563
1460
405
-1414
964
-1803
1678
201
-1146
542
277
-1407
2732
-689
1934
-1176
-1283
-1030
-2891
2744
1784
-342
-2418
1396
1990
-988
-2383
1795
599
-826
-957
585
1771
-2764
1471
219
-562
705
-1703
2969
-1365
-838
1090
-59
-111
509
-1192
1276
-797
-1449
2725
-1717
838
-910
1080
102
3015
-411
-5121
-2473
5088
-439
-2486
1091
1898
-1926
-164
679
1889
-3915
2275
70
226
-1217
656
303
-703
304
916
-970
697
-932
1861
-1817
1160
-1391
1929
-1541
-403
1018
-234
472
-886
2017
544
2636
95
3398
1658
-4455
2843
983
-2759
670
1551
-1658
-845
2394
-988
-871
1146
-328
-100
-1620
3969
-2784
1309
-1183
1635
-869
-355
1555
-1992
367
463
-474
114
-323
1112
-366
3710
-1580
-7086
2988
2416
-2336
845
1303
-2084
1075
-307
2075
-3578
2779
-138
-878
-438
807
778
-2214
1483
438
-893
-29
1225
131
-1151
-32
1294
-2203
2400
-1479
-205
-172
1264
-263
-578
1055
2429
-447
-7598
3426
1593
444
-2445
2379
-557
-393
-446
1359
-786
-801
1432
-231
-1209
1202
-989
1814
-2288
2389
-1350
649
-617
1496
-485
-598
106
439
-190
-1070
1475
-1636
1568
-113
986
1972
-2156
-6537
5376
1146
-2918
1740
47
-1116
410
581
629
-2709
3099
-1168
265
-1650
2823
-1653
-386
516
794
-382
-1045
1768
-216
-1503
2160
-1252
335
-1236
932
564
-1159
721
-362
309
1321
2100
-1
-7983
1100
3917
-18
-2556
3206
-895
159
-1862
3583
-2993
296
1245
-458
-391
-109
278
557
-1337
1895
-1508
1494
-1380
905
405
-608
199
-217
132
-678
135
1060
-894
1155
-546
4659
-4614
-4656
2585
3635
-4068
2453
37
-660
-594
759
1640
-2488
656
919
-1419
765
-856
2331
-3187
2036
-836
1419
-1674
1334
174
-957
468
84
-259
753
-2296
2632
-1896
1918
-1448
5314
-313
-8795
-466
7441
-3110
-2345
3435
-774
-961
388
1161
-960
-1150
2873
-2679
1876
-1426
1350
-1842
951
617
-389
-423
440
-502
1693
-1742
1906
-2463
1711
-722
124
-39
19
478
135
1742
2886
-6638
-3139
4647
469
-2144
1617
20
47
-2553
3890
-1621
-493
16
1348
-1005
-1215
1759
-145
-1561
1701
-786
1382
-2504
3553
-2057
-62
380
722
-1036
-1053
1335
-319
1161
-1062
6326
-4579
-6615
1538
6136
-3818
-1164
3396
-1119
-1369
483
1301
-1082
-708
2507
-2561
1645
-1047
982
-870
-299
1805
-1680
1371
-1690
2184
-1428
734
56
-784
182
103
-666
922
-1226
1762
-1748
2427
549
3893
-6147
-6538
6752
1130
-2793
456
2384
-1946
-563
2463
-1207
-753
61
2524
-3616
2205
-501
261
-1263
1385
482
-551
-1205
2456
-1684
1341
-2126
2662
-2043
-3
573
-458
-42
745
1443
3403
-1988
-8227
1164
6012
-2220
-2219
2224
1350
-3385
1383
227
757
-2171
1704
368
-1423
47
1811
-1949
1152
-1057
1926
-1522
168
1938
-1438
277
-1235
2263
-1670
-469
628
-162
138
-26
1222
2820
619
-8571
-1559
7889
-2275
-1056
181
2099
-1647
-882
2763
-1475
-808
1126
318
-626
-1500
2941
-2601
1383
-937
2228
-1894
457
635
-104
-88
-373
562
-805
-660
2052
-1589
-10
55
1873
1584
917
-4926
-3496
4059
925
-1534
-560
2764
-2291
537
578
791
-2694
2649
-1263
242
-465
1116
-884
-258
980
-129
-779
1428
-1325
1541
-2389
3163
-2342
1095
-401
-974
1185
-115
426
197
2774
-3272
-1994
19
2777
-2738
1712
353
547
-2435
1479
1237
-1520
252
3
149
-113
-614
1520
-2085
2202
-1820
1907
-1375
1407
-647
169
40
-739
1098
-1004
699
-1325
1727
-1287
1738
-309
3784
-2269
-5079
-1497
4169
853
-3031
3139
-479
-686
-1525
2749
-1133
-801
992
-251
-284
-567
2071
-1736
277
713
-70
-655
197
1492
-2422
1493
-36
-852
812
-977
430
-477
1105
-393
344
3985
-4738
-3443
2843
2070
-3101
1951
-553
654
-1900
2218
-656
-313
-208
740
-446
-636
1026
-1099
166
1005
-757
830
-2056
3316
-2101
1117
-607
-237
256
-218
846
-2189
1888
-776
1584
-477
4091
-3662
-4504
-80
5409
-2028
-974
1457
-12
-567
-1012
2463
-1571
-1028
1937
-1520
1334
-2132
2921
-2369
809
261
556
-793
147
442
295
-793
1113
-1473
1351
-2182
2054
-676
442
-597
1000
3331
-1005
-5843
-128
3821
-1428
-1152
2962
-1618
314
-1359
3619
-2982
393
494
782
-1603
381
755
-384
-770
1261
-452
820
-1845
3028
-1849
391
-704
508
1004
-2013
799
-429
117
966
-664
1093
434
2457
-6209
-1069
4061
436
-2917
1642
484
-1234
-560
1682
252
-2442
2384
-1113
945
-1908
2294
-1201
13
307
216
402
-859
927
-236
-342
472
-589
148
-591
439
-266
72
1022
3212
-1706
-7325
3794
2212
-2685
1489
131
-398
-34
-182
1844
-3375
3047
-1197
649
-1175
1035
-616
28
217
314
-660
615
-89
802
-1090
1637
-1644
393
314
-844
689
-901
794
-560
305
2754
150
-3577
-3278
5043
-1593
736
-1793
2607
-1522
-624
1088
535
-1277
170
779
-221
-933
1349
-740
437
-1083
1442
129
-1089
1199
-1468
2048
-1736
1087
-383
-1382
1301
-638
1243
-2028
3030
768
-1703
-3923
2170
-4
750
-137
196
-184
-257
438
283
-756
1153
-1503
1845
-2072
1713
-1532
1085
179
-832
993
-859
959
-541
422
85
-1494
1351
-411
237
-1030
859
-653
807
971
1825
-1155
-3235
-652
1210
793
-403
-671
2023
-1710
871
-1418
2360
-2453
1581
-351
-103
-551
805
-121
-601
319
1317
-1809
1422
-952
1709
-2245
2375
-1575
281
-310
671
5
-1076
1492
-25
2642
-3186
-1827
1033
881
-1485
341
1541
-1292
-1102
2204
178
-1736
264
1743
-1848
789
-377
1301
-2473
1908
98
-624
79
258
881
-1897
1396
-91
-1153
1354
-1445
1244
-1760
2691
-1818
1270
1303
2534
-5959
-1924
3289
821
-1308
-639
2454
-1201
-635
-420
3247
-3387
1036
115
507
-1040
287
1463
-1779
-82
1480
-134
-224
-1102
2655
-2654
1986
-883
385
-1726
1860
-292
-129
70
3011
-504
-6489
3111
981
145
-1523
2305
-2164
1149
-814
1584
-1091
-653
1473
-440
-678
585
-529
929
-1152
1431
-702
-135
228
-183
1468
-2230
1647
-1245
746
-390
-220
827
-1939
2390
-1255
1956
-312
2061
-4748
-1888
2767
1376
-2543
687
1876
-939
-1434
2443
-1184
-380
-477
2519
-3109
1867
-95
-161
-317
244
1560
-2180
1421
-445
-371
1006
-1160
1336
-2233
1616
-213
-96
83
440
1980
-665
-3982
911
979
-634
69
1054
-66
-579
-1209
3476
-3317
1710
-1192
1649
-1677
407
1102
-1018
-172
975
-173
112
-877
2745
-2731
1639
-1231
1438
-1523
866
-370
-124
662
78
2229
1089
-4247
-4356
6625
-1405
-1156
420
899
-814
-699
1507
-566
-790
974
156
-393
-918
1611
-1014
-72
964
-190
28
-1635
3121
-2107
873
-497
825
-1149
-396
1497
-2107
1637
-376
1450
1147
-1057
-4458
2563
630
-1855
1296
363
-549
-369
188
1802
-2918
2101
-652
453
-1764
2047
-226
-1567
1404
-494
1049
-1732
2147
-514
-1843
2238
-1041
490
-1485
1134
-408
-125
611
277
1278
2122
-4087
-4033
2519
3144
-2750
162
1466
281
-3213
3698
-1464
182
-1201
2574
-1707
-595
1302
-749
-590
1251
-186
-3
-1364
2615
-1395
391
-181
197
-883
-67
1300
-1385
-5
826
836
2217
-1894
-3519
-1021
4319
-3150
2054
-1381
2109
-2328
1181
1304
-1831
76
1163
-457
-344
-445
2148
-2766
1790
-190
1142
-2192
2200
205
-1663
305
915
-264
-1145
424
255
-602
1444
-886
4252
-2211
-4669
-633
4295
-1155
-997
1211
384
-1031
-998
2630
-2118
647
51
933
-1921
849
1130
-1607
915
-582
1547
-2165
1466
638
-1447
1307
-1009
995
-1671
790
15
-513
120
538
105
3011
-122
-6984
-196
6261
-2609
-1650
1637
915
-2300
1227
139
816
-2995
2671
-250
-706
-187
178
268
-553
819
392
-1485
1495
-772
1096
-1275
519
-694
1000
-568
-709
1018
-113
3626
-1705
-4631
-1167
5703
-2322
439
-850
1866
-1842
297
461
-417
206
154
212
-627
-284
1681
-2059
1813
-1421
1752
-2438
2248
-416
-234
17
115
323
-602
-279
649
-1740
2718
-1636
1793
880
1520
-7856
2118
2538
-1459
521
496
82
-1246
703
1263
-1769
805
-598
1350
-2552
2680
-1540
471
-446
935
126
-1050
1240
-100
-852
1167
-1055
842
-1801
1131
164
-490
33
25
554
1663
1550
-1699
-4665
648
1234
931
-1177
1263
-1141
1949
-2413
2170
-1597
1279
-997
145
848
-948
-26
777
-813
1069
-1420
2129
-1192
-352
1101
-538
68
-1122
1984
-1659
-394
1501
-479
495
472
3020
-6075
395
1181
1226
-2558
2148
-321
-785
499
564
38
-938
477
1121
-2550
2067
-1053
967
-1003
1022
-309
-609
1795
-1370
951
-885
124
363
-878
1163
-2371
2626
-1807
1794
-1755
2748
1268
494
-6742
-376
4730
-860
-1671
246
3012
-2831
476
1081
-251
-1722
1809
666
-2199
728
424
533
-1397
1285
644
-2063
1865
-455
824
-2209
1487
-20
-898
392
-387
25
1120
2583
-57
-6567
941
3029
-1900
648
990
-475
-234
-1122
2615
-2089
498
66
389
-487
-545
1191
-583
-671
1131
-1256
1920
-2238
2841
-2084
1048
-961
981
180
-1227
-57
661
393
-520
220
710
1451
855
-3077
-2716
-298
3811
-1145
-1452
1547
658
-879
-1007
2645
-2148
406
-32
336
-600
-346
1743
-2333
2282
-1292
989
-1091
1388
-767
-263
201
244
-1180
1952
-1838
1513
-2284
3154
-1530
202
1174
943
-1677
-1671
1140
-1408
858
-218
1471
-742
-629
399
520
-491
-792
929
-230
-345
-181
727
170
-1643
1936
-483
-190
-345
597
220
-1667
1762
-1064
146
-38
106
34
-936
1961
-39
1796
-1955
-1348
-565
505
-76
905
-1055
1241
-64
-536
-66
-881
2332
-2223
1378
-1273
1710
-1844
1392
1
-477
-301
520
871
-1185
221
632
-1021
979
-871
1702
-2675
2328
-1438
1147
-856
3154
-315
-4085
217
994
428
-1475
2113
-1257
803
-1318
2272
-1704
241
190
516
-674
-64
186
88
-258
585
-96
426
-2007
3477
-2008
1106
-1516
1250
-369
-443
635
-1120
883
128
425
-116
3079
-2114
-4392
-188
3993
-1707
-67
447
1344
-1423
-156
1110
-520
-538
871
-621
1008
-2024
2719
-2319
1586
-548
812
-543
-333
675
-286
328
-151
-968
1637
-1494
1306
-1192
872
-764
3245
894
-4494
-2588
4520
-1563
-1300
2335
-1605
1299
-2109
3391
-2534
692
467
-328
-18
-296
686
-920
1027
-796
232
402
-162
405
-936
989
-753
130
575
-1392
293
-167
1197
-1062
193
1682
2373
-2685
-6716
5777
404
-729
-1620
2819
-1464
-801
470
1871
-2372
549
1118
-472
-1243
1386
-215
378
-1718
2567
-1161
-79
338
342
284
-1534
1613
-663
-1027
1157
-686
1060
-1876
3378
1051
-1697
-5546
4442
-539
-404
115
863
-652
-307
1110
198
-1185
587
-530
1530
-2363
2397
-1899
1112
-337
63
664
-684
583
-847
1226
-94
-1560
1758
-1435
825
-992
1521
-1509
1175
-242
437
1570
2400
-6265
-3000
5604
-426
-2098
1434
362
436
-2677
3904
-2660
282
-173
1169
-1452
468
725
-529
-946
1788
-938
966
-1261
1926
-2523
2499
-1152
986
-1820
910
485
-623
947
-1087
1707
1774
-534
-6050
739
2779
-230
31
-924
1325
-929
274
261
-624
675
-475
327
-781
802
-368
-787
2056
-2002
1618
-2269
3577
-2209
335
750
-1268
635
315
-667
170
-1058
2215
-1396
1155
-470
2935
-1795
-2954
-889
2185
270
-1855
2148
196
-452
-1673
3422
-2507
-746
1783
-596
39
-1652
2771
-1366
-167
700
624
-1180
-13
1150
-400
-1091
1162
-681
198
-716
1466
-1371
415
531
1386
1810
-5258
-1051
1497
1754
-2361
2651
-2052
1455
-1239
1754
-832
-1163
1289
-369
-59
181
-346
446
-649
573
133
-366
588
-1456
2640
-2485
1771
-1340
1326
-1196
-55
1302
-1349
645
529
2029
2350
-7984
-1771
5252
-254
-2578
1933
167
-89
-1514
1751
-329
-877
978
-16
-864
489
-745
2226
-3034
2666
-1623
1004
-888
616
906
-1390
486
772
-1351
1415
-2206
2465
-1723
1912
576
2040
-4885
-1423
2085
883
-966
266
1043
-1428
357
479
42
-351
-740
2188
-2872
2424
-1463
1039
-1248
611
429
-7
-175
283
-666
1392
-1682
2181
-1985
532
-770
1975
-1566
416
651
3910
-2868
-6458
4769
778
-1244
-842
2496
-1710
-150
415
867
-1056
-425
1648
-1187
97
236
-324
571
-332
231
196
-356
652
-777
1583
-1881
1126
-1136
1222
-1020
-415
1351
-1920
2550
-722
4797
-3293
-5601
172
4889
-2165
-799
1395
1181
-1943
348
1367
-404
-1285
2063
-1251
552
-1805
2652
-1880
397
677
142
-371
-615
2137
-1370
-792
1780
-1670
796
-1683
2598
-2457
1415
-244
1295
4370
-4029
-7444
4817
3351
-4263
1116
772
862
-3459
3535
-375
-1070
-343
1722
-416
-1631
1815
-299
-1116
602
1010
73
-1982
2736
-1676
984
-952
1527
-2144
998
-109
-155
120
186
3449
-22
-7399
477
6524
-4708
-308
2157
-303
-1377
-38
2782
-2818
-61
2090
-726
-1233
222
1193
-1136
-402
1542
-820
89
-1345
3878
-2815
698
-189
783
-994
-212
1204
-1816
1333
-304
627
798
2585
-4474
-3956
4349
1179
-2795
687
1459
-464
-1882
2732
-1155
-386
-434
2206
-2654
1443
-16
-312
-116
-35
1518
-1614
854
-263
-319
1240
-1585
1969
-2792
2029
-828
666
-653
304
-29
3762
-1793
-5366
2003
2672
-2446
79
1963
-1422
-323
716
845
-1085
-860
1920
-1354
113
295
-154
190
-627
1293
-1342
1327
-660
748
-1021
477
-237
281
-245
-846
32
1252
-251
-695
2204
2702
-4292
-6167
4630
2668
-2948
869
499
543
-1956
787
1171
-1672
1016
-267
715
-1547
1065
566
-1131
774
-1039
2553
-3060
2396
-997
729
-541
-231
1118
-1539
251
880
-1239
1123
-997
2048
1606
491
-7145
250
3639
-829
-139
-384
1828
-1866
818
564
-477
-813
512
1652
-2691
1620
-1162
1616
-1876
1272
561
-808
-606
1578
-640
488
-1921
3025
-2611
922
150
152
-955
834
731
134
3600
-1809
-8387
1966
6319
-3612
-1452
3712
-1239
-1096
-672
3510
-3164
456
1319
-765
-547
609
296
-602
-1414
3575
-2519
1274
-1028
1509
-1654
1323
172
-860
-605
577
418
-251
244
82
2543
1041
-8808
3029
2254
-1130
-936
2011
-792
-781
938
433
-942
-103
1136
-619
-1486
2318
-1755
1289
-1946
2634
-1063
-484
567
278
430
-1117
558
335
-2110
2921
-2083
1221
-1959
2375
-622
919
1492
321
-4954
-1506
3411
623
-1884
698
1474
-656
-1114
1390
-1114
659
-1152
1938
-1956
1052
-360
238
234
-493
524
253
-721
778
-934
1762
-2200
1911
-1188
73
85
280
100
-994
2185
1791
-798
-6795
3465
768
148
-1576
2640
-1704
22
498
1347
-1824
-593
2069
-894
-852
1197
-1237
1425
-2048
2843
-1689
1329
-1264
1405
-256
-729
412
-108
-276
-225
317
145
-837
1387
-838
652
1062
4709
-6830
-6310
6519
2172
-3308
-73
3472
-2240
355
-821
2560
-3014
1445
-92
445
-657
160
189
-461
730
-23
297
-24
-1553
2688
-1907
1385
-1723
1272
-868
78
354
-374
729
699
3344
-3723
-6223
5440
1108
-3189
1902
426
-633
-128
759
931
-2714
1957
7
-996
362
-334
764
-766
392
525
-1527
2231
-1763
2098
-1786
338
186
406
-467
-1341
1612
-845
1417
-1319
2505
2369
-551
-11131
3729
5796
-2589
-2014
2122
999
-2573
179
2131
-1808
1018
-992
2032
-2170
404
1459
-2076
1562
-956
2133
-2816
1726
-226
131
-471
285
-426
722
-1963
2613
-1587
904
-645
1109
1188
244
-1223
-4047
617
3577
-2135
-202
621
2329
-4122
2821
99
-579
-2037
2753
-432
-1501
697
938
-1085
-18
1189
536
-2241
2592
-1657
1299
-2182
2684
-874
-929
353
-365
1111
-694
2920
75
-1566
-4065
1768
-22
1099
-992
2099
-1404
340
-373
392
-477
285
777
-1914
1178
264
-717
714
-1374
2432
-2730
2446
-1095
877
-1211
1049
224
-1227
495
579
-1236
834
-480
1083
-1722
2493
-232
2215
-3028
-1959
78
1315
-660
-1073
4005
-1780
-695
-860
3403
-2381
-726
1787
-478
-1384
454
1578
-1701
-66
1266
-29
-773
118
1774
-2656
512
1421
-1474
190
-446
366
-396
970
243
629
2062
-4899
-677
1305
909
-762
1230
-1102
720
-671
556
-1114
826
397
-1026
857
-685
832
-1377
1693
-1042
398
-443
150
728
-956
1142
-893
-404
1043
-434
-103
-1441
2318
-1219
1468
1889
-3293
-2569
3984
-1604
-1070
1869
-666
-614
-36
2003
-2166
1314
-871
1531
-2324
2146
-857
-566
857
-772
662
-351
1034
-746
-719
1885
-1554
1304
-1698
1277
-1533
2016
-1264
200
-629
1634
2103
1709
-6952
-3698
7930
-854
-3755
2463
1105
-1022
-2261
3813
-1645
-1211
468
1919
-2209
230
921
98
-1561
1645
-469
1086
-2338
3019
-1774
203
-190
1001
-868
-987
1425
-724
-288
1333
-362
2828
-2571
-1377
-2433
3757
-1875
463
760
1656
-2318
13
1395
-373
-1274
1065
533
-942
-1211
3279
-2491
1319
-990
1971
-1531
98
1751
-1491
-337
605
-124
229
-1587
2357
-2172
1852
-1278
3294
1664
-4108
-5590
5449
1157
-2247
403
533
719
-2504
2067
682
-2578
2050
-944
1918
-3098
2579
-780
-443
-141
1006
409
-1371
128
1762
-1887
1926
-1672
1270
-2458
2443
-878
404
-739
1212
3431
-2785
-4185
1612
1897
-1929
1019
457
-989
835
-1147
1927
-2510
2143
-671
-88
-129
166
-191
87
-279
993
-1155
1141
-1510
2928
-2527
1615
-1482
1620
-769
-502
864
-1557
1693
-350
514
1388
4978
-9463
-4834
7677
1905
-4715
1446
2795
-1548
-1786
2457
-658
-784
342
1522
-2794
1437
706
-1211
485
-488
2345
-3278
2046
-188
-224
64
-78
672
-1833
776
1054
-1226
335
168
1110
2134
-2248
-5055
2912
849
-2008
2439
-544
-294
-1641
3683
-2278
-121
231
708
-573
-1248
2841
-2052
-84
97
1498
-1434
255
459
834
-1903
1733
-1189
1473
-2202
2187
-1228
128
-143
760
111
835
3265
-3360
-4857
1398
2327
-206
-1692
2904
-1420
79
-892
1141
-760
628
52
-758
289
57
269
-311
-133
395
-927
1980
-1987
1679
-1461
1412
-1059
459
640
-2242
2216
-1431
1549
-1355
3262
1122
-4068
-4519
5606
-1583
-513
1355
-258
-478
-593
2016
-975
-644
577
572
-446
-1078
1736
-1820
1559
-1392
1730
-833
-615
1420
-248
62
-779
-1
749
-1274
1486
-800
-986
1104
1685
2447
-3474
-2798
993
235
34
658
-264
1332
-2506
2214
-1323
965
-1385
1794
-1088
-420
665
99
-605
119
-151
1422
-1950
2037
-1555
1804
-1784
1554
-414
-1118
690
-546
653
-580
474
368
1117
2448
-5260
-901
704
2476
-2846
1994
366
-740
-623
1229
194
-1316
941
176
-942
480
-214
648
-1933
2687
-1789
1263
-1123
1972
-1147
-250
857
-930
65
657
-1109
789
-1621
2736
-1737
3254
-609
-3177
510
119
-1353
772
1215
-1138
1029
-846
1521
-2772
2958
-1291
240
-588
671
122
-1127
1482
-622
-649
1014
-51
520
-1492
1931
-1114
-853
1526
-778
-396
-43
907
-1172
335
1092
875
1711
-4121
-1138
689
1758
-3010
2719
-450
1003
-2321
2109
-2
-1727
1393
157
-647
-570
453
880
-1983
2072
-762
791
-2262
3401
-1431
27
-503
614
-8
-791
1491
-1944
443
1037
508
1059
-277
-1986
-2596
1343
2082
-1813
1
1484
-459
-1718
2644
-1192
112
-861
1961
-2318
1866
-919
579
-1151
1397
45
-586
791
-368
-298
1188
-1425
1696
-2815
2810
-1711
1043
-655
104
276
1271
2474
-2425
-3325
-102
2793
-2536
1649
-335
1510
-2492
1696
761
-1386
56
442
-84
-751
155
1006
-1647
1173
-770
1689
-1283
552
327
-766
267
-513
1570
-1547
-488
1140
-569
730
-1370
1943
-1706
3307
167
-231
-5208
1488
312
1039
-437
-382
2094
-1667
928
-1256
1241
-1260
652
697
-1174
363
-253
1485
-2155
1762
-406
695
-1232
242
1268
-1680
434
969
-1632
638
-942
2341
-2231
1158
495
1789
-39
-4356
159
-229
1972
-1273
1356
-113
522
-2442
2420
-395
-423
-391
624
170
-1001
999
199
-1859
2085
-822
805
-1255
1578
-559
-1325
1785
-1498
1538
-614
-834
556
-501
1539
-1921
2305
-451
1926
843
-2234
-7445
4479
3215
-1954
-1373
2783
565
-3886
3105
198
-1654
-586
1408
473
-2845
3415
-1687
319
-972
2298
-1409
173
186
409
-610
204
-90
1093
-2586
2218
-794
691
-898
764
459
-924
1531
2312
-2952
-3753
1595
1562
-2914
3473
-683
997
-2895
2851
-788
-474
-61
1050
-1100
118
649
-68
-924
1156
-1188
2007
-1606
1409
-1327
343
725
-1681
2103
-1320
-910
1298
-125
585
-1987
2662
-1259
3044
830
-5495
-4123
8075
-1556
-2177
1536
1299
-1218
-1609
3269
-1910
-491
467
755
-994
-637
2281
-2234
1203
-563
1005
-953
728
301
-1465
1229
-456
464
-1071
629
-1140
1212
121
314
-282
3304
-1029
-7032
1929
3230
-1577
360
262
56
-1384
1532
-445
127
-1161
1749
-1255
277
-109
420
-597
233
344
179
-989
1660
-1297
1920
-2175
1774
-1853
1822
-738
-985
1240
-962
1514
-848
910
711
1882
-3033
-2864
-290
2485
-624
-276
1095
352
-1087
443
33
18
-573
1209
-1929
1497
-465
264
-84
-726
1888
-2479
2386
-1093
314
-242
205
203
-830
268
820
-1266
917
-995
1439
-647
3398
-1869
-3357
639
1040
-997
-88
1652
-1599
1558
-1807
2091
-2141
1139
480
-1261
1158
-744
185
-553
887
206
-747
592
-405
675
-881
982
-1069
-500
1413
-986
-138
-170
649
-209
25
1450
1476
588
-7934
1673
3619
-172
-3189
3234
282
-2025
-67
2349
-1761
-1284
2403
-729
-956
523
759
-1020
-1015
3383
-2061
283
-998
2733
-1718
-305
1487
-1822
1001
-1123
1675
-2302
1940
-989
1672
1519
4006
-10825
-2691
9024
-1225
-2981
2228
1291
-2471
108
1849
-868
-669
39
2191
-3653
2738
-952
287
-751
710
22
77
-11
827
-1562
1702
-1441
1487
-1470
447
-825
862
357
-496
37
1282
3690
-1183
-8266
318
4775
298
-3991
4123
-617
170
-2535
3171
-1173
-913
1063
95
-552
-240
502
252
-519
-280
1826
-1908
1638
-2047
2800
-1901
-444
1170
-937
880
-1151
761
250
-1394
3200
-468
1077
-3893
-4
608
-150
259
-461
544
-450
465
882
-1247
347
-234
879
-1239
1069
-800
-371
1532
-1705
1613
-1582
2283
-2097
999
771
-1620
831
-283
373
-1496
1188
291
-591
157
1077
1090
2031
-4897
-3848
3758
2004
-2467
180
1731
-977
-1088
2246
-1302
-98
-799
2429
-2332
805
469
-757
-213
857
319
-418
-658
1674
-1692
1603
-1310
1362
-1774
1095
-475
46
139
78
2609
-265
-1456
-3855
2976
-1262
1353
-1335
2813
-1176
-1162
1073
242
-454
-117
466
-60
-1473
2173
-1211
1002
-1458
2094
-2064
2209
-800
481
-994
384
638
-1087
787
-949
-128
1003
-522
133
488
2470
194
-4412
-2763
3889
1477
-3202
1328
1175
-710
-1974
3263
-1696
168
-643
2375
-2726
1046
429
14
-416
315
620
-747
-28
1320
-1099
1225
-2385
2517
-1294
14
-135
231
-432
589
500
36
1072
747
-3509
-1441
1831
-86
-390
1348
-1180
799
-1578
2435
-1943
649
585
-933
375
-292
559
-813
87
1380
-1666
1055
-913
1868
-2019
1553
-815
-384
625
-423
417
-1354
2159
-1854
2465
-1558
5504
-2575
-7608
448
8225
-4631
-2538
4767
-1207
-2506
1483
1686
-1698
-1585
4007
-2488
195
-751
2570
-2539
687
1190
-385
-577
-360
1814
-621
-1847
3325
-2608
1072
-1698
2219
-1205
200
1160
814
-145
-2236
-1315
579
629
393
-256
606
-847
564
-588
1960
-2809
1802
-858
1127
-960
299
612
-683
-699
2024
-1103
903
-1500
2110
-1601
167
496
-286
-642
-146
1101
-518
-648
1696
3197
-994
-8927
3541
3663
-1505
-2258
3993
-1919
-479
-205
2110
-1720
-967
2231
-403
-1736
1830
-1216
1470
-2008
2341
-907
-75
-290
726
742
-1529
415
450
-971
707
-726
1080
-1969
3089
-2007
3803
-1022
-3485
-2230
4134
-514
-1569
1625
-208
-176
-1135
2684
-1698
-1095
1937
-612
-431
-674
2011
-2090
842
61
842
-1032
136
1650
-2278
1395
84
-539
-828
-124
1336
-897
-109
131
36
1270
1412
4282
-9831
-4451
8798
-151
-3854
2661
1186
-901
-2673
3985
-1672
-1056
1076
511
-742
-929
1499
-50
-1648
2026
-1284
2026
-3072
2951
-1519
197
128
543
-644
-943
1072
-26
145
-90
1610
506
-1702
-2886
810
1444
-1560
578
1235
222
-2226
521
3033
-3479
1110
-441
1935
-2902
1348
1085
-1215
-385
574
1471
-2013
1029
498
-1023
477
-866
1797
-2597
2083
-1295
803
-576
1282
289
3158
-1824
-7400
2032
3945
-1409
-933
1301
643
-2300
1463
-64
-305
-852
2444
-1973
241
69
799
-1081
229
1029
-462
-1292
2304
-1262
1322
-2260
2932
-2417
1023
382
-1488
755
140
1033
-364
4549
-3916
-5234
2553
2675
-2889
1342
128
-170
-614
837
930
-1880
902
942
-1818
1269
-519
215
-251
-1007
2815
-2662
1974
-1014
1059
-1121
804
553
-1273
-33
240
352
-552
296
-338
178
1831
2450
-3117
-5659
3554
2167
-2059
353
187
1323
-2861
2906
-1639
786
-1215
1927
-1221
-60
413
131
-178
-490
742
391
-698
821
-874
1319
-2209
3079
-2299
473
-1094
1877
-363
-635
1603
2350
-425
-8692
4114
2833
-2493
-381
2359
-1146
-1147
733
1598
-1794
-387
2015
-1241
-930
1158
-122
-33
-1028
1651
-364
-1157
1388
-639
1091
-1773
1379
-616
-477
778
-976
1062
-1871
2926
-1566
3004
1921
-5456
-5971
7935
80
-2642
399
1854
-395
-2071
2332
-704
-1085
1473
-583
777
-2525
3247
-2189
777
178
620
-1001
-35
1683
-1067
-665
1736
-1768
1243
-1635
1984
-2461
2223
-98
976
2751
-3036
-6484
4698
2115
-3434
1630
1104
-1693
51
133
2920
-4578
2632
183
-545
-1356
1864
-153
-1018
125
1553
-1328
561
148
1572
-3459
3046
-742
-127
-1387
1042
94
-529
768
-925
1027
750
2442
613
-7521
-2052
5937
538
-3431
1502
1729
-926
-1777
1984
-278
-1446
1464
-615
645
-1407
1620
-117
-1374
1779
-1613
2209
-2393
2059
-780
-872
1112
-246
414
-1750
1162
-16
317
-130
1560
1233
-1990
-4148
2592
-162
-236
1015
-52
-532
-211
375
1706
-3339
2948
-1828
1617
-1686
999
375
-1174
642
510
-224
-491
328
1213
-1599
1212
-1088
618
-919
597
148
-453
-162
278
732
-182
170
2427
2386
-8140
-5210
9684
-888
-1808
-248
3069
-2087
-651
1374
79
-1467
1061
-88
-86
-876
1819
-1371
1140
-1519
2277
-1233
-320
843
-560
862
-1811
1377
33
-1452
1625
-1026
1468
-2417
2905
-607
2529
-1912
-4332
697
2563
-1698
816
856
-163
-1074
1215
183
-1104
-871
3001
-2726
1350
-1260
2012
-1655
366
1192
-509
-763
684
597
-347
-1598
2698
-2309
1671
-1346
1026
-1084
1043
-50
1067
3800
-5347
-4240
3335
2776
-3618
2292
-915
1192
-2569
2608
-689
-853
1039
-252
-409
242
477
5
-1501
2252
-1340
1276
-1457
2247
-2156
1482
-180
110
-1093
71
708
-731
844
-942
1403
2726
-149
-6647
131
2315
-484
673
73
107
-715
213
1380
-2141
1878
-679
334
-1373
1782
-1322
179
834
-910
798
-1361
2497
-1688
527
549
-1941
1393
-288
397
-1966
1254
308
-16
124
3699
-234
-7051
-767
6198
-2060
-2059
1173
1481
-1804
484
153
1028
-2661
3115
-1688
767
-753
576
9
-795
799
795
-1250
703
-748
2580
-2926
2468
-1731
219
-270
1047
-656
-372
1082
2828
450
-6846
1059
897
834
-536
486
794
-1520
667
176
716
-1313
486
96
-368
254
-26
-471
614
-1073
1904
-2112
2255
-1865
1822
-948
-269
411
-525
441
-747
21
829
-1329
2187
-925
3628
-2364
-1851
-3806
4435
701
-2403
945
1598
-831
-1734
1839
339
-1201
920
50
-326
-1449
3153
-2303
882
-802
1764
-1416
227
1317
-1133
-238
659
-674
1217
-2040
1791
-1450
1309
-303
864
2130
-1274
-3987
-76
2234
-1657
1911
-1051
1579
-2338
2762
-1231
-88
-282
1040
-782
-390
877
-768
-528
1502
-704
968
-2082
2607
-1544
1077
-1021
516
-669
-242
1190
-1098
-543
752
517
-23
2730
1501
-7696
-1692
6417
-1033
-2739
2455
-450
-252
-976
1717
118
-2132
2105
-1064
997
-1564
1584
-678
-580
844
-17
562
-1432
1148
-368
298
220
-909
883
-2505
3364
-2058
959
-1311
4061
1061
-5469
-2570
4682
-479
-1285
1172
-87
-195
-1558
2064
220
-1607
673
-35
1015
-2398
2069
-724
233
-705
986
-62
-839
1291
212
-1256
1019
-1555
2486
-2321
690
-245
-30
666
-455
2223
1859
-1707
-7218
2782
2339
217
-2643
3498
-503
-1290
-693
1649
-342
-972
1473
-389
-1300
1261
89
-288
-286
395
1184
-2778
3027
-1734
1412
-1441
1224
-668
-343
166
258
-292
411
257
2743
-861
-2355
-4171
3490
175
1440
-2034
1553
197
-1987
1726
51
-622
-297
-80
1684
-2765
2516
-1255
553
-1540
2428
-1221
65
205
314
-126
-710
855
-157
-1605
1839
-966
705
-1013
2012
4116
-2554
-9257
2922
6788
-4663
-157
1608
756
-3665
3247
-337
-532
-897
2514
-1499
-467
846
286
-571
-294
1201
101
-2137
2701
-948
807
-2093
2357
-1082
-714
555
-566
31
618
1438
1866
-3262
-3104
1357
1179
-536
677
-582
1329
-2459
2203
-982
313
-559
483
365
-1412
1097
-36
-974
1009
-1000
2181
-2731
2646
-1346
731
-696
695
85
-1344
556
367
310
-1067
1170
1026
5214
-7503
-6179
6170
2772
-3144
-92
2711
-1209
-2491
3225
-712
-520
-835
2660
-2403
40
1537
-744
-209
-665
2526
-2376
988
-66
657
-554
-692
1652
-1734
-47
1065
-1081
430
-482
2779
429
-1943
-3498
1124
1759
-1505
1889
-1252
1491
-2545
2665
-1129
-77
-342
436
433
-1200
871
-770
780
-727
639
493
-894
74
1609
-1513
1009
-1858
2837
-2611
1129
82
-343
15
156
694
-209
4375
-2058
-7825
1344
6245
-3164
-1436
2671
-280
-1354
-381
2907
-2617
-403
2098
-1369
190
-235
1055
-872
-1001
2620
-2017
1416
-1327
1550
-1430
989
415
-1143
337
-530
1148
-1371
2212
751
68
-4906
1936
13
468
-475
613
1247
-1930
484
1200
-1867
1206
-1204
2418
-2819
2111
-913
252
-258
-98
1037
-1571
1176
-548
820
-903
451
124
-499
-759
2429
-2126
1312
-1995
2435
-1258
435
1752
762
-1032
-2870
-274
788
966
-1839
1879
946
-1330
212
-317
932
-1941
1519
-261
-527
-99
202
903
-1407
698
687
-876
525
-1303
2522
-2579
1571
-519
-473
676
-297
784
-1965
2188
2162
667
-8988
3714
2703
-730
-2332
2858
-687
-1287
660
1609
-1273
-1204
1346
1001
-2539
2083
-1389
2045
-2601
1969
87
-428
-124
304
575
-1273
405
1011
-1699
977
-813
1346
-1359
1448
-1266
3443
3089
-7734
-5314
6849
1516
-3499
2300
-419
1104
-3601
3937
-1154
-735
513
-77
300
-1534
2360
-1231
-55
73
733
-909
13
978
-807
-639
1726
-1742
1742
-2102
1983
-1224
692
1386
1342
-4103
-2395
4778
-2135
-134
630
319
-1074
-166
1620
-924
-329
-209
1040
-1125
544
326
-536
277
-719
1115
147
-1225
1462
-1673
2023
-1513
1158
-1052
-424
911
-305
804
-1972
2652
2685
-2933
-7598
6666
465
-1624
-174
1873
-1399
-688
1140
124
-864
63
705
313
-1897
2081
-1603
2064
-2246
1966
-656
-372
466
217
290
-946
347
803
-1138
142
-74
38
238
946
1643
159
-6941
1356
3807
-1520
-645
345
1328
-2100
2029
-1463
1507
-2110
2531
-1130
-438
191
325
103
-1244
1194
623
-956
91
324
1450
-2824
2188
-433
-1034
19
318
397
-997
562
141
85
3384
1660
-8525
-3489
9644
-1944
-1312
22
1606
-1582
204
303
260
-1363
1738
-387
-536
289
383
-1460
1994
-1567
2055
-2716
2633
-1541
387
545
-316
-119
-482
313
129
-512
771
-89
1762
2073
-4228
-5133
4529
1137
-1867
472
1197
-179
-1864
2217
-943
146
-915
1913
-1548
-498
1906
-1713
1282
-1208
1472
-1234
1283
-158
-868
531
-219
84
6
-306
-435
-333
1479
-1079
244
857
3930
-2056
-7355
1637
3795
89
-3853
3833
-551
-458
-1966
3919
-2125
-725
1113
354
-978
-151
751
256
-1096
1590
-796
630
-1482
2154
-466
-859
158
-515
1117
-1343
407
219
-429
2400
1264
-506
-7078
2853
957
1262
-1759
1211
127
-237
-1009
1541
-461
-874
237
678
-560
-390
-62
1751
-2689
2561
-1633
2474
-1957
787
492
-1093
682
-270
198
-1663
1319
169
105
-982
1581
2766
472
-9145
1429
5899
-2489
-2065
2135
1051
-2623
-60
3196
-3012
458
-58
2486
-3669
1914
578
-465
-1315
1820
153
-1036
45
1599
-1464
719
-702
1475
-2599
1895
-919
260
-369
2384
1616
-3583
-488
-1085
1330
-1845
3442
-1277
511
-1994
2673
-1058
-689
908
106
-618
196
-85
599
-1399
1711
-701
1025
-1822
1848
-214
-207
-401
-296
843
-1404
1102
-82
-1382
1707
-929
2374
1154
938
-8682
1821
3387
253
-2673
2041
454
-1670
105
1952
-1565
-92
789
129
-2141
2968
-1979
793
-1008
1343
135
-1275
1943
-1309
453
-252
439
-87
-856
98
574
-717
842
-331
881
-1162
2906
-1168
-2353
-594
866
553
-1430
1010
-273
1448
-2740
2030
-109
-747
271
-105
1145
-2186
1335
160
-542
261
-318
977
-727
312
97
-188
-487
-381
2318
-2132
-837
938
860
-408
-415
796
1766
3385
-9536
-2055
6822
541
-4483
3493
-228
-1310
-504
2105
-684
-1652
2062
-619
-667
267
587
-302
-1347
2872
-2354
1567
-2061
3150
-1901
-203
1127
-1038
468
-260
7
-485
-159
2044
-1022
-260
560
2927
-711
-6377
62
3674
-995
-792
2316
-643
-275
-2114
4161
-2690
295
61
576
-502
-1102
2183
-1014
-796
1297
304
-436
-862
2063
-953
-912
758
-486
488
-1108
769
-483
20
1355
1624
1559
-5053
-2007
957
2376
-2183
2333
-1495
1719
-2383
2101
-602
-938
768
435
-637
47
-426
1424
-1389
279
1352
-1093
655
-1978
3663
-2756
745
202
-526
235
-847
1268
105
-1355
1519
-716
780
-87
1998
752
-5948
-81
1381
661
-393
1254
-18
-1414
992
281
-510
-148
371
132
-1578
2584
-2176
1376
-1734
2378
-1120
90
480
-367
-323
772
-648
1106
-2361
2493
-1811
1505
-803
560
211
2925
544
-5805
-2360
4004
1339
-2848
2018
-203
-127
-1180
1409
245
-1865
1885
-1036
546
-780
785
44
-548
552
71
-539
1198
-1271
1677
-1812
1303
-1398
2002
-1662
-276
531
420
858
1311
2382
-7794
375
2216
853
-1274
293
767
-659
145
170
-119
62
59
515
-1272
1374
-968
403
-343
442
193
-1145
1739
-1461
1173
-719
696
-602
-631
938
-1804
2479
-2060
1510
-1754
3426
1281
739
-7107
-942
5492
-641
-3227
1611
2688
-3113
250
1942
-228
-2958
2460
1107
-2309
276
497
723
-1793
1441
932
-1801
995
-566
1815
-2866
2290
-1134
64
-400
560
-153
93
1835
2396
-6170
-2998
7604
-1955
-2387
802
2615
-2783
91
1085
966
-1880
290
1783
-1366
-1274
2007
-353
-154
-1717
3032
-2065
1151
-491
1064
-1188
546
442
-609
