2275
-995
151
19
-683
1440
-546
-726
649
-544
404
1821
-162
-1448
-3423
3709
-2019
1086
978
-1080
631
-793
1063
-194
-953
-80
1222
-1464
667
120
-49
-125
-1185
2882
-2041
643
263
-1628
2786
-2045
709
448
-467
-487
854
-1081
1360
-1068
-540
1893
-2228
2285
-1491
986
-465
-650
3063
155
-4267
-863
2132
-310
649
164
934
-1152
1083
-1905
1704
-861
-912
2019
-2341
2257
-1166
135
210
480
-285
-426
115
724
-1359
1789
-1210
878
-1900
2846
-2087
686
-679
675
6
-627
1110
-1563
1092
-445
3667
-3806
-2044
1936
-1273
1974
-1136
170
850
-1004
847
-1594
2448
-2116
787
-491
1197
-1878
1350
422
-1232
584
-590
1692
-1384
618
191
-1496
2045
-1457
1088
-1546
373
1059
-691
451
-752
428
141
-320
3005
-2308
-3201
2159
1452
-3486
3714
-1704
2176
-2826
2053
-746
-142
109
-212
-6
476
-394
493
-773
1404
-2364
3169
-2287
1952
-1749
1083
-151
378
-630
-173
43
601
-528
701
-498
184
-1022
2066
-1969
783
1162
950
-4766
1515
887
-640
1151
-993
1916
-2875
2230
-1260
502
-274
64
-103
-190
796
-1013
548
115
-33
-250
-162
1158
-1647
1576
-745
11
-284
-426
1603
-1653
726
-358
-31
1042
-1145
1384
-1052
3690
-6483
2198
1004
-703
-1211
2844
-343
-1027
-719
1611
-1155
-23
742
-166
-1527
3031
-2355
1489
-1379
1643
-1046
-200
1279
-1203
896
-771
694
-147
-1257
1768
-1031
694
-1311
1220
248
-699
366
-165
-336
-495
4805
-3830
-3251
2618
-768
2192
-2410
2903
-2600
1877
-1048
862
-793
160
-464
381
490
-526
-548
1243
-1181
1411
-1542
2088
-2418
2413
-1430
985
-1109
641
-267
-238
625
-678
80
839
-801
734
-1421
2999
-373
-2673
-1467
3088
-1540
759
345
-300
385
-1219
1891
-1763
808
-1577
1834
-548
-67
-358
117
848
-1316
1380
-727
-324
604
-482
1458
-2233
1709
-1213
772
-314
50
-108
73
518
-391
-437
786
-821
219
-267
4638
-5274
-230
-749
2369
-890
1291
-1300
1131
-885
119
285
-46
-22
-1247
1167
570
-1681
1731
-1497
1602
-2230
2845
-1662
956
-1145
678
670
-1039
763
-1203
430
893
-1072
635
-1180
1472
-937
902
1718
-1257
-3567
733
2349
-1788
1348
-723
2008
-3342
2538
-1183
776
-1659
1322
-384
313
172
-150
-150
336
-726
1515
-1410
1466
-2015
1906
-487
-91
191
-985
547
-56
194
520
-1462
1270
-1228
1920
-2019
1330
321
3069
-5941
757
-436
3110
-1048
-1270
2167
-704
-701
446
-107
1030
-3177
3987
-2328
1099
-1100
1318
-779
10
845
-1041
471
263
-407
1159
-1852
1890
-2546
2998
-2100
1029
-1190
1306
-151
-218
389
-665
2932
-1982
-3466
2657
-1816
2460
-1803
2724
-1816
172
-513
1554
-1613
271
5
456
-676
667
-77
341
-1704
2746
-2309
1826
-2115
2491
-1042
-267
561
-473
-10
352
-750
1137
-1926
2612
-1931
1756
-2215
2064
-1953
2957
2499
-4995
-2763
3141
631
-15
-983
1165
-388
367
-976
1515
-1987
1679
-1972
2597
-1453
243
-335
579
-71
-251
-71
860
-1341
1597
-1496
1870
-2351
2319
-2077
1281
-907
803
-84
-661
1195
-1120
1234
1195
-362
-4025
1027
994
-446
1026
-900
799
-795
338
599
-1614
1232
-1367
1784
-1296
826
-870
875
-42
-1137
1680
-1513
1286
-1539
1468
180
-1730
1712
-1430
1421
-1942
1534
-77
-534
193
-61
271
-85
-247
2801
-3881
66
371
92
200
1294
-2060
2610
-2573
1881
-2591
2464
-575
-582
740
-280
-403
854
-267
586
-1923
2788
-2385
2511
-1984
1494
-1502
1138
-190
-118
-332
172
58
409
-676
1015
-1237
2175
629
-2434
-3072
4764
-2432
1053
-118
646
293
-1908
1845
-1302
520
-410
-146
1140
-1546
1208
-1110
2027
-2172
1372
-893
952
-643
271
916
-1844
808
837
-1317
1138
-2098
2362
-1512
1395
-965
-345
656
-420
2179
-734
-1505
-1984
1802
-787
2174
-1695
1241
-572
65
55
-397
704
-952
-170
990
-1487
1699
-1264
1100
-1569
1424
81
-1017
1449
-1346
833
-555
593
-156
-1481
1763
-1158
1298
-1283
1361
-1506
1377
-339
199
1884
-3175
-1384
2826
-1625
183
512
1264
-1735
890
-1196
2308
-3091
2345
-1353
1147
-737
562
89
-114
-412
856
-448
469
-1091
1747
-2040
2594
-2000
1095
-1465
1063
518
-1027
594
-255
-415
1170
-1199
1029
-1926
5510
-5107
604
-1303
1394
983
-429
-404
1127
-966
-261
334
795
-598
-1033
944
887
-2477
2541
-1944
2195
-2468
2142
-744
-37
344
-222
217
-378
-825
2082
-2129
1797
-2271
2075
-1117
1331
-1011
10
-97
4251
-4842
-2319
4364
-2841
1575
-376
1493
-1432
-1144
2054
-1241
520
-756
-154
540
96
174
-1048
1501
-1091
172
573
-228
140
-1197
2224
-1723
631
-698
959
-518
-524
1235
-1566
1998
-1675
1154
-1710
1631
-855
2730
-1299
-3912
2180
-111
188
867
-1297
1867
-2026
2146
-1886
1244
-1311
1586
-1424
1873
-2219
1531
-262
220
-111
-116
-427
1225
-1107
1474
-2194
2804
-2769
2076
-1145
559
-488
239
329
-266
-235
915
-876
1076
1794
-2750
-2792
2437
-953
2812
-2832
2002
-530
-221
-197
-558
1468
-1569
741
-225
-101
792
-1249
1800
-2088
1724
-1605
2303
-1761
529
277
-321
278
-552
730
-672
-791
1950
-1207
566
-1491
2039
-1472
1634
1259
-3817
267
-531
1952
-887
1492
-1815
1653
-1527
772
-825
554
159
-913
878
-384
125
360
-640
706
-1195
1382
-471
177
-294
-712
1953
-2150
1491
-1162
393
-34
-230
1524
-1873
939
-522
1129
-986
3263
-4579
0
1577
-1948
1856
222
-31
-97
-599
1205
-2175
2159
-1764
1372
-1917
2534
-1588
561
36
-628
800
-332
527
-561
-542
1581
-1594
1872
-2110
1910
-2220
2325
-1082
519
-930
870
-1
-285
162
1710
-264
-3180
-393
1549
438
805
-1955
1799
-1058
311
-620
730
-216
-759
1316
-961
465
-548
1097
-1474
1081
48
-802
332
-316
1515
-1561
573
173
-1192
1614
-1474
1842
-2732
2727
-1443
1960
-954
2010
-3982
264
854
131
140
74
178
-767
870
-609
38
324
-970
1458
-1930
2286
-1929
1418
-1004
776
-125
-327
485
-115
-620
1648
-1522
1494
-2572
2782
-2318
1682
-503
-65
-442
800
110
-691
1797
1020
-4161
88
305
1002
-755
1542
-1100
1153
-1223
574
-483
340
313
-1069
776
-76
-694
1328
-1389
1593
-2347
2999
-2234
1626
-1050
806
-399
-233
259
-244
-327
1122
-1594
2107
-2504
3042
-1865
827
-930
4033
-4211
-1677
2449
-1703
1434
-104
1207
-1572
-203
759
-688
740
-1075
611
-1120
1973
-1227
393
135
-678
718
-53
-132
475
-1285
1662
-1646
2009
-2216
1501
-863
352
78
-436
766
-759
693
-946
743
1649
176
-3867
3
126
2109
62
-1535
1081
-169
-563
693
-838
1352
-2957
3406
-1725
890
-1054
915
-675
287
768
-782
79
162
20
897
-1498
1455
-2712
3276
-2409
1902
-1844
1554
-440
153
521
881
1326
-5064
417
1363
495
-688
648
639
-1195
-242
815
25
-1652
824
573
-337
-8
-241
975
-1847
1639
-139
-177
-816
109
1886
-2007
1238
-1045
-135
556
-293
822
-2037
2313
-1421
1142
-928
1180
-2400
3905
-716
-4140
-186
1741
714
-431
-294
935
-859
301
-1026
1888
-2111
1650
-1794
2545
-2107
1114
-123
164
-325
136
-222
841
-712
1097
-1854
1881
-1990
2622
-2527
1650
-1361
1059
163
-382
540
-1261
732
2539
-585
-4456
1373
884
-1192
2094
-459
-73
-1256
1095
133
-1147
928
-1219
1290
-730
703
-733
400
374
-1340
1830
-2002
2469
-2238
1251
384
-1326
1225
-873
708
-1214
43
1518
-1048
453
-1132
1030
-412
896
1891
-3203
-1055
108
822
510
1022
-2622
2750
-1590
1372
-2105
1160
393
-1561
1433
-477
-635
801
-367
599
-1315
1875
-1265
407
73
121
-114
-725
1083
-1006
180
215
11
553
-1227
1588
-1768
2485
-2438
1550
1424
-1428
-3932
3550
-340
-616
331
1086
-194
-1514
274
1925
-2668
1961
-1591
1738
-2243
2679
-1428
674
-832
857
-185
-282
583
-213
-788
1853
-2060
2135
-2933
3415
-2302
1115
-301
307
-85
-237
171
-466
1948
253
-3497
279
615
325
-426
1038
-312
-296
-604
1654
-1305
156
305
-1225
1633
-1226
946
-842
-62
1213
-1870
2074
-1463
1196
-1523
1662
-519
-693
663
-599
899
-1547
1309
-527
56
42
-83
94
-578
3590
-3122
-2557
2847
-1494
1295
-761
1954
-2274
1572
-1352
1799
-2158
1309
-871
806
93
-398
-38
494
-581
812
-816
1079
-1896
2419
-1528
1246
-1394
424
233
-340
637
-844
82
1140
-1416
1380
-1965
2313
-2662
4820
-2486
-1697
19
608
-876
1951
-728
430
-485
383
61
-1144
1193
59
-1847
2295
-2141
2219
-2102
2059
-1376
420
38
428
219
-794
-79
1190
-1635
1436
-1485
1626
-2475
2475
-756
100
-641
739
-89
1648
940
-6816
3240
1147
-1212
-1097
2487
125
-2392
957
975
-1231
-523
1191
-186
-1416
2223
-1315
354
-536
575
-93
-654
1947
-2059
1567
-1644
2016
-1282
29
468
-1141
1397
-536
437
-73
-1376
1913
-1308
740
-1193
4231
-4340
-1192
1778
-1021
1531
-1077
1834
-1913
1228
-924
591
-577
451
-593
-40
948
-1205
679
84
-413
585
-868
1357
-1759
1449
-329
-46
-199
-425
400
-11
558
-936
-253
1348
-961
955
-1413
1139
159
2877
-6635
3053
-1421
2081
-310
99
937
-1942
690
307
-495
416
-1165
1619
-1517
1882
-1686
1777
-2064
1843
-924
732
-764
834
-175
-351
315
-113
-752
1495
-2088
1998
-2298
3094
-1575
52
-213
-67
545
-711
3882
-4161
-1165
628
1335
-568
602
-787
984
-503
367
-612
-207
646
-527
-130
1212
-2304
2166
-1111
1533
-2331
2848
-1878
847
49
36
-244
-7
-78
578
-1529
1481
-253
-491
577
-1187
2134
-1646
1512
-1060
2740
-1047
-4734
1308
1163
-123
1112
-1144
517
2123
-2847
1251
-1746
1685
313
-2290
1963
-853
854
-1128
467
963
-749
-547
550
345
-913
1326
-1262
1857
-2075
609
1464
-2334
1941
-1832
1400
-201
-600
760
634
-1868
1459
-649
205
-133
409
4600
-6698
-618
697
1122
1069
-271
220
12
-378
-398
738
-817
1245
-1455
652
-1201
1093
571
-1509
1309
-1801
2608
-2401
1662
-351
-364
168
13
558
-780
-648
1227
-1282
1548
-1681
1605
-1099
756
-277
-74
-387
808
3142
-5678
142
1407
1839
-2924
2481
-338
-359
-1123
1379
-36
-1883
1351
282
-1066
1135
-1236
1539
-1670
1757
-1082
373
-618
570
852
-1371
654
-283
62
125
-462
1207
-2292
2742
-1719
1497
-2321
2184
-1077
3678
-3414
-2595
1844
-178
1356
-396
-176
730
-1660
1755
-1803
1755
-1873
1771
-1461
1407
-1613
1826
-887
34
249
-123
-551
1529
-1261
1409
-2502
3219
-2385
1291
-856
356
-243
426
471
-313
-972
1439
-728
188
939
2037
-6652
3659
-1094
845
-252
1237
-671
-520
768
-715
124
-19
203
-794
429
1523
-2654
2118
-1351
1372
-1620
1805
-1090
347
-323
414
190
-322
-664
877
-1198
2305
-2511
2285
-2133
1583
-790
603
-1051
1926
1801
-5292
1515
-543
1343
-204
12
688
-730
15
-231
371
-307
-232
169
128
39
-767
1549
-1638
1220
-515
-147
336
-740
1872
-2006
1285
-882
-39
848
-746
802
-2040
2520
-1195
835
-1038
709
-791
4419
-4639
-2107
2187
317
450
-517
705
26
-1966
2714
-2116
1778
-2580
2299
-1370
1774
-1323
461
-206
210
230
-228
-359
1323
-1597
1719
-1751
2060
-2450
2455
-1812
1102
-967
1158
61
-1138
899
-1008
1230
2113
-1451
-3809
1536
665
-364
1348
-935
-42
-158
638
-836
-301
1154
-1586
1787
-1430
1316
-2071
2782
-2050
1289
-946
909
-300
-464
1204
-641
-632
1018
-1510
2139
-2832
3024
-1926
1778
-1406
1124
-530
434
-1006
3476
-2760
-2815
2234
-636
646
73
552
228
-2092
1950
-1494
1437
-1437
916
-415
98
445
-361
319
55
-1151
2005
-2199
2574
-2256
1941
-1782
1694
-1130
300
-382
464
21
-56
186
247
-1214
1482
-1600
1501
708
293
-4393
2169
-333
269
1280
-1166
1072
-1986
2047
-1222
189
111
-432
-53
22
1146
-1508
733
-338
793
-646
208
846
-1957
1749
-515
342
-825
-433
1488
-1516
1197
-563
-29
424
-409
1186
-2047
2432
1186
-3619
-2733
5772
-2884
1478
-871
2346
-2179
-122
1249
-606
-563
46
336
697
-1395
1746
-2258
2991
-2550
2061
-1263
886
-754
487
750
-848
-788
1229
-777
1222
-1947
1924
-1738
2478
-2033
1336
-1611
1472
-261
2210
-1824
-3983
2461
-163
2349
-1876
530
319
-297
-127
-635
1232
-1063
-149
306
-15
177
-274
752
-1305
1451
-1329
1120
70
-806
468
-827
1853
-1797
489
-8
-755
1668
-1123
1710
-3090
2772
-978
912
-2366
4322
-1738
-3527
844
1467
108
-33
141
769
-1297
233
-427
1405
-2362
2191
-2107
2707
-2029
1294
-480
-13
34
254
-595
811
-1062
1662
-1540
2135
-2577
1914
-1550
1771
-817
-113
94
-59
-80
340
-645
254
-301
5260
-6693
1057
-471
1420
-1204
1328
110
-401
-580
974
-566
143
-294
18
-678
2057
-2368
2024
-2001
2376
-1905
1072
-576
1005
-246
-726
899
-158
-1167
1780
-1847
2059
-3234
3742
-1773
972
-968
605
-254
113
2578
-1463
-4685
2636
2578
-3519
409
2805
-1489
-1155
270
2209
-3247
1031
791
-429
-277
222
716
-1122
545
457
-913
1108
-1809
2594
-2242
1435
-938
961
-1030
-136
1140
-678
213
-395
727
-933
707
-340
-755
3693
-3465
-826
669
-195
334
-447
1917
-1614
754
-1509
2531
-2633
2208
-1548
757
-520
356
262
-256
-83
-132
141
371
-547
1202
-2189
2632
-2058
1544
-1640
1273
-402
-557
893
-420
-195
392
-384
657
-2135
4858
-1771
-3672
-226
3298
-1856
1374
-884
1290
-1458
378
785
-1409
922
-1301
1079
511
-717
198
-948
2369
-2786
2301
-974
332
-745
607
1019
-1668
598
-186
336
-104
-569
622
-555
759
-937
294
-9
-65
1776
776
-3598
-1307
3172
-1848
2278
-2581
3494
-2705
1464
-554
76
255
-172
-36
-83
-315
891
-969
1604
-1953
1661
-2095
3088
-1901
1147
-967
364
46
-495
491
-137
-989
1691
-1280
1870
-2885
3196
-2022
1335
-1945
3414
901
-5027
-142
2740
-883
-25
735
-50
-593
-556
1335
-392
-1559
1969
-1954
2312
-1503
733
-392
-61
314
180
6
-525
-393
1632
-1648
1897
-2136
1288
-1435
1875
-916
-218
430
-144
471
-955
1264
-2239
3761
456
-4218
-250
1377
-50
327
-110
570
-632
478
-344
385
-1235
1802
-2190
2495
-1794
706
-300
420
248
-1223
1077
-454
760
-470
-283
1126
-2322
2292
-1282
1106
-1937
873
1139
-1060
443
-266
-353
607
-300
4158
-5728
-463
1308
1596
-2269
2116
-686
1180
-2947
2676
-851
-327
-214
244
450
16
-569
910
-1218
1740
-2370
3318
-2511
1788
-1162
550
81
227
-434
-431
-10
1070
-1059
1196
-1332
949
-1254
2152
-2314
2851
424
-2867
-1199
471
1287
-274
797
-993
1541
-1793
929
-692
143
564
-1254
1361
-1122
909
-418
70
195
-99
-4
-22
521
-602
181
984
-1983
1377
-1522
2438
-2046
361
1022
-1302
1495
-1100
1250
-2645
3963
1107
-4934
-753
2464
-1363
1848
-544
1033
-1561
238
458
9
-809
895
-2192
3254
-1835
884
-1316
1374
-200
-1340
1758
-702
-31
-374
365
1203
-2711
2215
-1089
1072
-1481
1095
180
-146
-397
171
-583
518
36
3068
-2997
-2186
28
2147
-776
1547
-2768
3303
-2437
1433
-1057
342
154
-512
789
-27
-1255
1783
-1462
1705
-1893
2100
-2120
1860
-517
-73
125
-433
474
-499
-67
978
-1907
2360
-1869
2095
-2427
2590
-1782
489
-1196
3564
-75
-4993
1344
443
-79
1874
-1376
1608
-2271
1290
-934
1409
-1476
557
-1013
2300
-1267
111
423
-330
-372
972
-825
1083
-2196
2730
-2126
2475
-2086
994
-799
904
-195
-497
840
-574
187
-804
1288
-1070
2861
-1971
-2404
1020
245
649
-187
57
202
-873
1097
-1352
1640
-2232
2123
-1637
2145
-2316
1133
-108
274
-54
-261
99
-2
174
690
-1161
1398
-2618
3187
-2373
1862
-2033
1509
-195
94
426
-627
-316
2262
1368
-5625
-458
3490
-1892
1788
-847
1064
-1674
885
-144
-229
-95
162
-215
231
465
-878
422
859
-1531
1568
-2466
3486
-2623
1871
-791
-104
-134
53
391
-391
-830
1413
-299
563
-1760
1595
-1433
1434
-1958
4157
-760
-4306
1102
37
994
-968
1333
-533
473
-808
407
-93
-390
453
-1120
1733
-1077
36
323
-178
174
-112
230
-72
-174
352
-595
1410
-1926
1269
-1306
1754
-1029
-153
866
-1561
1970
-1222
1253
-2744
3462
1037
-4691
392
277
908
1130
-1807
1721
-885
153
-943
1593
-992
276
-1637
3183
-2077
764
-774
1150
-463
-689
1117
-497
-192
630
-735
1696
-2964
2987
-1957
1599
-1759
1255
-347
651
-481
-72
-890
2498
1398
-4347
-116
164
215
1923
-1761
1390
-1654
1812
-1667
685
301
-1033
542
216
149
-1053
1139
-170
-981
1419
-1080
1392
-1858
2113
-1274
244
-164
269
267
-1247
1223
-1181
1770
-1084
328
-439
95
587
615
2582
-6192
-961
4471
-856
-379
-822
3446
-3721
1390
-179
1184
-2994
2332
-388
22
-415
653
-247
-199
174
670
-1702
1600
-759
1053
-1674
1652
-461
-910
502
-265
665
-527
320
646
-2054
2185
-1165
821
-2180
6294
-5608
-358
942
-272
1
1139
-519
234
-245
456
-1127
1545
-1090
623
-1908
3399
-3075
2253
-1020
731
-1175
828
605
-460
-246
323
-554
1198
-2052
2456
-2512
2228
-1648
1673
-1351
727
69
-351
-223
-426
2918
195
-5382
1735
-208
2366
-1767
1267
-409
14
-1076
1435
-865
-119
-428
716
219
-216
164
-394
-665
2292
-2210
1757
-2325
2944
-2079
1182
153
-854
257
-179
717
-707
-235
958
-815
460
-469
361
1994
-655
-4266
2050
38
71
1047
-1441
1826
-2232
2706
-2474
1443
-1241
914
-152
-132
153
-638
668
-260
298
156
-1281
1769
-917
650
-521
306
-546
-497
1344
-1110
450
-792
1024
279
-930
1392
-2071
2089
-1933
5215
-4963
-1196
-316
1327
1872
-1042
-370
1157
-1371
612
-1003
1968
-2004
789
-611
2106
-2527
2262
-1215
122
-44
192
352
-644
675
-330
-819
2109
-2118
1633
-2485
2623
-1327
985
-160
-837
-231
1122
-680
-70
1895
67
-3959
1084
35
1904
-1481
1511
-1517
1791
-1982
1286
-1077
1002
-458
-738
1223
-553
-278
648
-1176
2153
-2425
2349
-1961
1960
-1510
1569
-774
-528
-114
605
164
-612
-245
929
-838
1400
-1165
636
-2151
2790
2225
-3998
-2684
2451
1489
-1917
2023
-542
574
-3036
3405
-1277
-273
-704
868
261
-593
583
-70
-412
230
29
600
-1712
2115
-1269
661
-754
645
474
-1662
1435
-690
-45
799
-709
730
-1996
2617
-1946
5023
-4455
-1702
405
1651
-244
363
-1023
1332
-974
634
-77
-308
-664
1496
-1379
1917
-2745
2958
-1855
610
141
-83
-147
-174
1017
-575
-762
1744
-1682
1248
-1882
2528
-2252
1459
-208
-73
-617
1088
-80
-771
-675
4344
-2894
-3134
567
2011
-1591
2785
-2149
2740
-3082
770
519
-80
-244
-643
514
730
-975
897
-501
901
-2291
3224
-2360
1967
-2070
1797
-466
-141
35
-386
200
410
-836
1065
-1468
2233
-2449
1867
-1677
1244
2208
-1857
-2879
1777
-541
696
778
-1647
1722
-1943
2153
-1266
-205
397
-871
1298
-819
575
-697
0
606
-446
748
-1390
1552
-1010
705
-742
354
-674
430
237
-495
176
114
-125
439
-509
622
-1204
5166
-5439
-1480
843
2832
-1959
703
563
-95
-914
244
1071
-1820
1087
-547
321
534
-1189
1110
-1280
2202
-2046
1322
-1259
1593
-913
-13
1250
-1796
424
567
-753
1117
-2104
2406
-1557
1088
-860
11
162
-613
3502
-2347
-2307
221
2099
-2397
2261
-978
1787
-2364
1440
68
-796
492
-164
-166
291
-801
1453
-1332
1581
-2301
2407
-1458
1100
-308
-549
435
-193
429
-266
-875
1468
-1568
1863
-1724
1886
-2416
2643
-1971
2704
504
-3618
-1298
3162
-1522
119
1525
-64
-744
-291
427
690
-2816
2995
-2115
1510
-1087
1185
-911
391
-332
701
-436
460
-772
939
-1406
2762
-2936
2286
-2493
2522
-1094
221
535
-784
249
403
-287
-66
-1544
3811
161
-3580
-753
2326
-2360
2352
-649
644
-832
169
1000
-1953
1662
-1344
260
1015
-1011
526
-1227
2696
-3089
2215
-1182
715
-216
72
395
-815
-497
1521
-1347
1637
-2564
2065
-1416
2209
-1557
349
-697
822
760
1485
-3813
-492
3042
-3382
2391
269
-1335
724
-1136
1754
-2046
751
220
-757
928
-423
791
-1392
980
42
-197
-83
-276
1475
-2168
1361
-432
928
-1396
171
1335
-2222
1937
-1099
1431
-2404
1815
-671
1439
1492
-4563
-85
1931
-992
1493
-1335
1380
-791
481
-639
433
-973
1893
-2463
2650
-1885
977
-545
761
-147
-415
170
459
-571
535
-1044
2212
-3002
2381
742
-677
130
381
-245
-186
771
-175
-96
3014
-4138
-2255
3631
-1500
894
-606
1891
-1266
-541
635
-710
729
-806
905
-1377
1321
-381
-69
374
-805
1108
-1627
2102
-1725
1464
-1034
311
252
-661
704
-831
287
722
-1063
1570
-1867
1689
-1511
938
-1102
2347
1061
-5163
2390
-793
987
-606
1301
-827
224
-391
859
-967
217
-255
-175
873
-341
-736
1100
-1285
1518
-1121
1043
-1083
288
745
-1100
1355
-1357
96
306
226
234
-1784
2458
-1757
1565
-1331
1703
-1505
4612
-6163
-335
2414
-707
59
712
770
-1164
-337
1563
-1941
1050
-1353
2127
-2418
2757
-1834
723
-549
1071
-515
-157
-237
959
-895
1100
-1207
1338
-2456
3211
-2434
1935
-2205
1653
310
-720
452
-705
262
321
3101
-3110
-2873
2712
-1745
2988
-1756
402
188
-250
536
-1185
1220
-669
-322
107
971
-1546
694
899
-1656
1322
-1403
2627
-2489
1659
-466
-806
1011
-683
922
-1639
591
881
-571
472
-810
441
-243
230
1264
1862
-6196
-120
4506
-1641
-29
-1745
5090
-3911
45
588
1408
-2466
440
1547
-729
-384
767
-399
511
-1369
2124
-1817
1575
-1437
1248
-1029
737
101
-1085
331
251
249
-28
-540
1279
-2273
2657
-1906
1746
-3035
6686
-5126
-1638
1283
-232
933
-317
858
-103
-1245
1421
-1397
1758
-1557
770
-1303
2456
-2461
1595
-861
1194
-1193
462
372
-278
-213
1089
-1412
1434
-2711
3583
-2481
1643
-1611
831
776
-271
-195
-536
450
-150
-31
3624
-3732
-3995
4242
375
-2205
617
1345
38
-2419
1902
270
-2361
1815
-710
987
-1484
1430
-599
-474
1116
-1124
1138
-1712
2202
-1682
420
523
-315
-78
-541
896
-481
-529
1661
-1536
712
-1761
2689
-1761
86
454
2780
-2654
-2859
3240
-2541
2422
-1042
1008
-611
-471
440
-308
424
-253
-670
785
-113
-98
-325
1377
-2279
1971
-938
798
-875
461
510
-975
616
-332
-55
427
-816
1170
-2057
2700
-1908
1748
-2137
1807
1764
-505
-5655
3695
-272
-503
1220
-31
682
-2511
1693
631
-1977
1204
-1284
1964
-1812
2075
-1559
474
-89
619
-273
-172
-58
717
-1093
1542
-1564
1500
-2609
3289
-2386
1090
-489
1013
-500
-654
952
-1077
644
3333
-3743
-2503
2418
-168
-1567
1803
-141
-343
-659
1677
-1122
-1556
2411
-1394
850
-1003
981
-1202
751
753
-1098
251
-828
2172
-1888
903
373
-1803
1626
-1425
2067
-2226
1255
-449
777
-402
-40
-188
99
-210
3540
-3910
-2100
1842
520
-411
1062
-696
2126
-3657
2436
-1386
1344
-1454
209
646
-61
-107
144
70
230
-1437
2526
-2401
2696
-2490
1746
-1401
1553
-807
-136
-259
471
23
177
-3
-19
-1214
1583
-1477
1512
-1869
5556
-5650
-630
2178
-1349
1053
-721
1443
-1726
1248
-348
-124
-465
811
-831
166
1027
-1647
790
72
362
-761
234
861
-1584
1601
-178
-131
-773
-434
2005
-1977
1253
-1157
254
673
-557
1214
-2114
1587
-797
4688
-6192
-663
2527
574
-2100
1980
616
-789
-1553
1959
-415
-471
-415
1165
-1478
2321
-2579
2234
-1233
405
194
-448
369
-227
1029
-1052
-506
1569
-1373
1069
-1453
1651
-1814
1843
-8
-655
-893
695
547
-1038
2599
306
-5564
3074
-275
1055
-2384
2991
-1579
978
-944
1221
-1636
1113
-88
-329
232
378
-962
1198
-799
1125
-2195
3038
-2176
1429
-1617
2002
-1000
-570
472
-73
21
-92
-115
515
-1620
2432
-1630
765
-92
3177
-6331
1606
1810
-1786
575
1149
856
-2002
947
-1189
1010
-520
316
-894
249
1540
-2224
1509
-369
-122
-224
505
161
-786
747
-90
-298
422
-829
803
-1147
1834
-1821
591
552
-183
-107
-953
1438
-1872
2523
2012
-3708
-3279
5220
-2489
319
950
-202
-225
-661
1332
-540
-1909
2633
-1883
2149
-1944
1561
-1875
2133
-1131
261
-170
164
342
-673
804
246
-1847
2151
-1957
2484
-3180
2961
-1473
991
-560
211
57
-250
802
2003
-4891
804
2468
-2272
193
1134
691
-772
-1586
2188
-1420
774
-645
192
405
-650
825
-762
803
-170
-974
1610
-1886
2536
-2303
1515
-1143
1192
-865
167
512
-787
643
-237
315
-457
-277
338
-705
564
1351
1411
-5284
1633
-281
498
1824
-2595
2748
-2687
2231
-1624
964
-388
-485
126
714
-24
-1030
548
296
-386
330
-490
1421
-2279
2095
-859
551
-932
-81
951
-1038
806
-741
-243
1439
-1331
1357
-2180
4077
-721
-3363
-1070
4487
-3527
1469
494
1437
-2675
348
1748
-1210
-601
644
-265
1178
-1936
2258
-2414
2749
-2244
2149
-1226
285
-14
-63
776
-220
-1512
1899
-1581
2220
-2629
2058
-1642
2039
-1502
1080
-1433
1059
-38
2897
-2470
-2953
1532
235
891
-107
-1180
2017
-2345
2161
-1957
1327
-602
-175
687
-696
94
491
-513
431
-594
1031
-1873
3247
-2462
1369
-1637
2008
-1169
-79
574
-1270
1339
-305
337
-575
-363
1140
-1271
2445
30
-4270
579
1710
-912
88
1249
-502
104
-1800
2944
-2758
1667
-1470
1210
-611
365
101
-545
762
-701
364
412
-899
1283
-2125
2654
-1713
1097
-1063
292
-55
366
382
-680
-506
1116
-618
506
-1262
3142
-1547
-878
-1513
995
-522
3160
-3342
1518
273
-914
112
131
790
-1473
516
1110
-2101
1944
-1340
1848
-2745
2707
-1443
783
-689
688
159
-755
366
-108
-557
1422
-2257
2389
-2640
2851
-1415
681
-1207
278
3015
-678
-3980
286
2648
-2110
1212
399
28
-1787
831
1647
-2312
908
-608
754
-584
655
313
-1422
924
393
-690
609
-1301
2682
-2962
2446
-1377
940
-1061
631
2
-491
281
549
-433
97
-644
752
-1047
3869
-1948
-2632
-138
1920
-1641
1391
634
-1518
1245
-791
1596
-2964
2030
-458
-476
1071
-1128
465
-585
1244
-1064
340
109
-133
469
-744
1666
-2164
711
515
-741
532
-1042
1281
-674
186
318
-580
1138
-1942
2309
1186
-2174
-4228
5587
-1714
276
-828
2382
-1026
-1418
928
324
-505
57
-560
1090
-1134
1976
-2082
2149
-2653
2622
-1289
683
-101
-569
436
326
-541
806
-1644
1855
-1933
2586
-2527
1895
-1381
1210
-1323
942
848
3173
-5678
-1456
3355
-1243
1072
-192
40
348
-1886
2952
-2826
1299
-750
456
195
-3
-9
-444
200
487
-785
1324
-1688
1842
-2058
2685
-2168
1409
-1797
1123
350
-779
470
-409
322
478
-574
843
-1981
1790
1606
-933
-5238
3803
243
-1102
427
111
1958
-3144
1949
-777
443
-1036
429
477
-511
129
-443
1385
-1108
445
96
-757
1280
-1163
1313
-1858
1097
265
-523
540
-974
704
-163
77
639
-1424
623
-492
1201
2280
-926
-6898
4699
-733
2344
-2132
1283
-110
-772
722
-404
-47
30
-562
1351
-1592
2040
-2378
2620
-2102
1377
-1087
1243
-522
-308
398
324
-469
239
-1063
1736
-2526
3021
-2024
1666
-2428
2593
-801
1
-414
2709
-2160
-3282
3260
-1071
-94
432
586
-47
-1242
996
-585
514
-766
265
-245
808
-274
-879
1386
-983
494
37
-429
891
-1884
2777
-2104
1109
-1065
447
572
-803
1017
-1577
1413
-629
705
-1333
551
-617
1542
3324
-4902
-1894
994
1763
1314
-2806
1759
-857
1062
-1802
2405
-1992
1119
-1345
2233
-1429
100
90
157
16
-365
99
1095
-1716
1741
-1445
1887
-2499
2345
-1412
348
-367
706
37
-643
399
118
-993
3839
-1609
-4112
-657
5878
-3658
1144
-423
1731
-1966
131
1427
-1430
31
327
87
262
-330
201
-995
2045
-2028
2007
-2307
2547
-1712
729
642
-1054
285
-341
443
187
-1517
2240
-1582
1159
-1432
1326
-845
288
2522
-363
-4836
612
1488
399
1661
-3113
3107
-1749
560
-839
-100
1389
-1530
1122
-470
-388
583
-262
511
-1043
652
19
-365
1085
-1242
1462
-2292
2226
-1711
1085
-714
-64
912
-544
520
-751
712
-330
-1109
3095
-848
-2697
-1117
2427
-790
844
-34
17
57
-1627
2579
-2121
1025
-917
176
762
-772
1046
-1112
1067
-1386
1525
-847
434
145
-1448
1872
-730
-96
-674
-63
1102
-1456
1538
-636
-291
-52
97
288
-1213
5119
-5127
-1204
1264
1495
-1756
2371
-1902
1558
-1956
1949
-758
-658
1316
-1235
373
1216
-1764
1176
-1616
3027
-2799
2113
-1508
1501
-1223
672
661
-926
-642
782
-48
455
-1069
790
-855
1594
-1437
1041
-618
4295
-6503
-783
3597
-1268
958
-1717
3496
-2978
1336
-1407
2114
-1992
632
-290
1107
-604
-174
105
610
-580
554
-1149
1897
-2167
2302
-1332
1087
-1846
839
513
-357
209
-870
813
983
-1677
1582
-2392
2462
-2540
5937
-3675
-2579
-136
2153
-418
687
-387
613
-629
85
442
-923
92
705
-1539
2166
-2478
2422
-2017
1912
-1350
648
-23
140
111
-523
-93
1214
-1531
1481
-2336
2274
-1607
1654
-1390
946
-653
606
-58
3504
-3374
-5434
5402
-984
-479
-126
2295
-1015
-2164
2551
-862
-1434
603
933
-757
-497
1734
-1680
808
-346
350
60
-969
1900
-2136
1919
-1443
1593
-1291
127
439
-1092
1455
-578
6
-380
-612
1716
-1706
825
667
3369
-5863
-1270
1094
2155
658
-3152
3312
-915
-286
-1902
2641
-565
-1480
1114
-52
64
-997
1559
-622
-814
1206
-770
1267
236
1044
-1861
1314
-1161
899
-1246
918
-22
-886
1234
-476
858
-1900
3012
973
-2408
-4729
4418
-1042
1589
-937
1463
-773
-1520
1750
-12
-1243
673
-1077
2318
-2478
2783
-2070
1178
-1253
1695
-926
248
51
-484
737
284
-1223
1242
-1873
2387
-2522
2904
-2256
1624
-810
322
-564
-77
2078
1598
-5482
315
10
2382
-517
-530
421
709
-1760
1549
-1446
1439
-1857
1422
149
-672
139
-4
-72
698
-1152
1672
-2554
3121
-2290
2195
-1794
475
-71
215
-90
-252
216
-171
71
466
-249
44
3166
-3717
-4121
4711
-854
2
-268
1250
539
-3132
2951
-1833
1100
-1910
2093
-1111
482
232
-598
193
-113
966
-1158
-296
1199
-744
924
-1427
1818
-2484
1870
-491
291
-798
-115
1361
-670
-77
-111
-790
1666
1405
-887
-4480
3069
-1759
2870
-1202
578
-616
531
-298
-320
413
-274
-229
104
666
-1184
547
1168
-1848
1434
-1652
2750
-2362
1511
-302
-812
1025
-878
937
-1849
1322
0
71
176
-509
198
292
257
2824
-4349
-2268
3563
-70
-1866
2014
-461
1290
-3655
4025
-2288
663
-964
1472
-730
377
-75
29
-156
401
-955
1738
-1868
2077
-1829
1460
-1174
1144
-782
-613
728
-57
94
275
-375
524
-1683
2611
-2371
1755
-2377
6629
-5719
-1981
1801
52
1143
-1162
353
1172
-1854
1572
-1800
2283
-1916
1139
-1062
1956
-2302
1691
-680
761
-1069
339
856
-723
-125
1073
-1075
802
-2105
3352
-2538
957
-845
799
-28
47
417
-1660
3410
120
-4695
20
3285
-3016
3366
-1239
1388
-2110
285
1182
-1230
609
-450
-718
1906
-1414
1219
-1919
2365
-1781
984
-480
706
-367
-762
1557
-753
-489
313
-297
1162
-2213
2330
-1522
2104
-2271
1442
-1475
1673
281
1569
-4048
-136
1354
-1030
1510
311
-1262
1396
-1631
2391
-3037
1773
-973
1285
-779
312
-726
1021
-335
15
205
235
-1676
2793
-2107
2215
-2920
2691
-1684
823
-363
-98
368
-340
343
261
-925
1467
-1865
2117
1665
-3486
-2798
4955
-2787
1549
2
552
-694
-1208
2391
-2567
1249
-195
-301
-28
35
1169
-1874
1866
-1544
1003
-803
848
69
-960
940
-484
279
-361
198
161
-1377
1845
-866
399
-836
613
-323
-674
3840
-2624
-1440
-799
2256
-1931
3326
-2420
1427
-1249
741
21
-235
239
-834
139
1374
-1511
1052
-908
1592
-2509
3151
-2016
1528
-2054
1968
-382
-331
358
-1092
865
97
-169
373
-1207
1437
-1083
1152
-1346
2096
1648
-5532
-585
3378
709
-3340
2283
1244
-1036
-2891
4503
-1970
-674
-252
1919
-760
-1297
2197
-1042
-481
808
128
-252
-860
1069
27
-526
991
-1435
1056
-1591
2246
-1366
279
-402
438
366
-723
637
-1582
4105
-1068
-4538
1729
-1077
3091
-1647
-7
1063
-1115
463
-654
1216
-1193
470
-34
288
-599
-3
906
-1346
1600
-1741
1563
-1101
1224
-532
-462
972
-1615
1381
-320
-257
-304
-334
1525
-1236
875
-1108
1813
2286
-6063
477
1878
71
-1295
2428
-932
571
-2574
3020
-1786
571
-189
-139
93
620
-410
65
-722
1582
-1400
1393
-2092
3057
-2108
687
-7
-26
-556
254
447
-438
-849
1937
-874
629
-1787
1879
-1863
6264
-6327
-1156
996
1168
71
436
130
-949
732
-254
-99
-193
-99
388
-1112
2065
-2113
1164
-716
1214
-1021
557
-38
6
229
-492
586
-479
-618
1360
-1579
1185
-1317
1759
-1008
430
127
-844
1297
814
-287
-5159
4680
-2251
1598
-767
1207
-930
244
32
64
-837
896
-723
893
-585
380
-1312
2647
-2469
2035
-1760
1762
-1084
98
935
-795
-319
588
-363
607
-1763
2514
-1985
2036
-2223
1921
-1526
1264
-373
2561
-3837
-272
839
-839
2384
-1313
701
-337
-301
478
-1416
2181
-1960
1044
-747
711
-661
790
61
-916
622
-22
-170
634
-616
540
-1184
2003
-2186
1591
-1194
670
58
-387
1191
-2008
1925
-1304
1037
-859
4350
-6093
-758
3389
-1453
498
485
215
-615
-1357
2902
-2293
983
-1109
1547
-2212
2820
-1545
300
-518
422
709
-998
770
-399
-443
1424
-1495
1918
-2807
2154
-767
306
-165
-46
-21
124
-161
174
-646
1384
2130
-3165
-2502
2181
-1372
3895
-3219
1982
-1713
2051
-1473
32
1067
-1257
199
1086
-998
558
-1290
2641
-2460
2147
-1997
1824
-1178
794
245
-492
-516
401
-21
501
-1378
1330
-1734
2692
-2238
2322
-2841
2689
2098
-3352
-2751
2125
749
-268
304
772
-273
-1405
537
1453
-2271
1042
-836
1956
-2059
1317
-327
455
-892
538
293
-751
106
1233
-1497
1493
-2056
3060
-2458
1554
-1414
608
709
-476
514
-1301
709
-51
506
2969
-3702
-2169
1602
-33
1242
-441
-295
589
-668
405
-125
-858
1419
-2191
2429
-1551
490
-65
-365
866
-1318
1375
-1312
1498
-826
-315
1159
-1118
629
-1141
1319
-911
-28
1310
-1003
-210
-152
1352
-1244
1074
2547
-6043
1880
1123
-147
-2486
4044
-1376
157
-1553
1981
-1252
-296
919
-301
-508
921
-655
892
