-615,1520,-802,-305,1191,31,-1293,-754,1178,2785,-3704,-2723,3307,1387,-980,-1917,-205,2976,69,-3248,1198,1747,-1000,-875,-69,1056,770,831,432,-1664,1202,-146,-356,2351,-525,-2658,675,3420,-4552,-1953,4186,-220,-1104,-1188,2314,614,-2673,1410,476,-510,-480,-146,1002,-681,1014,-1210,1115,-370,-411,1709,-1587,1208,629,1750,-4613,-1362,4835,-2423,-1138,931,1027,-521,-1812,2620,-514,-1282,949,-203,151,-599,589
1362,-1911,1260,66,-200,1119,723,-1355,-2309,3043,-1831,-2762,2517,365,238,-1640,1534,1477,-2170,300,904,-385,-665,9,718,67,-921,-675,-17,492,-586,1998,-158,-3335,761,2149,-1758,-2000,3540,30,-2020,214,826,801,-2352,965,1927,-2374,-333,2105,-380,-1346,252,841,-949,1605,-1314,340,1144,-1401,1379,-144,2060,-3648,-703,4314,-2931,-1888,1362,1812,-1541,-969,2644,-469,-1015,62,771,-204,-1297,1161,684
1033,-87,-753,1030,-1232,1927,230,596,-2868,-104,4035,-4570,-1048,3156,133,-1620,-1043,3175,-293,-2282,1420,384,-851,-937,1220,1296,-1892,-589,1056,-1071,1276,-510,-673,2009,-105,1074,-4806,1796,4496,-4832,-1501,2621,1231,-2467,-357,2991,-553,-1481,-32,1322,-342,-1719,1150,1315,577,364,-1076,1555,-1055,1220,796,-168,-3044,741,4010,-4887,-1374,4038,-169,-1884,-799,3365,-373,-2487,1447,1049,-1033,-892,573,1246,-1637
709,139,-407,1188,-1621,1182,-407,-471,3199,-2704,-2199,2645,1598,-4916,671,3879,-2069,-1153,514,1815,-625,-2357,2747,241,-2420,903,1453,-1519,1817,-364,-534,843,-1295,2613,-444,-3127,1641,1983,-1994,-2360,2502,882,-1571,-892,1383,1851,-3327,657,1830,-1215,-812,183,1305,-590,1565,-1003,-113,1006,-1296,1812,529,-2448,-275,2420,-1026,-3577,2600,1406,-1723,-881,1027,2282,-2919,-186,2735,-1407,-1270,1084,817,-764,-1037
1780,-1208,-696,-205,2118,-2253,-2136,2707,257,-1025,-1419,1996,1480,-2803,743,753,-310,-153,-449,993,0,-1139,920,546,-1064,504,149,6,-109,945,-1814,1250,415,-240,2434,-4013,723,2749,-3588,-1056,2246,1069,-2293,19,1896,368,-1620,-424,2590,-1037,-2168,1662,1252,-2119,54,-506,-1111,778,2429,-3401,-1057,1872,631,-1177,-1564,2761,31,-1568,420,126,757,-1096,-117,1343,-1128,-83,931,-845,318,319,-265
668,-489,622,-1335,1312,311,-980,2693,-977,-3227,1784,4048,-5656,-2314,5992,-1152,-2576,245,2398,412,-3605,2371,1458,-2475,-159,1143,866,-685,832,-1038,735,458,-983,1181,-830,2878,-1094,-4525,3926,1686,-5646,-189,4343,-828,-3259,1799,1929,-675,-1881,1357,1429,-2542,-122,2364,709,-1152,1055,-166,-428,1778,1354,-2154,-3053,2906,-653,-2262,2562,-89,-402,-441,740,849,-2078,1375,734,-1503,-132,957,231,-603,-243
-992,286,420,-703,881,-921,2395,240,-4284,2788,1341,-3409,-1151,2757,1112,-3272,722,1915,-363,-1536,589,1675,-1996,245,1231,-1168,78,249,-667,1394,-1247,813,411,1608,-1253,-3539,4264,-147,-4632,578,2958,-771,-2841,2164,1525,-1398,-1712,2184,911,-2999,991,1757,-1344,-583,-363,713,-350,-289,2280,-1262,-2298,1774,1053,-2408,-1592,3338,-283,-2814,1373,1257,-243,-1841,1487,1306,-2178,167,1290,-728,-331,240,109
14,40,-2455,2812,-535,-4228,2628,603,257,-1123,-315,2485,-1375,-745,674,229,-258,-575,927,-519,-354,1197,-899,248,495,-630,843,-992,721,-80,-51,181,-476,2371,-875,-3196,1704,3863,-5898,-1844,5879,-1139,-2480,115,2593,93,-3295,1989,1476,-2274,-499,1540,697,-2087,889,-296,354,-158,-445,1449,-479,1994,-3126,-673,4169,-2738,-1986,1238,1108,-317,-2563,2429,1196,-2051,80,1083,-155,-1265,484,1091,-1009
-1471,873,1164,-3651,1130,1102,111,-1175,-758,3388,-1273,-1787,1777,22,-630,-369,861,203,-1200,836,205,-420,372,-111,613,-756,-215,469,478,-619,546,-1159,1408,116,434,1759,-4878,1429,3472,-3861,-2116,3801,729,-3424,869,1976,-118,-1404,-19,1940,-1407,-1384,2016,112,45,-303,1350,-1249,2307,-1959,-1734,2320,287,-2959,-1089,3610,-873,-2020,1557,421,-164,-1667,1574,923,-2270,855,954,-695,-737,351,1151
-1131,931,290,-914,1116,-994,933,1507,-2309,-1998,2875,2513,-5408,192,3360,-1486,-777,-330,2520,-459,-2776,2407,637,-2059,192,1141,-216,-162,-692,1790,-1588,751,213,-85,1360,-230,-3492,644,6361,-5297,-5545,6602,853,-2820,-1194,2571,1788,-4268,900,2938,-1712,-1589,1177,1172,-1893,1532,-145,-589,508,-865,1411,-1069,1442,3065,-3047,-4508,2713,1888,-2491,951,923,-255,-533,-709,2445,-1507,-1216,2341,-708,-1111,795
571,-327,-965,1805,-1245,691,-211,-59,3286,-2594,-3608,3677,3220,-6391,-862,6115,-2832,-2211,1557,1650,-224,-2801,2110,1529,-2854,116,2188,1304,-902,798,-441,-536,1772,-1543,1966,-405,-3036,2387,1869,-3963,-764,4229,-1541,-1405,1191,656,80,-2043,1565,1561,-3340,274,2597,-601,168,-482,1399,-1134,-653,2770,-262,-1375,-1461,2160,1503,-5877,1113,4048,-994,-2793,450,3567,-1033,-2854,2072,599,-1329,-79,221,860,-981
-1012,1983,-681,1484,-497,-3210,2549,562,-2454,-339,1824,-283,-1550,1372,918,-310,-1518,1047,1528,-2587,290,1848,-1046,-380,239,-37,875,-320,-27,-407,1390,-1183,474,972,-959,3296,-3966,-1489,3992,-1579,-2667,1368,2258,-1580,-1219,1529,1188,-1074,-1575,2419,16,-2714,1858,822,-517,546,133,-608,1708,-1588,1302,947,-655,-3543,2474,3788,-7292,-51,4804,-456,-2401,-489,3819,-975,-2025,1121,459,-240,-1348,1179,719
407,-533,428,81,-526,1337,-1141,1760,264,-4751,2264,3675,-3289,-3646,3466,2525,-3703,-62,2180,1144,-2869,-234,2951,-2265,-1176,2405,-45,-2673,1096,851,-394,-2389,1489,1738,-2031,-242,948,1240,-2289,142,1858,-1116,-553,611,392,-300,-823,707,1101,-1809,539,797,-696,310,-995,939,-322,22,1328,-79,-1056,-1357,3153,-1786,-3270,3021,-253,-388,-572,1091,1048,-2271,836,1177,-759,-658,347,940,-974,-479,1333
268,-275,-164,1189,-1525,1033,509,1613,-3507,-1188,4968,-3193,-2510,2582,515,-971,-1148,2060,647,-2137,776,1085,-719,-1299,1410,559,-1870,-209,2358,-3373,-279,2111,-2169,-202,116,1656,-922,-1584,2366,-34,-1120,57,909,-262,-965,1002,69,-1049,1089,334,-830,588,51,-159,-532,236,473,-1130,3429,-2711,-1610,2402,25,-2183,-1248,2959,-163,-2292,1274,1057,-395,-1640,982,962,-1717,558,609,-354,-104,-115,934
-533,966,-1051,880,1292,-2421,62,1918,-61,-3951,1782,2337,-1936,-296,391,1717,-1659,-862,2344,-730,-802,673,651,-392,-933,925,738,-598,988,-864,576,-578,1134,1327,-2258,-1200,1825,1049,-4373,1203,3383,-2071,-990,537,2122,-702,-2486,2339,345,-1633,397,581,24,-393,-1184,728,-116,-595,1097,-12,2364,-2761,-2062,3209,237,-5201,1171,4385,-2730,-1199,1504,1183,-673,-2076,2435,412,-2266,586,942,-383,-395
-1087,334,1003,-1401,1252,-462,327,190,2194,-2879,-3447,5867,-507,-5755,2782,1678,-674,-2383,1563,2902,-2671,-713,2341,-438,-1733,752,1017,-930,1634,-912,259,356,-560,884,-1167,2919,-2932,-2041,4497,-1099,-3420,200,3279,-1182,-2751,2184,1098,-1070,-1272,1392,1123,-2500,722,1476,-1827,1632,-968,487,117,246,2105,-2144,-1981,2552,928,-5564,1766,2925,-1558,-653,-113,2779,-1213,-1971,2506,-638,-1073,676,106,40,-435
-443,1736,-1319,1013,-558,60,1493,-466,1428,-4153,1014,3489,-4360,-687,2494,1110,-2897,87,2900,-685,-1426,397,762,-325,-1097,1140,799,939,-477,-2971,2523,-948,-1868,805,1011,475,-2391,1566,1567,-1320,-405,198,766,-825,-648,1289,-177,-928,764,231,-157,-155,19,460,-49,-90,837,-1658,1460,433,721,-426,-3693,3143,1214,-3648,-166,1837,1027,-3103,1188,2328,-991,-1225,190,1642,-1296,-1273,2172,-87,-1516
-1547,2008,-954,520,974,-142,-1554,-991,3087,-2706,-1583,2311,716,-614,-1976,2538,647,-2240,753,85,225,-845,-40,1179,-1129,197,946,-425,214,1616,-1938,1150,-227,493,1857,-4198,886,2776,-2395,-2996,3422,943,-2635,560,1096,1056,-2545,352,2746,-2476,-296,1606,-307,-693,1271,-985,698,-193,-37,1208,-1563,2263,715,-4480,1363,2735,-2979,-1866,3183,375,-2345,930,1140,357,-1831,431,2092,-2347,-642,2433,-436
157,-863,1100,-192,-820,1717,-1340,1762,1029,-4649,1482,3798,-3602,-2968,3828,961,-3390,798,1745,877,-2537,288,2593,-2417,-977,2481,-84,107,-428,1496,-1572,769,722,-357,2104,-4039,357,3844,-2535,-3780,2838,2466,-3218,306,1832,995,-2267,-374,3245,-1984,-1191,1964,-76,-774,-317,871,-1082,1410,-1276,281,2956,-1337,-2573,662,2604,-3879,-376,3226,-670,-1220,-375,2549,-853,-1659,2534,-812,-842,421,288,200,-950
-955,1366,-270,-734,1465,535,-211,-3053,1898,1303,-4074,1614,1129,299,-1413,-182,2685,-1770,-772,1256,279,-974,-749,2162,-524,-1843,1705,-50,120,1419,35,-1639,-614,2367,-2376,-2429,3960,-430,-1412,67,1255,1187,-3014,1133,1866,-1685,-789,779,879,-890,-847,1141,723,-1504,-254,435,883,-1311,2831,-528,-3084,1317,641,-1809,-1649,2630,1207,-2671,518,1738,245,-2033,852,1457,-2084,270,1079,-724,-317,637,-259
-612,-221,2017,-2084,-304,1171,900,-1965,-2211,3539,258,-2864,587,1798,0,-2739,1777,1253,-2097,201,887,330,-1067,-421,1961,-770,-1650,-712,1423,-743,1821,-1968,-298,1826,-2649,-1012,682,2115,-1499,-951,1579,731,-1041,-1293,2237,-656,-1119,1299,-467,-133,221,-428,898,-406,97,800,-1090,1316,88,77,-2558,1450,2554,-4758,1016,2299,-508,-1332,-582,2878,-1215,-1514,1479,158,-1039,-374,1719,-335,-1615,1562,384
1077,-2865,2013,173,-3288,1246,470,789,-1588,-24,2463,-802,-1354,619,871,-783,-642,1274,-449,-691,1106,-489,-48,538,-640,417,-388,1410,-624,723,2294,-3757,79,997,-438,-2008,1700,1428,-1952,401,811,678,-1268,-205,1591,-1447,-273,1048,-321,-118,-361,295,788,-898,-297,357,491,-808,1558,502,-1259,-2184,2435,855,-4357,1691,1612,-246,-1204,-689,3156,-1018,-2065,1760,90,-561,-331,781,90,-998,806
-907,1050,-384,-173,456,-169,1652,-240,-3462,750,4406,-3442,-4175,4962,1149,-3268,-489,1946,1610,-3428,447,3121,-1599,-1541,1198,1409,-1393,808,-780,763,-713,93,989,470,254,-4575,2590,4067,-5150,-1450,3440,692,-3472,156,3316,-295,-2124,476,1632,-1530,-1172,2151,287,-1754,1389,172,-1107,953,-980,1018,176,35,2071,-4528,380,5048,-2927,-4494,3717,3190,-3962,-943,2892,708,-1815,-855,2345,-839,-2083,1824,1124
1143,-1797,1459,-410,963,1499,-2509,-1015,1510,-984,-1679,2068,263,-1233,1165,-316,1033,-1044,-305,1726,-1598,-310,1560,-558,-825,943,164,-1284,1577,-761,864,1489,-3147,358,1667,-981,-2486,1725,1436,-2191,735,502,598,-1197,-588,2337,-1390,-1121,1814,5,-1077,443,136,508,1618,-1828,1463,148,643,-493,-1710,2376,-1611,-2037,1296,1569,-920,-2235,2315,712,-1285,-400,526,1050,-1770,178,1691,-1207,-508,1401,-373
880,-561,686,-329,-308,1465,-1566,2096,1751,-4249,-189,3114,-2262,-2338,3193,425,-2494,769,1134,557,-1846,303,2269,-2119,-800,2193,-448,-728,852,-983,603,696,-1511,1834,-994,2118,-647,-3179,2750,116,-3283,253,2603,-467,-1934,1197,1212,-437,-2097,1676,1114,-2685,829,1326,1497,-930,497,166,-1070,1836,-1126,1503,-2411,-304,3692,-3538,-1153,2107,723,-1640,-1004,2656,-413,-1111,264,753,8,-1710,1194,1043,-1850
133,990,-1477,1693,-1048,1495,998,-3287,1035,1426,-1749,-1929,2162,403,-1632,561,685,937,-2101,704,1604,-2141,384,565,-498,243,-149,953,-746,195,656,-1096,1377,-1473,1700,2352,-3959,-1192,4306,-608,-6085,3477,2599,-2136,-1515,1157,3211,-3029,-990,3236,-1260,-1463,656,794,423,-2778,1287,1711,-3079,184,500,1333,-1630,-616,2444,-839,-797,12,830,8,-1503,1289,732,-1510,456,761,-674,439,115,-106,83
-1610,1592,450,-899,2143,-2757,-154,1985,-558,-1893,-112,2561,-1089,-1061,296,1799,-179,-2748,2158,481,-1712,863,183,142,-185,-483,913,831,-836,-2762,2543,401,-1238,-147,474,1816,-2752,300,2911,-1948,-581,778,361,-156,-995,860,789,-1565,712,446,-174,-77,320,367,332,-205,-392,1341,-1565,2771,-61,-3627,2559,-670,-2237,914,1220,301,-2455,945,1881,-699,-1492,855,1271,-2282,210,1946,-1311,-840,1275
749,941,-3056,159,2565,-831,-993,-46,2635,-1355,-1854,2100,-250,-738,73,211,455,-747,-18,1322,-1097,65,864,-603,-130,-266,634,703,-885,748,450,-1060,1210,1282,-1804,-1714,2613,1854,-6041,1252,4018,-1416,-2456,811,2824,-1919,-1880,2610,323,-1769,49,1179,55,-1380,-915,1485,-2262,371,1603,-3715,1567,1040,-519,82,-996,2428,-873,-1112,546,188,-31,-630,640,372,-889,562,630,-972,745,-156,-113
-351,903,-786,913,-1038,639,150,287,1423,-5093,2511,4734,-4854,-2694,3018,2361,-3775,-558,3156,969,-2736,-331,3017,-1540,-1949,1884,428,1422,-386,-148,-235,209,1872,47,-2314,-1009,3854,-2991,-3683,4160,513,-1537,-1191,1733,1807,-2413,-260,1534,-490,-815,330,1053,-832,-569,-599,-99,1354,-785,2606,-424,-4505,1535,1040,-2224,-418,2842,346,-3479,1534,2180,-975,-1779,1749,819,-2639,550,1957,-1182,-825,779,6
-627,1187,-516,-171,1577,395,-1394,-1730,2687,-811,-3709,2461,961,-599,-775,354,2095,-1728,-685,1730,-614,-640,335,428,-167,-706,753,-69,-198,607,-891,2889,-3109,-1098,2993,-923,-2057,-550,2881,-843,-2370,1689,1171,-871,-1570,1548,451,-1505,666,112,150,-269,-310,951,561,-1076,1363,-1196,1025,1595,-2847,-224,1686,145,-4446,1635,3284,-2243,-1112,1021,1794,-2292,-731,2843,-1300,-960,1033,235,-212,-762,180
-723,712,-895,651,-152,-527,1663,219,156,-4870,2905,5349,-7451,-912,6021,-399,-3912,-269,3927,-655,-3005,1935,1227,-1846,-529,1418,815,553,149,-2908,2053,945,-2945,220,674,1627,-2029,-766,3064,-1144,-1209,704,1132,-977,-642,1320,-266,-605,50,75,645,-744,-147,1211,632,-2665,1626,-1103,-1694,477,869,1029,-2568,1059,2305,-1390,-1025,991,706,-1697,601,915,-911,-65,472,-340,589,-278,1,801,-1185
175,-193,195,680,-1154,1287,1564,-1321,-2876,1447,1968,-4245,1390,2208,-1562,-640,260,1971,-1512,-997,1976,-434,-1187,671,509,-346,-658,-658,1081,-34,1872,-2210,-1857,2928,-1372,-1967,257,1478,970,-2972,1484,2216,-1786,-1133,897,703,-1175,164,761,-707,126,434,-492,787,694,-422,-17,1068,-629,952,1183,-3016,-1602,4130,-1855,-5189,5012,1700,-3525,175,1483,1200,-2923,735,2372,-1894,-865,1150,415,-454,-927
-1677,-751,2266,-2984,-623,2721,-569,-67,-1313,2051,190,-2381,1415,462,-944,242,70,384,-521,153,705,-896,849,-218,-459,776,-923,-399,-602,1426,-1394,794,-246,210,464,2096,-1699,-4002,4255,-285,-5170,2697,1942,-1004,-2530,2513,1644,-2906,671,1461,-917,-1029,746,1228,107,-402,584,-1062,1391,-958,2312,735,-4228,1232,1574,-2620,-2120,3049,1209,-3516,1745,1468,-1442,-619,978,276,-960,193,645,-487,-466
726,115,-477,1058,-1429,1718,35,1679,-2055,-1853,3442,-3151,-1893,3331,82,-800,-1407,2977,25,-2896,1692,904,-1607,-173,819,53,-590,1060,-161,1980,-197,-2899,1126,812,-1618,-1523,1992,1757,-3388,802,2069,-490,-913,-37,1267,-630,-1275,1200,360,-867,188,220,485,-661,1164,-1092,182,1168,-1091,1344,-353,1062,-2999,386,4168,-3812,-2251,2729,2046,-2551,-2093,4319,-459,-1992,488,782,274,-2185,1570,1223,-2264
