-2129,1497,2767,-3918,39,766,-591,344,-835,1369,1005,-2397,970,1358,-1869,333,608,-508,185,-455,370,404,-858,499,579,-1057,41,831,-1154,1260,-122,-996,1511,-1640,999,-241,-164,4045,-5013,-4,868,-1312,2825,-2237,1732,-228,-1116,1347,-1380,1223,-932,-219,1420,-1065,-796,1755,-1445,-129,1356,261,-1251,-1792,2459,-297,-3124,2602,939,-1079,-160,288,589,-1463,530,349,-1203,1556,-496,-759,1236,-613,-468
78,-1303,1984,-1296,170,584,-1493,2079,-1870,2921,-465,-4175,3254,-2208,730,1090,-915,1201,-1950,2517,-1419,-729,2201,-2178,881,270,-990,1634,-1020,149,456,-1361,2485,-1756,-118,1777,-1321,2872,-4468,30,3444,-3536,1074,524,1088,-890,-1439,3343,-2771,609,432,-1490,1749,-584,-3334,1944,-318,-1104,2240,-1370,985,-548,-716,1704,-1848,871,-151,-451,999,-883,-177,1069,-726,-82,144,-117,616,-1008,948,392,-1580
-1536,2233,-1599,-153,1617,-1882,1067,910,365,-3122,236,3197,-3970,1284,2086,-1056,131,-1433,2303,-1310,-1546,2324,-1392,240,367,-669,649,-1025,-466,1934,-1584,820,-243,-739,1336,-1935,2307,1373,-3967,886,-353,223,-868,1732,762,-2658,2407,-792,-1293,1999,-1569,562,167,-471,-744,426,-1053,1631,-796,1085,-1180,-1875,3585,-2617,-1300,3650,-1645,403,-560,221,620,-2003,1581,-387,-144,417,-735,711,327,-1151,1044
-1338,1657,-1075,536,-68,-901,1620,-1449,2966,-2310,-1882,3190,-3030,1024,1348,-1254,1377,-2017,2102,-1030,-593,1499,-1573,734,413,-690,509,-1329,627,-643,415,957,-1739,1566,-959,1565,-112,-4738,4094,344,-2352,718,-96,2594,-2683,134,1786,-1672,380,-658,678,311,-1296,1213,-562,-332,1084,-1182,1334,-991,-263,1169,-2187,3714,-897,-3843,2925,-1577,651,-97,-26,1396,-1750,1423,-762,-183,834,-1280,1129,-568,-56
270,-636,1313,-1566,1113,-66,-1224,1986,-991,2975,-4439,-1560,5264,-4176,-104,2910,-501,-244,-1871,3293,-2051,-1290,2656,-1720,392,471,-723,-810,1883,-1306,334,186,-1312,1642,-1369,2747,-329,-4235,2875,-1186,-830,2354,-1612,1614,-1586,1238,-150,-1400,2262,-1837,351,1196,-1805,706,839,-302,-310,846,-1856,2579,-872,-991,1852,-866,2058,-3655,-707,3695,-2441,413,-517,1503,393,-2578,2395,-1105,-22,199,-1380,2233,-1506
630,649,-1794,1593,-652,154,448,-1688,2675,-1912,-896,3985,-1470,-2232,58,761,-568,53,1721,-1919,823,843,-1852,1498,-584,-312,374,-1607,1515,435,-1986,2064,-992,146,40,1481,-1188,-2865,3266,-262,-2711,1907,625,379,-1807,346,2212,-2870,519,1013,-820,91,156,-86,-2193,1523,-5,-1082,1313,-1605,1343,-259,1920,-1658,-2046,2090,-1761,837,1531,-1759,1605,-1682,1301,-205,-1120,1527,-1128,-167,1156,-1025,110
-1352,1467,-866,403,273,-1071,1211,-709,2422,-2422,-3059,4740,-1294,-2057,1472,542,1390,-2991,1633,860,-2533,1365,-70,-304,665,-809,525,-1240,1196,-692,530,219,-1149,1884,-847,1858,-3488,-1096,5250,-4446,-540,3912,-1468,530,-1777,2120,-926,-1565,2098,-1183,457,97,-528,842,-377,-704,1371,-1206,1113,-1286,153,1115,-2194,3773,-1042,-3987,4094,-2559,-314,1646,-560,834,-2246,2607,-541,-1568,1610,-883,438,-45,-526
24,45,-978,1953,-1592,270,876,-1689,3375,-1170,-4062,3271,6,-1332,-340,1826,437,-2225,1519,-95,-785,529,-808,687,-53,-128,280,1736,-1586,1040,283,-1592,2070,40,-241,-2084,2282,275,-3670,3379,933,-1499,-438,525,1304,-2667,1302,694,-1417,1272,-550,-496,1080,-808,-485,1674,-2375,1279,65,986,661,-3723,2142,-797,-1301,2908,-1661,1061,-1056,531,809,-1977,2122,-1100,-888,1867,-982,-789,1214,-384,-278
-471,1510,-1527,999,1355,-1597,-1073,205,2276,-2937,-553,3855,-1767,-696,393,828,-94,-1918,1766,-86,-1197,1453,-760,-2,727,-757,287,217,-1254,2118,-1209,-364,1373,-1806,1508,-1171,1961,452,-4226,2753,-1182,-650,1962,-1151,1477,-2040,1365,361,-2225,2734,-1526,-282,1210,-1118,1791,-284,-1163,1582,-1369,1049,-138,-1238,1933,-997,2667,-4042,-875,3602,-2031,114,-285,1475,340,-2888,2874,-734,-1114,899,-1100,1582,-593
-1304,2149,-1880,641,2,-21,2629,-4108,1331,-147,-1956,3334,-2032,1492,-871,-559,2201,-3169,2150,-238,-1496,1491,-232,-676,397,32,201,1842,-2107,623,564,-638,961,-1653,1813,-652,691,1263,-4659,2597,1391,-3207,1610,167,1887,-2882,-103,3190,-2703,136,783,-748,739,-641,387,372,-785,1286,-1348,884,358,-1598,3703,-2033,-2431,2415,-541,-1195,-101,2645,-753,-2263,2817,-1142,-1158,1488,-945,88,209,10,101
-65,928,-1738,1649,1474,-2480,-929,351,2090,-2452,-382,3614,-2516,-84,562,36,90,-1008,871,-238,-232,579,-785,608,135,-818,1256,-40,-631,1243,-1651,1437,-473,-525,1160,-1475,4145,-3124,-3059,3715,-2720,1932,28,-517,1066,-1861,2114,-1354,-116,1005,-1462,1274,-459,-588,993,-847,113,1232,2,-487,-2486,1843,719,-3923,3266,1604,-2137,135,403,774,-1805,548,854,-1470,1372,-599,-486,1229,-872,-292,1322
-1056,1496,-1679,619,547,-78,1530,-3794,1297,902,-2317,1856,143,279,-524,-473,1545,-1920,996,-261,-711,1587,-1438,181,1092,-1024,40,216,-941,1841,-1599,365,1355,-1844,1761,-1031,2257,-2400,-2199,3288,-1761,-354,1343,37,553,-2231,2333,-949,-1143,1681,-1550,825,341,-977,-688,-262,697,-1363,1774,-1997,995,313,-1830,3532,-1625,-2640,2912,-2200,269,806,652,-655,-844,2445,-1978,261,979,-1541,1402,-640,-444
1535,-1992,1265,595,-1389,1271,365,1072,-3389,-113,2750,-3350,1396,1258,-375,-291,-800,2305,-2135,-109,1462,-1670,1157,117,-955,1023,-564,-981,-509,2107,-1841,843,-182,428,1585,-4047,1653,1149,-2681,1324,124,1385,-2123,332,1870,-2655,1457,60,-1424,1426,-575,-254,715,-607,-1539,1792,-264,-1327,1712,-1356,1266,-999,-693,2355,-2288,2309,160,-3083,1008,-1768,2838,-475,-805,1261,-1550,1746,-1939,821,1080,-2463,1402
1528,-1701,1353,-517,-1026,2404,-1583,466,204,-368,2883,-4503,841,1013,-1719,1936,-1162,2013,-2427,1102,580,-2010,1990,-1210,-395,1303,-917,-435,-1229,2045,-1052,560,-509,-506,1439,-2104,1971,1707,-3925,1328,-838,187,-60,659,1461,-2710,2244,-204,-1823,1901,-1237,81,571,-534,1777,-1684,867,-130,-902,1767,-1750,1272,-617,626,2016,-5233,2297,445,-532,324,-1360,3542,-2530,-288,1635,-1548,1252,-1555,612,753,-963
101,-1338,1128,-672,1052,-1252,9,1479,-2239,2093,2179,-3836,-31,-623,1165,-179,-242,1907,-2320,1533,-338,-1010,1603,-976,-367,1030,-614,1626,-994,547,355,-1076,1275,-1365,734,-228,447,2812,-5661,1155,3200,-4268,2237,20,577,-414,-1507,2528,-1696,-14,404,-838,1340,-923,-655,501,-1275,1589,-978,1488,1044,-4339,2029,-76,-1625,2351,-897,797,-881,119,950,-1805,1300,-307,-447,629,-1012,1035,-196,-698,994
769,477,-778,282,-862,2137,-1125,-1053,2532,-1781,2886,-3399,-1784,3508,-2708,1313,1236,-1103,1139,-1984,1853,-717,-276,389,-1415,2124,-661,701,-969,1141,-239,-598,1494,-1921,1620,-1016,-1109,4357,-3162,-851,913,-1010,1589,-1063,1571,-1332,399,399,-1113,1228,-1060,1,390,-545,-488,-306,1235,-1675,1591,-781,-791,2125,-2072,2639,693,-5678,3046,979,-1902,484,931,1426,-2994,1385,772,-1543,1017,-930,415,754,-1239
168,406,-1184,2146,-1786,-194,1595,-2093,3054,-421,-3016,1782,-1286,1129,-422,705,59,-1212,1383,-1080,401,391,-1193,1182,-434,-382,767,-1155,1643,-1391,234,1699,-2111,1466,-395,1057,337,-4565,3411,121,-2908,1648,822,995,-2436,1296,1033,-2590,1757,-552,-663,1277,-959,229,162,-1397,1551,-543,-88,579,-1540,1888,-1321,-577,4504,-3763,-756,1189,-1021,201,447,1771,-2408,866,1552,-2683,1764,-675,-357,884,-900
1417,-2386,1780,196,-1571,1586,-1469,1128,1565,-1775,-1609,511,1813,-2749,653,2768,-2133,359,-650,990,172,-1826,1179,133,-386,179,-475,1417,-1773,1200,154,-1236,1192,-255,2361,-3159,-891,2278,-2906,2790,-796,-194,925,-1669,2178,-1583,13,917,-1266,762,216,-957,378,280,-200,-755,1771,-1176,243,470,-1020,1040,-671,3447,-3649,-2845,4730,-2831,483,1217,-535,1417,-2945,1952,422,-2177,1439,-525,586,-189,-478
1641,-784,-394,1168,-1294,1493,-1161,48,507,-940,3859,-4209,123,1438,-2532,1968,-962,1512,-483,-1459,2973,-2599,599,612,-1149,902,-261,-39,-1264,1299,-1426,1863,-1120,-12,1310,-2242,2506,1136,-3820,-449,1160,1631,-3153,1538,2680,-3056,1077,-428,553,-409,-1025,1034,-342,362,-110,1049,-1870,1261,33,-762,392,858,2238,-4804,96,3419,-3433,945,1398,71,-607,-976,2024,-1260,-705,1128,-487,51,-21,-480,1139
1280,-1112,946,-381,-982,1681,737,403,-4090,1016,2270,-3597,2974,621,-1425,280,-254,794,-1173,309,681,-1210,1294,-208,-1331,1468,23,-501,374,-631,1426,-1606,635,1371,-2304,2535,940,-4105,1262,5,-309,-15,751,1348,-2478,1092,504,-616,-186,-562,1005,-378,-380,792,1500,-1732,835,473,-1958,1759,1939,-2173,-1702,885,1004,-1597,123,2145,-1409,-19,-70,831,-692,-703,1294,-616,-220,598,-1110,944,332
1363,-1505,655,-460,752,-11,-1718,2690,-1232,-229,4142,-5386,270,1506,-2233,2440,-894,1263,-967,-357,1136,-1436,1246,-1099,-326,1715,-1719,-239,-421,1151,-1546,1898,-576,-973,1789,-2011,631,3336,-3464,-361,-185,338,116,160,943,-1259,1099,-400,-712,1029,-1049,492,70,-252,-1215,1221,-1119,444,1224,-2364,2222,350,270,-2052,-1895,4650,-2562,-2459,3438,327,-819,-1730,2262,-259,-2293,2510,-1034,-379,946,-1078,650
-181,-885,1798,-1191,241,445,-1233,1673,-1795,3740,-2463,-3317,3660,-1281,-258,909,-193,1314,-2724,2073,-208,-1584,1739,-1708,1353,-257,-978,1081,-1059,791,-43,-990,2563,-2078,392,791,-59,2507,-5427,1282,2698,-3822,1855,139,1741,-2094,-572,3072,-3481,1238,555,-1575,1489,-261,-1489,636,862,-1196,1182,-1344,624,245,-1624,2594,1611,-5621,2040,1245,-1512,-834,2248,648,-3162,2504,56,-1739,1084,-475,730,-436,-652
-1026,623,-109,-1522,2781,-1273,-205,622,-676,967,-2265,5037,-3945,-3957,5472,-2778,1015,-365,-49,2956,-4704,2671,-61,-1632,1476,-1407,1751,1988,-1867,811,17,-218,909,-2188,1967,-871,1833,-57,-4329,3906,-1875,-648,2217,-1809,2537,-2844,1389,901,-2188,1454,-581,97,327,-716,40,-1347,1257,-749,929,-533,101,1074,-2229,2266,2344,-6332,1764,1912,-1217,-951,487,3020,-2880,-101,1996,-1912,234,-85,263,182,-535
1561,-1703,970,453,-1850,2172,823,-1729,-1824,1053,1661,-2805,1010,2380,-1821,190,-52,602,-935,-257,1038,-1123,768,206,-1042,1093,-20,843,-787,-15,1609,-2228,1448,-967,-231,1221,-1012,4061,-4176,-2057,3504,-2406,1946,-359,309,75,-1625,2710,-2282,512,644,-1098,1397,-772,615,-19,-665,1731,-1643,367,340,973,546,-5176,2863,2686,-4094,737,1165,1396,-1970,-416,2354,-2152,1025,-60,-451,1276,-1247,316,618
-141,-1569,2294,-936,-335,508,-1089,1728,-2003,1990,3016,-6840,2171,1162,-1455,734,-270,1939,-2773,1416,1181,-2743,1933,-820,23,643,-1136,-602,730,-1341,1768,-423,-1506,2335,-1685,94,2441,-969,-3396,1974,697,-2087,1093,1445,-1427,173,299,-365,412,-925,303,504,-452,222,1398,-1173,178,894,-1308,1659,-1018,-97,766,-1988,4936,-2720,-3620,2693,-661,859,-671,979,-4,-1620,2616,-2228,283,1413,-1855,971,245
869,-1449,1324,-1092,679,1064,-2348,2082,-620,357,2214,-5407,1889,1309,-2294,1249,-90,2202,-2812,743,1730,-3134,1846,-402,-984,1574,-776,323,-1520,1848,-767,-317,613,-1043,820,-987,1006,3271,-5915,1120,1416,-1456,1386,-961,2098,-2061,128,1930,-2931,2037,-403,-1132,1801,-1379,-821,1329,-1178,1153,-35,-1325,1814,-1882,2566,-1,-4103,2149,-221,-245,-822,1976,780,-3217,2403,-448,-1378,1563,-1353,658,223,-406,386
-951,-591,1685,-1551,986,-116,-172,287,-1911,4349,-1313,-4839,3960,-787,-653,-8,728,1923,-3782,2579,-125,-1530,1536,-1044,311,441,-423,2153,-1970,614,184,118,262,-1966,2289,-1110,-652,3746,-3365,-339,-538,533,881,-1024,2235,-2145,668,976,-1672,1079,-356,-498,601,-453,195,460,-941,1490,-1204,441,245,-1384,3985,-2252,-3169,2514,-433,561,-2362,2573,1232,-2734,889,-44,-242,263,-862,950,-14,-344,279
-572,1118,-1444,136,2152,935,-3599,-1026,2752,-685,-1767,2471,637,-2294,1482,24,-704,-49,192,450,-871,656,-112,-383,632,-482,-535,328,-205,-220,1038,-1369,1208,-697,227,2849,-5784,1488,3383,-3068,532,-810,2390,-836,-1802,2743,-1835,510,-687,127,1056,-1419,1056,-211,-672,1947,-2082,575,858,-1832,1194,1668,-668,-3280,166,2495,-1712,1082,74,-348,458,-1194,1561,-1238,178,284,-385,862,-971,160,1192
1075,-95,-764,843,-1246,1862,-1589,21,2104,-1588,2658,-3603,-1804,5118,-2511,-979,776,1499,-29,-2834,2879,-758,-1046,583,-245,1058,-1071,1092,-1419,1415,-881,-33,1502,-2034,1364,-737,87,3962,-5704,800,1243,-1375,1081,-767,2136,-1759,186,1191,-1780,1028,-441,-248,1040,-940,0,-1125,2094,-182,17,-1955,-661,3180,-3270,-170,3206,-1306,-774,-340,1431,-795,-1329,1831,-880,104,867,-1707,1166,667,-1500,483,779
-231,1290,-1769,729,1121,-2124,1312,828,1121,-3271,-1090,2935,-1679,402,1005,-865,560,-1036,1167,-708,-699,1598,-1480,730,375,-932,623,191,-1065,1190,-1247,1038,-378,-669,1925,-2435,2075,2008,-5141,1344,852,131,-795,-66,2355,-2283,797,-318,-80,615,-1624,1412,-120,-531,129,454,-1015,2088,-1953,-51,1697,-2071,1015,-498,3608,-3176,-3153,5149,-2643,-889,2249,-280,772,-2670,2708,-411,-1937,1937,-763,-525,925
1302,-1810,999,570,-1147,1222,-1016,572,-1,-56,3329,-5413,632,2599,-3308,2559,-992,1407,-265,-1975,2942,-2716,955,277,-1777,2459,-1125,994,-2235,2076,-118,-1030,1252,-1546,1395,-908,387,3556,-5210,539,873,-632,625,-41,1639,-2647,1506,857,-2839,2476,-724,-598,638,-534,1950,-925,-224,263,-792,2281,-1855,216,1571,-1729,3098,-2995,-1556,1842,-361,1202,-2645,2170,935,-2263,1300,-900,1370,-1762,-435,2424,-1309
-1553,1780,-306,-725,1129,-1393,1522,-1583,-620,3747,-1415,-2832,1408,38,-759,-172,2539,-1567,-845,2277,-2163,494,972,-1180,208,440,-208,-1704,1072,148,-854,2809,-1738,-2114,1532,375,-1135,-1334,3811,-1035,-2305,2978,-1242,-492,557,-779,619,-203,111,-87,-13,971,-1196,355,622,-1723,1574,-1063,792,253,-1090,1221,-1694,2648,439,-4032,2456,-1422,272,191,363,1571,-2844,2120,-267,-1852,2028,-1069,-143,527,-207
-571,1674,-1788,855,513,-1553,2068,751,-2010,-2175,2350,679,-3297,2717,1338,-2345,854,-357,404,-662,-281,802,-815,1009,-615,-327,972,1188,-1634,693,-224,445,212,-1091,1730,-1994,2622,1512,-5775,2277,-281,-144,780,-965,2606,-2811,1077,1102,-1777,933,-726,347,-58,-314,755,-880,728,-737,1138,-165,-1266,1963,-1284,3122,-3488,-3249,5740,-1795,-2612,2152,649,1269,-3616,2410,529,-2720,1849,-580,282,-122,-342
-1134,1055,-735,951,-485,-1313,1736,-468,2325,-2951,-1456,2863,-2365,793,1503,-1098,611,-1228,1421,-690,-761,916,-706,777,-108,-910,1130,1969,-1481,877,2215,-3069,-1009,640,882,-1113,280,2337,-2447,111,974,-535,55,-396,326,144,-251,390,-462,477,40,-917,1209,-209,1438,-578,76,-143,-786,1914,-1620,474,1060,-1854,4531,-3633,-2234,2440,-1169,1183,-1405,1587,330,-2272,1650,-726,432,-751,-468,1607,-1059
894,-766,987,-1451,537,1385,-2239,2118,-1282,1598,1612,-6372,2822,1794,-2566,1368,-897,2479,-1743,307,408,-1788,2267,-1890,164,876,-740,1921,-600,-776,720,-571,1947,-2476,282,1977,-2574,1043,2576,-1100,-2274,-783,1140,-215,677,360,-554,864,-1043,202,152,-630,659,-405,-688,508,-464,-1109,2505,-1366,-287,1263,-1637,1879,2057,-5345,1282,1622,-2084,-50,1499,851,-1736,966,82,-1005,1040,-1276,486,517,-609
-420,1346,-2107,909,646,-2167,3544,-1149,-2251,469,-532,1413,-822,1357,-487,-739,1184,-1253,914,-311,-817,1232,-1093,441,516,-750,349,187,-760,1248,-1630,870,1177,-2078,2017,-1149,405,2691,-3783,-61,800,-1268,673,599,1169,-2035,1087,134,-1620,1942,-1293,-208,975,-496,-557,-319,797,-1122,1923,-1502,-225,1500,-2371,2845,879,-4072,1603,-724,75,-178,1312,321,-1676,2139,-1830,227,1126,-1728,1013,391,-1079
921,-1576,1507,-1040,-202,1819,-2213,1650,-378,-782,3369,-2909,-1939,2091,237,-1798,706,2673,-3186,1308,806,-1525,720,-406,56,275,-321,-1416,2057,-1579,450,543,-1391,1950,-1377,247,694,-1784,3819,-1373,-2810,220,-206,1972,-1529,1723,-285,-1178,1646,-1901,1242,322,-1980,1441,819,-1712,1811,-747,-138,1168,-1573,1415,-794,370,3027,-5760,911,2094,-1323,-258,-39,3031,-2518,-514,2510,-2692,908,196,-596,698,-482
1025,-1578,979,-505,774,42,-1590,1858,-1352,2768,-1113,-3382,2122,-1223,1304,406,-1118,2144,-2177,1142,-149,-1282,1982,-1902,616,861,-998,-598,1086,-1888,1655,1789,-2903,-646,419,874,-1803,1613,1931,-2948,1669,-793,-339,689,-944,405,-275,703,-73,-982,1336,-593,-556,1111,-310,873,-1781,1471,1829,-1376,-2216,-235,2176,-2244,-202,3882,-2024,-804,999,-648,259,-885,862,-388,-103,1117,-1430,556,603,-995,544
-14,1075,-1890,1957,-409,1167,-411,-4211,2896,-791,-408,2308,-2070,1318,-508,-634,1322,-1592,1093,-959,271,1339,-1616,497,714,-914,230,570,-760,1159,18,-1225,1720,-1228,276,-208,-248,5043,-5916,-1030,2313,-1182,2793,-2486,1166,1245,-2228,1550,-1451,1254,-586,-939,2151,-1219,906,355,-2041,2510,16,-636,-1570,-372,2892,-3039,356,2605,-1634,488,-1320,1635,-514,-669,656,-1047,1589,-655,-916,1572,-711,-181,669
-1886,951,287,-718,633,-1212,1915,-1568,-241,1929,-1709,3920,-3620,-1997,3537,-3082,1617,413,-137,678,-1899,2034,-1460,318,405,-904,1353,1506,-1156,-56,816,-399,908,-1442,928,50,-1984,5000,-2855,-3798,3929,-2165,563,-8,851,980,-2573,2071,-938,-629,1052,-1456,1557,-473,1341,-1060,388,30,23,943,-2163,1547,-157,-615,4387,-5168,3,1136,-1717,2626,-1065,561,-347,-364,1395,-2085,1657,-536,-1075,1622,-1059
-1359,761,-274,547,276,-1531,2548,-1374,2004,-1789,-3326,3940,-2242,-148,2344,-1300,1396,-2066,1408,-69,-1638,2070,-2189,1202,917,-1919,1346,73,-261,1192,-1755,1632,-253,-1613,2096,-2149,3222,-709,-3174,1699,-2042,2222,676,-1636,1284,-1127,1434,-2134,954,1513,-2760,1543,550,-1397,1445,-952,-91,-102,224,1164,-2515,1885,425,-1251,4060,-4638,-821,2252,-2680,2678,-782,823,-424,-732,1776,-2275,1376,-414,-1013,1808,-819
-34,-625,1175,-1559,927,200,-635,1646,-1579,2419,556,-5795,3343,312,-1824,613,606,1915,-2848,1426,487,-1515,840,-731,358,474,-851,-164,-814,917,-953,1985,-1716,-174,1966,-2418,693,3477,-2900,-1901,837,961,-1679,799,1995,-1607,2,452,-25,-236,-976,1585,-692,-584,-823,680,-1231,1829,-407,-1821,2729,-1687,-17,2818,-688,-2356,-724,435,1435,-766,521,-645,965,-830,-327,1299,-1969,1116,430,-952,419
