-2731,1486,-292,711,-14,-2830,2398,2354,-3077,192,1120,-917,900,-897,-681,1751,-495,-552,355,-265,137,558,-599,-347,981,-248,-805,1080,-916,144,796,-307,1166,-1621,-1888,2821,86,-3192,1683,1538,-1163,584,-494,-523,1646,-1430,-387,1426,-685,-289,280,-240,481,-162,735,-1166,969,158,-719,653,-62,1684,-3504,317,3070,-2756,-978,2019,266,352,-2014,1640,453,-2541,1765,161,-760,184,208,66,-335
-666,1252,-1287,806,1091,-648,-1418,-358,2358,-1474,-2173,3683,-404,-1549,431,-152,1254,-2125,754,1163,-1522,476,281,-299,272,-343,503,-772,2521,-1454,-1687,1101,-770,282,-578,1356,865,-3165,2815,-130,-1799,1169,35,-724,192,323,158,-743,428,544,-1134,633,556,-662,888,-690,1697,-428,-2527,1829,475,-2376,1092,319,1632,-2539,-126,3002,-2724,-317,2017,-1236,-144,542,-105,-47,-451,887,-287,-860,1464
1718,-1535,587,339,-712,782,1053,-1295,-1112,922,1391,-4024,2242,2029,-2470,481,154,758,-765,-794,1830,-969,-864,1560,-594,-275,118,1249,-1702,1053,749,-1609,894,1231,-772,-1412,-251,2413,-1716,-917,2080,-632,131,-1236,1068,1209,-2894,1018,1679,-1828,453,365,-206,-89,1578,-724,-800,1733,-1002,-17,469,-897,2281,-300,-3247,2231,226,-998,-1874,2898,1004,-3745,2348,835,-1739,488,-58,610,-686,-309,1281
-391,1282,-1592,524,973,-1571,1210,-376,1657,-1179,-2823,3464,-824,-1510,1242,-84,1280,-2390,1165,1409,-2579,1297,496,-950,411,-518,901,-1390,-515,2134,-1810,94,1227,-974,674,-599,-520,3070,-2105,-1546,462,1374,-1233,-1760,3303,464,-3001,1689,30,-112,-733,-128,1492,-1851,804,745,-1442,1933,440,-2834,612,521,435,-2454,1024,2690,-2201,-60,818,-165,126,-1617,2079,-698,-1238,2081,-993,-388,783,-57,-639
482,-1138,1060,-199,-770,1256,-1322,567,490,-1153,3947,-4161,-1101,3475,-1623,-1287,517,1969,-322,-2994,3319,-580,-1660,1159,-340,510,-771,747,-24,-750,1289,-1093,501,668,-428,1957,-4168,896,2789,-3141,-557,1768,1680,-1838,-1634,3230,-1110,-1693,1773,-744,222,-55,-253,497,-1166,644,447,-929,1076,-504,-713,1481,-1759,1919,1186,-3420,1035,-262,-1104,1217,-73,1041,-1381,345,1081,-2299,1742,-306,-806,947,-401
-634,-319,799,-933,448,369,-742,1417,-1575,2014,984,-5004,2156,1684,-2602,431,902,1862,-2286,-646,2603,-1828,-87,553,-123,317,-1096,-528,1297,-1661,1036,2088,-3727,766,305,-187,149,-1089,2526,-843,-1768,2098,-850,60,-578,632,554,-1693,1497,322,-1447,772,633,-929,355,94,-682,1544,-1382,427,2467,-2528,-1590,1186,1465,-1345,-2657,3763,1341,-3986,1520,573,153,-1788,1016,1372,-2356,1014,710,-1115,391
-784,727,-51,-832,885,-241,1732,-2343,-1730,3044,-1641,-1551,2973,-435,-584,-121,726,204,-2043,1953,-191,-1490,1161,-220,-403,340,-592,-559,1096,-1058,847,564,231,-1043,-1795,2589,-1048,-2599,3957,255,-2292,1018,-151,688,-1936,1017,1262,-1913,1080,-41,-441,565,-356,114,-539,1569,-1372,665,92,369,997,-3291,1126,1500,-2539,1857,41,-490,727,-1671,2000,-1023,-481,1369,-995,208,70,-75,353,-851,555
1460,-1168,1837,-139,-2814,808,156,1299,-1654,68,2765,-3101,567,1176,-643,148,-1180,1365,-149,-819,759,-287,78,-116,-177,565,9,-837,1160,-792,330,50,1102,660,-3788,986,1879,-2706,1375,1054,-431,0,-1322,1923,-667,-1501,1885,-640,-398,391,-131,32,-68,-36,744,-1200,2292,-1436,-1679,1367,38,-926,-350,1921,768,-3504,2379,890,-2578,1294,111,-410,-67,218,342,-695,195,505,-641,-12,737
1253,-1527,976,-342,-573,1469,-1736,990,815,-1490,2814,-2207,-1171,1377,-1802,1438,-101,471,-246,-1028,1769,-1474,335,932,-2042,1608,187,-896,1166,-474,-387,1257,-1671,1852,1005,-3686,1513,243,-1038,-75,228,2138,-1965,310,1255,-1864,1289,-830,-74,878,-1058,509,326,-516,813,-1068,790,330,-848,1455,-1200,1060,1064,-3280,2187,-1954,-654,2752,-1050,-25,171,-321,817,-2021,2091,-838,-1536,2440,-1099,-483,952
-1229,1486,-747,549,1408,-3559,1375,1054,-1945,735,111,1247,-917,-1190,2322,-1355,-179,738,-896,902,-721,150,510,-853,215,1095,-1081,125,486,-1071,1512,542,-1095,-839,-1210,3077,-1465,-1628,2978,-588,-1199,162,402,989,-2375,1431,481,-1736,1458,-435,-254,400,-359,58,777,-354,-429,1061,-814,166,282,-1089,3707,-2671,-2214,3227,-1680,-1159,910,899,1257,-3340,2253,741,-2603,1258,-26,372,-835,63,1191
439,-924,816,-479,653,359,82,919,-4066,1799,2038,-3550,1754,1070,-605,-336,-1232,2298,-1133,-1105,1870,-1477,760,-228,-487,877,-769,-494,687,-1293,1960,956,-3852,1643,-185,-597,387,-787,2643,-1430,-1210,2147,-1403,388,-413,39,800,-1345,955,254,-859,508,108,-541,714,-572,381,469,-944,1167,165,753,-2548,-1148,3874,-2868,-685,3256,-1152,-586,-411,797,802,-2721,1973,220,-1266,1003,-334,177,-218
-420,-433,1150,-899,366,16,598,1187,-3569,1560,1403,-3474,1220,1122,-4,-698,-1126,2738,-1532,-1322,2605,-1532,-326,637,-20,-171,-413,-1583,1109,107,-1157,1354,-778,571,6,-217,2702,-4582,1098,312,-607,1983,-1776,562,1070,-2003,1713,-792,157,132,-1182,1706,-687,-578,-3073,831,2060,-2696,663,1146,79,-374,-1154,1882,-281,-2137,2292,-561,-947,926,-153,-206,-6,141,405,-502,78,777,-1210,947,-197
396,-1144,2320,-429,-2011,169,782,-504,-1349,2457,936,-3061,1506,138,-346,-196,-458,1392,-1529,261,1164,-1192,67,701,-113,-413,161,881,152,-1137,1504,-872,-174,966,-758,2371,-3616,-6,3077,-3656,610,1875,57,-816,-1233,2437,-945,-1894,2931,-1890,-61,1316,-948,156,-1038,918,463,-1454,1544,-772,1392,-469,-2759,2526,-1111,-779,793,169,845,-1581,650,1170,-2049,1248,8,-1018,1000,-401,-135,362,-254
369,-877,1308,-870,-297,2184,-966,-585,-1633,878,2127,-3611,1806,1714,-1953,241,246,1014,-1356,-404,2121,-2225,380,1324,-1238,277,148,-19,-608,1413,-1146,1248,658,-3591,2333,-835,-724,1679,-1230,1137,-751,-880,2295,-1789,108,802,-1004,830,-1108,828,248,-1131,1076,-100,-880,219,2229,-2531,-84,-435,584,822,-2698,2783,573,-2325,1284,-186,310,-661,-151,1188,-1744,1203,272,-1156,996,-288,-396,823,-738
-508,1304,-1068,1537,558,-3542,1531,-877,-260,1885,-1258,1108,-893,-694,2083,-2370,811,804,-1507,1270,-820,262,252,-451,687,-392,-270,780,1117,-3646,1611,273,-1328,1118,-488,1553,-1076,-1172,2517,-1507,-650,1658,-1247,30,60,351,65,-925,1063,55,-851,896,17,-442,908,-600,1556,964,-3338,19,1188,-583,-1236,1592,2000,-3275,714,1674,-1800,439,369,-776,530,-132,181,-333,-81,710,-505,14,248
27,147,-585,672,1614,-548,-2878,-420,2914,-2435,-142,2993,-1187,-817,271,461,-110,-1208,972,478,-1449,1046,33,-949,648,277,-208,-1009,585,1034,-187,808,-2760,535,1257,-2409,1835,1340,-2191,1040,-921,870,-87,-1225,1346,-679,-45,585,-926,676,-76,-568,1022,-734,-880,479,650,-1110,973,346,967,-2565,-1471,3057,-918,-1604,2532,-696,319,-1294,291,2051,-2548,474,1248,-987,-20,232,104,64,-609
840,-1568,1805,425,-1851,-912,310,2159,-2236,396,2053,-2204,820,-333,451,310,-1308,1179,-202,-621,839,-150,-669,574,-71,388,-527,927,-890,77,1242,-1618,2150,345,-2943,1404,-1843,291,2226,-1167,479,-874,773,52,-2146,3009,-1352,-1164,1930,-775,-782,1073,-258,-134,2248,-3168,-353,1366,-862,468,-223,1255,-371,-1624,2227,-1359,-93,1007,-1200,485,198,-544,485,-73,-435,821,-627,431,-56,-222,869
-242,2850,-2615,-255,180,-681,704,-1318,1807,530,-2136,1703,-602,138,-121,-583,1120,-1126,417,491,-1167,428,909,-1016,263,559,-454,-298,358,-764,1181,-447,1195,418,-3989,2387,-273,-2091,3040,-167,-1215,778,-996,1651,-1732,674,576,-1622,1601,-578,-371,782,-772,461,-1134,1043,-308,-224,990,-995,1209,-473,1333,-1278,-3391,3581,-51,-2210,2097,-351,452,-779,-520,2289,-2047,239,559,-808,842,-780,466
-963,1000,-438,170,640,-841,2368,-1611,-1736,1503,-2113,2097,1,-666,1198,-1810,1221,421,-1774,1810,-1170,53,893,-1051,802,-188,-74,-377,1068,-1324,2270,-90,-3713,821,559,1110,-1401,464,2250,-2576,87,1746,-1622,715,-273,-155,362,-790,866,-422,-229,389,-43,33,198,-502,992,-112,1135,-2224,-1260,2641,-2540,1231,1272,-1078,373,-1182,1263,306,-2088,1942,-506,-821,1034,-774,325,254,-313,325,-303
1917,-1793,337,1025,-1209,689,1419,-900,-1184,-958,1779,-1802,833,1562,-1479,475,-263,408,271,-1593,1327,91,-1243,1133,-107,-613,616,-1233,1037,166,-802,795,-428,607,1869,-3489,515,1558,-2670,1129,673,1293,-1662,-558,2208,-1722,-693,1945,-1589,605,138,-506,732,-917,516,-35,-1164,1857,-730,218,1451,-2622,226,1617,-2882,2030,463,-252,-173,-1176,2135,-922,-1121,1628,-922,247,7,-249,982,-1186,644
-901,916,-478,-389,1163,-1272,1218,-642,1288,263,-3796,2981,553,-4090,2383,767,298,-1542,-50,2661,-2544,9,1589,-1025,-279,152,524,765,-1152,2642,-367,-3043,780,17,961,-1497,4,3126,-2986,643,774,-928,961,-1139,470,334,-461,268,-250,-58,653,-736,733,-69,1176,-1745,1690,1212,-2738,44,649,-494,-852,940,2082,-2590,354,1239,-1380,591,-900,769,40,-747,950,-424,-447,614,-17,-375,500
-1459,632,163,-711,1403,-1246,-118,1865,-2271,2591,-485,-2587,1729,-398,267,-1014,1145,1416,-2773,1356,400,-927,716,-1027,1252,-618,-441,489,331,-712,772,-587,-95,1300,-1181,2488,-2487,-2060,3642,-2562,-1050,2992,-228,-725,-836,978,734,-2707,2419,-487,-1285,1720,-959,-102,-893,387,872,-1384,727,-224,1162,661,-3905,2331,986,-3787,1853,1313,-98,-1097,-114,2305,-2472,-17,1709,-1752,752,79,-220,365,-611
927,1301,-2563,1036,-541,-66,-434,-947,3182,-1010,-2070,2662,-1167,-437,29,607,14,-1515,2104,-842,-1192,1669,-378,-1009,1031,-183,-167,-330,1031,-1167,1852,257,-3603,1921,-637,961,-963,-1174,3638,-2276,-896,2031,-1052,319,-664,731,-174,-1157,1727,-773,-595,943,-266,-166,141,-2772,2169,-1225,-491,1064,-384,1047,-1660,253,1815,-2580,968,796,-1401,815,-310,255,-113,-98,562,-645,-167,1076,-751,-373,1195
532,-158,1437,-273,-3213,2428,-682,-1221,1496,-526,1646,-1658,-444,2034,-1881,-42,1403,-1240,309,-181,518,-130,-741,900,-110,-518,1000,-1349,-1823,2564,-1460,-503,2354,-1116,-131,-358,209,1163,-2051,1293,441,-1433,1096,-353,-151,410,-422,414,-21,-271,395,-319,-224,1030,-1647,1803,-359,-846,1391,-857,315,118,1290,617,-4486,1789,1616,-3194,1830,762,566,-1723,46,2567,-2596,-570,2485,-1697,-133,696,-352
1465,-2769,1749,1349,-1130,-180,-317,1149,-663,-1445,2397,-1423,-309,1383,-1433,483,456,-468,86,150,39,24,-534,689,248,-955,1297,255,1154,-1530,954,270,-1311,1365,-277,1514,-2269,-1540,2998,-1787,-137,875,584,-73,-1932,1962,344,-2285,1862,-40,-1003,505,-346,726,-1679,395,1204,-1414,983,-211,-511,1175,-1735,2692,-396,-3621,2239,306,-433,-999,742,2893,-3741,27,2624,-1449,-326,-458,1670,-420,-1809
294,887,-832,700,-492,-507,1664,-1502,1916,-161,-3980,2405,478,-816,-141,-532,2379,-1832,-341,1608,-1418,678,-268,-226,1065,-1528,739,-644,-591,1369,-1213,371,632,-973,1170,-651,-879,4149,-3841,-1464,2656,-533,-1024,-666,2700,249,-3375,2523,-82,-1047,317,-439,1174,-1457,1765,-405,-700,906,-705,453,153,-1152,3418,-2149,-1789,2311,-1608,390,-785,828,1886,-2793,1407,133,-794,719,-1083,1426,-1039,-510,1620
1021,10,-876,798,-429,387,357,-1316,3206,-1237,-3146,2250,-525,-586,-264,1110,1661,-3122,831,1625,-1837,365,-23,728,-920,-383,1853,-143,575,-1506,2590,-171,-3757,2645,-590,-150,34,-982,2686,-1812,-643,1704,-1201,312,-407,339,363,-1461,1602,-450,-882,998,-79,-860,-551,1180,-815,272,206,-398,837,-1110,1491,1041,-4839,3003,1201,-2483,67,-113,3238,-2024,-2060,3568,-1475,-1248,1239,109,22,-1244,1432
-138,-908,1628,-1041,-208,1012,-787,658,-774,726,2584,-4554,943,1026,-942,514,-1231,2873,-1141,-2184,2796,-909,-624,593,-170,346,-1035,-285,810,887,-3364,1569,1406,-2892,1177,289,1138,-674,-1682,2524,-755,-1986,2048,-325,-683,326,51,352,-664,504,423,-1054,657,672,848,356,-1350,1255,-208,-490,878,-1159,2767,-1504,-2226,2377,-1167,199,-588,507,1586,-2859,1615,473,-1763,1654,-1058,507,187,-966,1076
939,-1346,1949,-187,-2436,1291,-493,870,-1712,580,2866,-3192,327,1532,-1223,770,-1054,920,-28,-1088,1392,-535,-43,150,-186,230,82,-500,839,-1354,1044,1605,-2035,-1008,214,2025,-2031,-82,2662,-2577,624,1190,-1492,941,-666,528,-11,-999,1441,-731,-211,337,47,-31,191,-668,1190,-809,-84,834,23,1364,-3635,997,2811,-3852,506,1854,424,-1324,-1361,3186,-1166,-2580,3130,-987,-1167,1423,-210,-451,154
-688,188,785,-1420,886,586,-1556,1271,-715,2752,-2700,-2292,4503,-1618,-2314,1709,439,1177,-2782,1592,1426,-3081,1561,338,-770,589,-582,40,1020,-1476,818,11,-619,1330,-1433,2832,-1510,-2503,2475,-1058,-820,1120,754,19,-2324,2159,461,-2798,2300,-379,-1271,1100,-18,-123,-176,-348,1226,-1188,-162,1412,-580,1795,-3254,-12,3464,-3696,-497,2497,446,-1537,-882,2379,-495,-2700,3308,-1131,-1037,1639,-812,-260,529
957,-1223,819,-118,260,1888,-3761,405,2235,-2439,-76,1415,672,-1087,-1227,2549,-1302,-1119,2140,-1625,254,402,-419,348,-261,-331,907,-1255,863,443,-1116,995,-296,-314,782,-1146,3469,-2996,-2331,4104,-1351,-2432,1853,1401,-259,-2390,1773,1338,-3221,1597,484,-845,548,-455,-1052,430,924,-1382,458,543,-716,879,-1422,3292,-1325,-3838,3060,-205,-1696,1202,224,1128,-1936,-21,1945,-2171,976,-16,-165,501,-1221
-536,640,-697,611,273,-768,1258,-699,1953,-1574,-3351,4729,-324,-3941,2009,1444,87,-2350,599,2620,-3072,650,1024,-781,61,-264,812,-310,-326,987,-864,247,997,-1269,726,-741,1218,2015,-5321,2578,1600,-2954,487,-168,2334,-985,-2047,3104,-1556,-475,614,-100,576,-1315,-1042,1013,-146,-517,574,-588,829,-760,1210,1810,-5339,1904,2252,-2677,631,-496,2232,-303,-2685,2972,-955,-881,816,-865,1039,-945,330
81,-842,1022,-306,-10,339,-966,1326,-1500,1272,3408,-6286,1420,3625,-3467,-406,654,1951,-447,-2530,3044,-1425,-967,1344,-379,21,-648,-183,-624,1309,-904,-376,1044,-817,1036,-1288,780,3273,-3778,-1220,938,767,-141,-2185,3337,499,-3461,1967,29,-47,-890,155,751,-1007,-19,138,-91,-1054,1400,1235,-1096,-2470,1855,1725,-2802,-1432,3648,-267,-1951,1384,-195,25,-540,557,230,-737,435,205,-705,577,-64
-689,1055,-784,-253,1439,472,-1141,-1657,946,1878,-3711,1517,3079,-2730,-342,596,688,-558,-1471,2197,-812,-1082,1490,-552,-161,232,-173,512,-558,125,1129,-2059,1832,-400,-816,772,-300,2910,-3894,-891,3371,-2218,195,-271,1521,598,-3428,3058,-328,-1492,1060,-506,135,-195,-971,732,-874,995,-219,988,408,-3339,731,2071,-2943,1700,745,212,-1063,-1209,3240,-1825,-1361,2583,-1337,-245,756,-563,470,-388,213
290,-980,1535,-1134,370,176,490,1144,-3603,1117,2109,-2966,489,717,1674,-1440,-1797,3738,-1616,-1569,1751,-304,-938,463,217,-34,-603,1193,-324,-461,850,508,559,-2682,175,2620,-3198,298,2409,-585,-370,-1319,2085,-101,-2764,2488,-81,-1631,1378,-303,-496,548,-354,529,516,-1477,2608,243,-3688,1290,580,-763,-155,472,2294,-3126,883,1049,-1296,867,-833,632,-91,-562,979,-530,-474,1040,-309,-493,537
-990,359,610,-1311,1000,-134,-123,739,-1958,2399,1366,-3996,726,790,-623,106,-846,2524,-1348,-112,467,-955,1193,-1115,239,601,-1084,-501,1477,-1805,403,2550,-1420,-1950,919,235,-1234,-428,2428,-53,-2181,1311,-87,-172,-615,720,127,-1162,957,347,-1325,860,553,-869,-447,597,-697,605,181,-1074,1732,-1625,1674,967,-4505,2087,719,-1639,1064,-1051,2362,-1166,-1124,1896,-1604,973,-378,-306,769,-1187,970
-509,820,-722,439,464,-716,1157,-1416,2673,-818,-3696,3061,566,-3325,1901,788,509,-1913,-54,2532,-2692,290,1408,-1154,198,110,254,681,-425,-485,1228,-925,690,-639,875,1713,-4273,1122,2047,-2063,857,-540,1000,671,-2639,2054,-223,-909,898,-564,727,-729,133,809,808,-1092,913,-571,881,1945,-4201,925,1528,-85,-1815,-1063,4514,-1159,-3572,3699,-739,-1151,194,460,525,-1491,1074,261,-1051,670,440
77,-878,1924,206,-2617,312,649,359,-2247,1203,2837,-3445,863,1225,-1080,50,-392,772,-237,-720,1019,-409,-385,396,80,-127,202,876,-1789,-942,2788,-2780,-38,2484,-578,-366,-915,1255,542,-3047,2498,16,-1765,1623,-601,-228,337,-282,174,-51,-290,826,-861,361,-1299,1520,-630,-271,1217,-1785,737,1128,-1800,2373,-222,-2181,395,59,571,-1458,847,1568,-1801,803,-592,243,769,-1928,1813,-675,-600
1812,-1319,36,923,-1343,1071,13,-481,2876,-3588,-261,1811,-920,170,-1066,2649,-166,-2739,2437,-475,-389,89,-326,1324,-1656,543,1133,-697,-1079,1870,-1046,-83,891,-954,1240,-755,905,1283,-4692,1898,1953,-3022,1188,487,639,-1045,-438,2091,-1908,-66,1334,-1495,940,-712,-1101,1194,-546,62,654,-1281,978,63,1773,-757,-4068,2662,1430,-3961,2578,1230,-663,-1308,449,1713,-2074,-291,1986,-1485,153,360,-622
777,43,-596,1836,137,-2839,650,733,674,-2511,827,3551,-3144,-327,1611,-692,-256,-613,1109,-218,-1085,1635,-1231,264,897,-1100,522,237,-929,1187,-879,373,364,-1059,1160,-714,2869,-2210,-3389,4467,-1148,-2839,2537,159,633,-2271,1023,1788,-2807,925,942,-860,273,-761,1187,-945,93,587,-575,838,1789,-2306,-1404,394,2303,-2611,-640,4035,-1580,-1644,1502,-181,-210,-880,1027,307,-1528,1316,-349,-399,715
-230,18,953,-1421,46,2188,-4,-2995,-86,3048,-1915,-2335,3789,-198,-1563,935,-187,347,-920,168,1147,-1388,688,124,-495,636,-546,196,-1094,1082,-276,-339,661,985,-585,-2852,1486,1674,-3952,2071,1656,-435,-1304,-484,2191,-1181,-1727,2671,-1009,-564,479,-93,189,-384,-1424,1364,-36,-752,699,1093,-622,-2359,1263,1547,-3402,1889,1036,-407,-403,-827,1857,-707,-1546,2079,-460,-1060,827,-229,145,-435,307
-1472,1075,-48,-807,2330,-849,-2102,560,873,-832,-1486,3007,208,-2673,1651,-45,-307,-130,-466,1062,-955,157,717,-943,241,491,-100,-1721,1258,195,-954,1176,-825,315,787,-1691,2314,539,-3551,1233,31,-271,-866,881,2305,-3047,777,1250,-1538,547,-261,285,132,-989,-648,-208,2352,-329,-2448,34,400,1281,-2283,858,2493,-2018,-219,349,845,-893,-942,2133,-937,-959,1766,-1060,-40,730,-792,515,80
752,-1766,1873,60,-1405,2467,-694,-2447,1189,-394,1205,-1451,388,1846,-2489,834,279,53,-319,-833,1313,-677,-719,1625,-1081,-47,979,-53,287,-1338,1645,2029,-2331,-1681,568,1606,-1012,-1917,3266,257,-2589,1411,-45,133,-718,570,493,-1348,1035,169,-978,799,-63,-322,1319,-1501,174,1347,346,-767,-1610,893,956,-3198,1956,1624,-1655,399,-542,906,-506,-839,1161,-513,-178,369,-351,315,-143,-366,1088
462,251,-632,599,-790,960,-399,-473,3373,-3577,-898,2790,-935,-1382,-291,2538,890,-4480,2924,862,-2769,1265,272,-93,-429,287,477,-361,961,-1487,1096,2231,-3379,-501,1372,247,-1534,-199,3593,-2042,-1639,2845,-1619,-50,268,84,138,-897,791,211,-847,800,-340,207,836,-1198,1222,-594,-166,827,-202,1885,-3526,312,2396,-2300,-155,429,1659,-171,-3039,3296,-617,-2002,1883,-274,-316,66,112,130,-491
