413,-24,492,-1776,983,766,552,-275,-2477,2147,2411,-2535,-3565,2416,1194,-350,-769,-163,2289,-1194,382,-598,-622,1328,-464,7,-863,916,-788,275,-329,538,1067,-1477,-128,635,2031,-5404,648,2700,-270,-1971,775,1508,11,-1875,1656,-501,-260,-782,1157,-163,-677,599,-182,-797,2107,-1753,703,-120,1149,-59,-1815,2658,-1428,-4331,4068,1425,-2677,-456,2159,-363,-711,654,105,-322,-1456,2269,-535,-77,-956
-508,-1293,1656,-581,293,-1118,2273,-403,-1508,1644,846,-4343,606,2247,531,-2883,1660,518,321,-1487,483,926,-1092,109,215,835,-1061,918,-610,-575,470,174,-912,2067,-758,-1733,781,3475,-4240,-1687,3605,-6,-1488,-519,2262,-599,-668,-158,814,-836,576,-763,860,-932,-564,724,-675,1172,-1804,1343,471,242,-2043,1867,643,-3771,501,2912,-1472,-669,-181,1822,-699,-1126,1217,-876,930,-1159,1105,-542,259
438,-368,1333,-1148,-302,1041,887,-1623,707,1601,-2654,-3544,5485,-1005,-1027,-447,1163,241,-801,700,-634,51,-265,635,-622,657,-653,-517,535,-316,1519,-1384,-405,2161,-1640,-2114,701,2114,-1542,582,-319,749,-470,875,-888,-140,173,475,-1308,995,310,-867,680,-798,33,-154,421,-1314,1434,-499,1766,-2924,60,3515,-940,-3848,1068,2771,-2136,-609,864,883,-414,-351,-210,638,-882,1126,-1196,1136,-460
839,-407,-716,1258,-1060,845,-1142,2215,-553,-1904,1733,1596,-3647,-95,1709,542,-2485,2089,-275,605,-1053,598,-69,-663,1234,-849,398,1304,853,-1706,327,1388,-382,-3278,2040,334,-203,-1191,1372,413,-611,-214,447,-1024,1230,-725,203,-240,-9,596,-519,703,-1024,1458,693,-674,1049,-1606,1085,999,-478,-1465,2090,-998,-1724,1394,294,-945,598,-361,826,-172,-210,382,-1341,1251,-480,935,-1559,896,-141
-300,-64,55,1144,-2168,1389,874,-100,-2256,2744,180,-4679,903,3669,-1933,-524,-642,2766,-1592,-402,381,-180,-24,-506,951,-391,388,509,-13,-699,497,309,1466,-2790,1774,-346,-1620,-1245,3110,-823,-1287,627,1054,-261,-899,877,-196,-620,81,979,-1292,1124,-919,1276,-397,-585,1293,-782,-624,1001,381,-91,-2940,4439,-514,-4067,1167,2321,-1699,-219,244,1361,-1689,1348,-817,87,-222,436,23,-627,1182
-846,764,-109,-422,243,44,1374,-1138,-1520,2041,2031,-3748,-1742,3919,-1327,-321,-472,1586,-284,-272,-779,698,-314,315,-955,708,58,499,-618,92,-144,1194,-2016,1320,30,1997,-3883,743,3661,-2767,-3281,3272,769,-1833,-629,1935,-184,-570,-185,-8,804,-1402,1373,-757,74,617,-1550,1680,-1193,745,-76,1745,-2617,812,1317,-1994,-1352,2460,-1265,550,-799,964,-65,-159,636,-1472,947,-532,688,-869,790
-1369,1035,-481,-132,226,1241,-1030,-787,1518,966,-4460,1965,375,-479,-1000,1055,1066,-1065,126,114,587,-1131,876,-411,483,-1198,1137,1246,-1208,254,-243,1114,831,-2211,580,1629,-868,-2926,2305,772,-1663,400,1012,-106,-299,-514,1327,-1669,1262,-612,110,-306,149,705,326,-92,-1084,1719,-1092,897,-1612,1470,1422,-1229,-1670,2595,-885,-2107,945,1276,-2123,1102,77,397,-114,-175,725,-1817,1504,-188,272
-1334,1065,-468,781,-1303,738,1588,-1441,-1146,2801,-965,-2261,52,2647,-1949,420,-419,1911,-914,-225,162,-554,732,-258,29,-473,611,247,-608,-90,1006,595,-2419,1838,422,-1330,-1420,2528,-1912,721,-199,829,-392,141,221,-615,-499,1292,-300,-779,481,-566,1477,-1274,-423,819,-330,-426,-30,415,-691,1684,-1468,2200,-3400,2364,1010,-3109,-585,2011,-512,-208,-131,686,-877,718,199,-911,370,-33,631
-103,-815,1207,-1264,1473,-804,1595,-2009,-285,2775,-221,-3923,1415,1382,-332,-1872,1935,30,-93,-1135,663,768,-1524,956,-679,926,-1133,165,-1122,1308,-453,-100,-56,1367,-1089,-1374,2853,-461,-4146,2391,792,-580,-1390,2544,-872,-168,-376,983,-654,-820,881,431,-702,-562,413,132,-1183,1286,-1056,1544,-378,-1354,1434,1490,-1935,-2611,2676,396,-1653,51,1220,89,-57,-693,1532,-1476,634,-616,763,-50,-1072
1342,-1870,1048,-635,560,-943,1267,738,-1516,-487,2885,-1807,-1813,824,1659,-2786,1408,625,-399,-267,-35,1048,-1824,1253,-169,0,-924,385,157,-365,441,-1002,1450,652,-1417,-812,2901,-565,-4727,2584,1069,-684,-1045,1034,995,-620,-973,1583,-1056,476,-517,537,-539,245,160,-933,1289,-1430,681,220,1673,-2853,280,2413,-1833,-1313,1428,-58,-94,-908,1953,-915,690,-1287,1080,-610,683,-575,-66,-323,255
273,-667,215,328,12,-585,1410,-1315,-648,2496,1356,-6103,2129,2066,-2037,-76,278,956,-340,-303,497,-55,-302,696,-850,789,-1076,3,-850,1597,-666,-234,1119,-2130,1601,992,-1197,-2699,1912,14,161,-565,411,199,313,-736,837,-957,741,-898,458,396,-1064,1107,-989,432,-971,1690,-1157,-44,1366,-436,-1788,2003,1827,-5297,166,3543,-791,-1676,530,1155,503,-2256,2422,-1283,-234,-57,581,45,-1068
-1181,72,786,-433,-303,-312,1337,657,-2830,1231,2747,-2592,-2710,3078,954,-3178,1430,-49,1408,-1456,644,-220,-93,-131,308,-598,422,247,-63,-1213,1809,-162,812,-2669,2122,691,-1837,-1228,1745,-213,-763,167,1447,-1041,187,-285,506,28,-569,701,-1158,1384,-1164,1064,-1651,859,54,111,-797,-94,1751,-175,-3027,2846,1414,-3117,-1851,3878,-800,-2578,1706,178,959,-1562,1294,-894,51,180,358,-1038,749
-12,-695,453,-214,498,-760,749,1237,-3561,2579,1931,-2560,-2950,3399,-301,-1203,-46,1403,-297,-334,-122,895,-1518,1022,187,-743,660,155,206,474,-1349,1867,37,-1705,855,1911,-3181,-1163,2378,250,-1979,1257,-190,1438,-1849,1383,-544,-466,375,264,-163,-696,717,44,-671,582,174,-496,283,-363,2650,-3281,360,2215,833,-4837,83,3565,-1178,-1085,-44,1619,54,-891,-421,851,-306,273,-1355,1729,-604
-431,961,-41,-1024,885,-555,810,-772,2450,-3511,1543,2080,-3551,-1227,3718,-950,-1119,-364,2069,-613,-379,-352,683,-486,-583,1279,-682,-930,-328,1553,-1346,520,-355,1933,-1291,-1329,2597,-714,-2970,2366,-557,-86,-958,2120,-829,-4,-12,317,-494,-336,1559,-975,-42,-785,61,339,-548,-795,1525,-310,80,-194,-2155,2552,2213,-4374,-541,3274,-1131,-2930,3100,-722,528,-1286,1828,-577,-969,450,1313,-1205,-559
-210,250,-384,127,336,-85,1656,-3128,1469,2079,-2337,-3048,4307,-553,-1297,253,697,36,-205,-543,775,-653,157,332,-699,1227,-1548,929,-1789,815,474,-493,-136,-325,2681,-2505,59,2238,-2403,-2395,2407,712,-767,-981,2181,-812,306,-762,857,-577,-407,1398,-1122,429,1696,-847,-883,1233,888,-2964,969,1420,-1407,435,-483,1227,-1004,377,159,48,-674,1079,-800,260,-611,688,-27,-348,741,-1015,1201
721,-141,-236,-581,1476,-339,482,-1666,3002,-3282,-1143,1853,643,-1027,-508,810,1018,-1447,442,-252,110,-232,-282,831,-658,645,-978,-227,-330,577,-1155,1834,-1228,1109,-1016,-1515,3485,-21,-3963,914,2166,-1415,-978,1527,-441,127,-311,583,-51,-1204,1476,-1006,1008,-1135,-876,30,56,22,499,-1364,1977,291,-2598,1147,3785,-5621,-1328,4873,-655,-2580,1580,74,1124,-2224,2257,-1065,-644,39,964,-17,-1130
987,-272,-501,689,936,-975,-762,1332,815,-4340,527,2257,105,-838,-794,2406,-1053,518,-982,730,-393,75,-571,870,-313,-357,169,1434,-1522,-29,1005,1272,-3793,-634,2574,-293,-434,-836,2023,-301,-836,-7,955,-976,-42,-414,1386,-1228,-226,770,392,-235,-1441,2566,876,-1086,2117,-3051,2472,-750,-1107,-32,840,-657,-680,897,606,-668,160,626,-622,165,-139,761,-1284,1050,-1168,1267,-244,-213,-6
435,-1165,456,467,-524,704,-238,553,-3017,4797,-945,-4149,1035,2202,-1431,-515,370,1782,-1633,542,-103,314,-532,456,426,-1328,1075,-653,675,-1193,542,456,-227,201,551,-2551,836,4678,-2894,-4170,3207,1241,-1915,-309,249,1903,-2178,1291,-227,354,-956,276,-70,234,98,-250,-262,510,547,-1265,2618,-3257,1693,994,-1318,-1683,634,1272,-549,-94,-104,380,-127,498,-886,558,-4,477,-1567,1526,-153
753,-1324,1340,-522,1698,-2099,921,754,-1974,-884,1699,436,-866,-129,938,-138,-464,159,-122,910,-1717,961,-390,866,-947,63,610,1496,-1022,-319,326,768,-1319,1001,-586,1835,-2658,855,2193,-1121,-2802,2155,322,-1408,-68,1676,-1230,672,-503,339,-317,-175,1110,-1505,211,830,-797,-221,2623,-4029,-830,2665,-25,-684,-636,1564,-390,304,-786,642,-741,349,-240,878,-978,617,-471,535,436,-1098,1444
439,-135,-565,240,528,-920,2035,-1851,-979,2314,2283,-6249,537,3400,-1215,-722,-397,1288,270,-917,-95,661,-562,648,-880,1366,-1311,-94,431,375,-1087,1017,-861,876,-1051,2602,-2355,-853,3315,-1432,-2976,2436,397,-982,-729,1220,114,-354,-95,-88,929,-1617,1921,-907,-1267,2092,-1203,462,-476,1411,-1849,1073,842,-2146,-778,2283,-1307,523,-1001,1315,-214,-387,893,-1261,482,-218,1058,-1242,599,-616,971
1478,-1152,416,-1025,1583,-1002,744,504,-2147,1415,2396,-3947,-204,1246,1085,-2292,1377,-197,845,-1644,963,469,-1460,789,405,-76,-1167,333,472,-730,-472,2067,23,-2819,2388,-125,-2777,-371,3967,-2532,61,204,1335,-777,-427,515,-223,-707,1278,-231,-838,516,-406,1374,-1329,2382,-1241,27,358,1269,-1639,706,306,-2903,675,2147,-1637,986,-653,1395,-1488,1077,-462,-269,-107,-44,856,-970,787,-474,552
-229,1006,141,-1755,1367,1743,-2711,-348,608,737,-2338,1852,-99,414,-777,491,-91,-187,169,412,-894,368,-82,-257,699,-356,576,295,-27,-370,995,-798,1292,-1895,3025,-2640,-1328,1240,1142,-1342,-423,988,492,-1103,672,-14,-473,-297,781,156,-1063,863,-730,1724,386,-121,-1312,1832,-1144,662,-543,1980,-1654,-164,1903,-3005,-664,2646,-482,-1016,211,1272,-770,-567,1100,-544,-131,-589,1641,-1262,357
209,1046,-1707,931,-583,1157,-1591,1272,936,-2060,-55,3169,-2351,-1597,288,1976,-1830,416,445,74,-190,-428,1286,-1687,1112,-431,231,756,-1143,48,2220,-3083,265,762,404,-2305,1588,919,-987,-31,433,501,-1158,665,244,-205,-1127,1221,-450,885,-1383,1039,-520,573,459,-946,441,558,-494,178,-103,1139,-2891,2508,1703,-4793,320,2377,-58,-1871,677,961,260,-1411,1002,-156,-162,-290,1071,-1334,637
1364,-1289,786,-28,-1133,560,1078,-1237,283,-704,3042,-2987,1486,223,-1659,-785,1597,-114,-443,-248,1277,-821,492,-42,-305,-437,423,-127,-952,659,863,-1562,712,-231,2362,-3011,556,2735,-2741,-2931,4258,-214,-1333,-508,1807,-636,288,-880,851,-571,-464,1323,-1019,548,-727,-33,756,-780,796,547,-1005,-922,3310,-2211,-2387,1864,795,-1318,1128,-1174,1535,-1335,1351,-790,-704,716,54,-306,-389,1064,-755
552,-1296,1261,1045,-1602,-133,1644,-1003,-1538,61,2244,-1998,713,-635,1412,-754,-113,34,1,385,-588,175,37,776,-1310,1257,-716,-325,675,-682,98,460,610,-1331,426,2011,-2002,-2419,3757,-1610,-8,-431,1145,-534,436,-388,144,-619,796,-413,47,-361,289,-34,300,-408,4,520,-1035,1287,-147,399,-1573,3394,-3955,-1798,4248,-702,-1505,483,397,529,-869,41,851,-1111,250,294,1019,-1850,940
367,-717,893,-950,807,-1279,2332,-375,-1897,1118,1799,-3116,-544,2205,-93,-2003,1284,605,-422,-352,-198,1434,-1941,1593,-735,235,-845,-1447,1709,-1077,765,-905,1211,485,-1670,1072,576,-2531,894,-147,822,-1536,1741,-298,-125,-184,577,-115,-1087,1526,-333,-177,-966,1327,-109,-979,1177,-333,59,-536,588,1452,-2944,873,3520,-4256,-745,1986,913,-2446,1208,52,1249,-1740,658,198,-407,149,310,-669,91
-175,-1076,549,614,-629,172,-251,1563,-3269,2901,1260,-3159,-2065,4200,-643,-2272,605,1529,-896,146,-224,759,-1277,671,660,-1386,1167,-45,1338,-1884,1118,-738,1047,-1106,1585,-236,-2199,1940,1544,-3797,161,990,1666,-2537,739,771,306,-1209,236,1088,-1111,518,-163,808,-295,233,384,-1144,1880,-149,-1036,-791,3093,-2209,-1591,1664,258,-982,-377,2057,-676,-483,465,334,-1032,1195,-687,275,-844,613,337
-153,-817,700,-892,1094,-485,-281,1716,-2801,1183,3172,-2498,-3647,3146,1018,-1883,46,897,231,303,-1564,2067,-1683,735,-166,32,-262,-29,1114,-1827,873,-525,1683,-1639,403,1380,-1356,-644,3110,-2006,-2071,721,2146,-2449,972,38,591,-962,493,1190,-2337,685,735,459,686,-1434,124,511,302,-546,1082,-475,-1763,3401,-1417,-2837,1986,145,63,-941,1795,-1297,780,-912,1171,-977,-221,948,-79,-867,-55
521,-34,-302,98,1044,-2530,2700,-52,-1582,-2007,3005,-579,-1137,365,451,-148,-45,97,-105,-379,535,211,-1258,1465,-960,759,-1026,-176,-566,574,-905,1477,-1783,2263,-897,-1360,2040,832,-4092,835,2439,-857,-2061,2456,-471,159,-1475,1605,-244,-1421,1365,-200,566,-1554,-1163,61,453,-62,-797,524,1141,-1122,-1342,3601,-2352,-1712,1050,1348,-1414,-980,2199,-200,-289,-541,967,-870,297,234,183,-1128,1143
211,-672,-580,1886,-1504,1027,-326,-13,-1164,3229,-1436,-3834,2201,1701,-1743,-359,473,1415,-1325,25,957,-926,516,-590,1101,-1347,759,120,-542,-323,-221,1719,-1773,1425,3,-805,-730,3647,-3002,-2074,1531,959,-1327,679,-264,1131,-1702,965,666,-1806,908,-96,948,-1721,733,623,-1500,449,-26,1180,-1917,1751,585,-1927,91,3483,-3270,-1726,1951,1366,-2759,1634,-58,544,-997,401,943,-1488,1108,-244,223
-1560,1277,-238,282,-847,1359,-146,-1774,1859,659,-3567,1953,-158,-70,-874,1384,-255,-717,543,46,236,-1099,1143,-325,101,-1115,1463,-464,677,-1067,1263,-1047,218,403,1500,-2222,667,2144,-3937,-378,3304,-1094,-768,-33,1843,-1146,-269,1063,-971,235,-698,1558,-1088,720,-57,-260,-348,828,-1464,1680,552,-1586,-572,3720,-2627,-2619,2270,960,-1680,1002,-748,1770,-1974,1600,-430,-851,363,288,116,-813,988
92,-252,47,119,-811,1231,1014,-2466,25,3563,-1677,-3870,2595,2029,-3373,819,219,1967,-2128,477,571,-336,-650,874,-525,17,27,133,-283,120,343,-446,-294,1987,-703,-1340,204,3880,-4876,-1906,3430,943,-2360,-206,2189,-312,-1446,614,803,-1001,-99,308,941,-2047,-300,887,-197,-1254,1428,-225,2269,-2947,1145,885,-1904,-1867,2888,0,-1250,186,1410,-754,-173,-242,642,-594,-367,1022,-1385,1315,-852
-309,717,-1226,1125,-954,1421,974,-877,-1124,2213,-2670,-2267,2681,1250,-2677,1353,707,351,-1197,169,1653,-2372,717,438,624,-1770,778,-206,121,36,436,336,-1595,3273,-2506,-1080,782,1719,-2650,-146,1514,292,-804,-66,899,-838,-277,890,-12,-1008,627,-589,1604,-1451,759,-765,-569,1015,-459,595,-1036,1526,-2391,1853,2415,-4101,-1408,3343,88,-2067,417,1130,54,-1220,920,35,-717,98,1332,-1758,759
-574,3314,-3317,-707,1409,162,-1001,693,145,77,-1119,2112,-1469,-218,105,911,-634,-1171,1558,-215,274,-1292,1751,-549,-363,-129,1100,-665,-22,-899,1659,-941,-298,641,1090,-1702,-1228,4227,-1665,-3850,1787,1759,-701,-1152,462,1975,-2034,832,-548,1078,-1152,165,10,113,-1454,1475,-573,-19,197,300,140,-1079,-673,4041,-2719,-2204,936,2517,-2127,-327,484,879,-608,-914,1431,-865,204,-19,303,-718,800
-231,-441,637,1605,-1544,794,-313,-1721,-1395,3756,-1372,-770,362,1103,-712,-86,201,-97,-758,984,-223,-952,977,-655,1161,-1509,1455,683,-782,-529,1313,-661,-66,260,1305,-2315,-189,5057,-4552,-2066,2464,1653,-2201,-248,1368,810,-1899,1257,-77,-374,-433,503,801,-1633,-931,-199,873,113,-1685,1615,-111,1500,-3125,2357,113,-2588,425,1600,-1590,213,65,1152,-1377,485,837,-1354,525,-86,976,-1549,905
-261,293,-742,1393,-1955,1521,575,-744,-1818,3737,-79,-4793,959,3894,-2616,-43,-505,2501,-1483,-392,664,-361,-26,-225,834,-773,604,1361,-1015,-918,1978,-193,-3131,1242,1000,-1379,216,-98,1810,-1530,601,-341,509,-807,672,-373,270,-891,473,498,-127,-48,-652,1619,452,245,-150,-479,2353,-1766,496,-72,-1513,-1446,3989,-1589,-1641,1425,450,-55,-1392,1507,143,-1414,49,1744,-1191,16,-812,1202,134
