135,-1400,1784,-795,-346,1115,-2342,2594,-558,-1801,2556,-1831,502,201,-574,1164,-815,-748,1154,-287,-591,585,-1269,1844,-2511,1837,746,1062,-2037,1565,60,-1508,2486,-2363,1563,-660,-748,2078,-1761,274,529,-545,402,-63,-773,1746,-2173,1024,1060,-2085,2101,-2173,1455,713,-63,887,-2089,1407,938,-2328,2442,-1660,418,601,-1709,2782,-1785,-407,907,-541,443,33,-833,1108,-578,-1093,2490,-1940,490,662,-1970
-1073,1899,-1868,1398,-1763,1183,551,-1885,2190,-1725,1002,-680,727,67,-1327,1667,-1151,586,-330,60,566,-1762,3162,-2704,1408,-937,865,-704,949,-1388,1606,-1539,482,890,-1492,1766,-2085,2837,-2253,819,377,-1067,1132,-654,225,60,-1014,2580,-2910,2367,-1651,902,-555,83,311,-966,1396,-1925,1504,-117,-1027,1516,-1944,2686,-2568,1990,-1034,-336,919,-776,662,-662,126,1029,-1990,2522,-2583,2214,-1667,679,216
504,-1481,2034,-1700,1073,-822,151,1213,-2374,2752,-2083,1080,-343,-16,358,-1052,1178,-256,-708,1256,-1694,2091,-2407,2514,-1840,304,116,-967,1577,-1497,1340,-1573,731,834,-1781,2209,-1997,1517,-1249,1092,-200,-965,1064,-512,24,400,-727,1286,-2284,2877,-2304,1159,-804,223,982,-1220,1357,-2134,2154,-925,-864,1787,-1914,1780,-1565,1587,-1130,-269,761,-567,545,-535,264,52,-988,2557,-2863,2236,-1824,1324,-370
1832,-1997,1643,-1469,1040,-337,-681,1896,-2112,1571,-1231,1377,-717,-580,1128,-1352,894,266,-855,1199,-2345,3464,-2673,1294,-408,-342,648,1298,-1300,1546,-1831,1611,-1178,-2,1679,-2290,1974,-1707,1560,-997,29,771,-1347,1148,-181,-500,850,-1732,2988,-3118,2405,-1483,414,219,-911,1049,-1629,1955,-1901,1103,258,-1080,1317,-1959,2606,-1909,700,314,-1228,1337,-849,551,-110,-1079,2354,-2648,2459,-2178,1711,-1211,105
840,-1526,2020,-2238,1765,-562,-255,439,-1092,2311,-2606,1850,-535,-651,1099,-923,948,-1019,276,1237,-1947,2416,-2570,2122,-1816,1432,-534,-659,1279,-1988,2306,-1914,1406,-808,-422,1751,-2228,2080,-1232,324,246,-587,919,-1256,974,-13,-855,1608,-2237,2729,-2608,1981,-916,-139,15,707,-1465,2049,-1911,1611,-1858,1034,884,-2050,2122,-1583,730,-367,290,565,-1443,1129,-219,-340,939,-1422,1837,-2551,2882,-2177,1024
-887,1593,-1762,1794,-2084,1785,-335,-1091,1792,-1740,1737,-1318,786,111,-1295,1484,-749,202,133,-836,1445,-2188,2862,-2608,1747,-1388,711,698,-1626,2306,-2173,1890,-1662,1139,-152,-949,1922,-1843,998,-340,220,145,-1067,1503,-1424,781,400,-603,896,-2028,3481,-3037,1620,-476,400,603,-1496,1762,-1326,888,-612,-690,2382,-2833,2605,-1853,985,-664,193,526,-1002,526,125,-621,1158,-1575,2184,-2644,2127,-806,-412
-953,1378,-1193,1034,-1383,723,1038,-2392,2919,-2446,1526,-1122,978,-306,-743,865,-221,-121,545,-969,1407,-2036,2645,-2109,790,-223,-572,1067,-1153,1205,-1481,866,328,-1324,2062,-2243,2361,-2162,1490,-459,-556,753,-450,312,-48,-452,1236,-1914,2490,-2101,1139,-1250,798,885,-508,1941,-2475,2286,-2200,1901,-1140,-171,1130,-1445,1293,-712,237,295,-1280,2043,-1917,1136,-515,-356,1018,-1553,2263,-2350,1485,-965,903
-563,1432,-1537,1420,-1334,1241,-936,-534,2468,-2704,1905,-1411,1419,-1085,12,873,-1401,1048,81,-898,1132,-1738,2986,-3198,2029,-735,-346,-1194,1260,-1467,1325,-1096,315,1114,-1814,1954,-2143,2357,-1540,359,529,-1257,1237,-655,55,601,-1642,2665,-2733,2300,-1850,1265,-625,-557,-404,792,-1521,1940,-2007,1315,-33,-980,1232,-1659,2783,-2779,1538,-145,-1062,1339,-773,581,-569,-449,2091,-2748,2867,-2241,1236,-899,543
297,-823,1349,-2118,2038,-970,-303,1043,-1700,2596,-2698,1999,-1077,-136,775,-870,728,-668,146,1049,-1870,2302,-2498,2257,-1701,732,273,-672,-317,1167,-1841,2029,-1418,681,-411,-766,2544,-2953,2439,-1313,135,247,-135,574,-1090,581,597,-1459,2007,-2071,2032,-2450,2032,-696,563,-1566,2156,-1662,797,-669,130,1317,-2410,2667,-2217,1616,-777,233,277,-1192,1303,-538,-177,943,-1592,1894,-2311,2800,-2242,961,-412
-796,1465,-1544,1560,-1895,1157,227,-1599,2089,-1802,1525,-1533,1402,-470,-844,1211,-611,31,240,-574,1320,-2277,3006,-2444,1037,-763,488,910,-1157,1251,-2161,2081,-749,-792,1864,-2188,1899,-1648,1882,-1239,-215,752,-648,522,-142,-263,617,-1529,2652,-2836,2122,-1561,583,518,-661,1140,-1933,2180,-1471,110,588,-1114,1859,-2132,2452,-1652,223,307,-105,294,-723,599,-213,-783,2099,-2228,1779,-2306,2230,-1088,-515
-55,1419,-2109,2157,-2367,2496,-1714,188,782,-1269,1521,-1086,653,15,-1275,1996,-1747,1085,-711,-32,676,-1439,2678,-2565,1464,-1081,1049,1321,-1405,1090,-1031,819,-333,-885,2665,-2871,2001,-1483,1508,-1080,215,660,-1258,1151,-252,-543,960,-1747,2985,-2990,2111,-1117,-139,783,-851,1047,-1392,1320,-1333,568,933,-1671,1933,-2282,2614,-1901,651,439,-1302,1265,-603,-41,452,-1338,2626,-2920,2236,-1548,896,-338,-716
-358,589,-1329,1704,-1762,1130,361,-1331,1451,-1884,3036,-2916,1525,-132,-1047,1149,-602,395,-141,-829,2150,-2474,2589,-2088,1109,-622,-23,74,-701,1296,-1982,1591,-551,-653,1207,-1776,2916,-2889,1928,-884,-208,681,-689,620,-621,-43,1295,-1999,2271,-2299,1948,-1571,864,403,-313,1085,-1794,1799,-987,185,210,-1261,2895,-3245,2669,-1429,87,344,-324,606,-931,405,743,-1520,1984,-2132,2097,-2274,1629,-170,-1274
612,-1589,1875,-1205,417,-177,-619,2180,-2761,2734,-2250,1148,-426,-46,551,-1080,617,231,-733,1332,-1830,1984,-2176,1820,-778,-270,549,5,-1091,1576,-1336,1012,-946,58,1663,-2712,2914,-2317,1666,-1397,853,147,-1327,1161,-347,-171,567,-1013,1586,-2378,2911,-2075,438,-43,-704,1166,-1825,2434,-2142,1050,-630,-266,1656,-2210,2001,-1209,213,451,-806,1041,-1454,1182,127,-1298,2035,-2172,2172,-2316,2238,-1151,-564
-1,754,-1766,2527,-2060,1117,-1375,851,551,-1868,2476,-1885,616,56,-104,484,-1342,1588,-710,-440,1442,-1785,2036,-2328,2539,-2089,871,-780,1758,-2064,1717,-1930,1486,91,-1481,1895,-1787,1529,-1023,589,320,-1438,1471,-753,170,353,-872,1483,-2397,3145,-2429,928,-553,345,1427,-935,-181,989,-1726,2017,-1714,387,1944,-3005,2044,-846,-330,1912,-2124,735,564,-1256,816,454,-1210,1519,-1624,61,2178,-2786,2278
121,939,-2165,2292,-775,-950,1976,-2429,2177,-385,-1507,1967,-888,-524,1222,-850,130,693,-2063,2583,-881,-1535,2596,-2246,1390,-484,-691,288,199,-983,1285,-1307,590,1305,-2305,2264,-2319,2606,-2260,1249,-62,-1185,1323,-595,103,293,-1053,1933,-2280,2214,-1663,793,-51,-883,-23,-845,1330,-1423,856,417,-1197,1546,-2314,3508,-2867,1076,119,-718,827,-716,705,-438,-782,1814,-1888,1799,-1735,1250,-1052,79,1796
-684,-115,929,-1635,1298,28,-1075,1487,-1879,2729,-3022,2322,-1032,-362,930,-889,912,-804,34,1140,-1632,1658,-1760,1522,-1051,53,1198,832,-1413,1557,-917,192,316,-886,2522,-2818,2577,-2059,1193,-726,179,694,-1375,796,74,-635,1280,-1628,1904,-2456,2067,-477,-886,1113,-1192,1592,-990,500,-595,32,1674,-2840,3087,-2508,1568,-1059,367,364,-1104,853,-116,-97,617,-1178,1579,-1953,2289,-1605,187,475,-1142
