-14
-9
-3
0
-5
-12
-4
4
-9
-3
-2
3
-3
-4
5
-2
-12
0
-2
-9
-2
-4
3
1
0
-1
-3
-3
-13
6
7
-4
-11
-11
4
-2
-10
1
3
3
-16
-3
1
1
-4
-12
6
-4
-7
0
-2
-1
-6
-5
-12
9
3
-5
-2
1
1
-17
-8
3
2
0
-11
7
-6
1
-2
-9
2
-10
-6
4
5
-6
-6
-8
-2
6
-8
3
-2
-9
-6
1
3
-2
-12
-3
-1
-3
-1
-6
-1
-3
-2
-9
6
0
-3
-5
-9
3
-9
-6
-1
1
-1
6
-4
-16
-2
7
-13
2
8
-14
-3
0
1
-7
-1
3
5
-16
1
-1
-2
2
-24
0
6
-4
0
0
-9
-3
0
-6
3
-10
-12
1
0
6
-11
2
-2
-13
-5
-2
-3
2
-7
-4
-2
6
-10
13
-11
-9
0
-3
3
-6
1
-2
-1
-9
-6
8
-6
-1
-11
1
-6
-8
6
2
8
-13
-10
4
4
-8
-14
3
-3
-5
-1
2
3
-9
-13
0
10
-6
-11
2
-7
-5
2
-11
9
-1
-7
-10
13
-4
-9
3
-2
-8
-4
-6
5
-6
-6
-10
4
-1
9
-10
-23
0
4
3
-11
-5
-2
-8
0
-10
-9
6
-2
-6
-17
9
1
-2
9
-4
4
-7
3
5
-4
3
-3
-8
-18
3
-10
-7
15
4
-11
-4
-10
3
-8
1
-5
-5
3
-15
-2
-7
3
-6
5
9
-9
-10
-12
-5
0
-6
3
4
4
-1
4
-3
-10
-4
-17
-2
-13
7
-6
-8
8
6
-1
17
-8
-20
-17
-29
-25
-17
-1
-2
9
-12
16
18
1
-23
-16
-11
6
14
6
11
2
-10
1
-9
2
-13
-4
-2
-10
7
-7
-1
7
-6
-9
-1
14
6
-7
-10
-10
-6
-3
-2
-7
-4
0
-6
-6
-4
-6
-5
2
-1
3
-11
-14
1
7
5
10
-13
-3
3
-3
-3
-11
0
-7
-7
5
1
1
6
0
-10
-12
-7
8
-7
-11
-12
-10
-6
7
-9
0
-3
2
0
-18
8
4
-2
-3
2
6
3
-9
-5
6
19
-1549
1957
244
791
-251
-786
-125
131
-9
-866
549
691
-829
397
-176
327
-138
-427
506
-157
192
-136
61
213
-528
261
196
-301
-68
56
113
-121
-46
40
-50
88
-112
42
27
-52
3
-9
133
-112
-106
146
35
-102
-20
94
-71
-33
76
-65
-4
-10
-9
-2
12
31
-21
31
13
-54
-34
48
-23
-28
6
33
-8
-3
-2
-23
21
-10
-46
18
25
-47
25
-18
1
36
-19
11
-15
-30
24
-30
-3
1
16
3
-15
14
-17
1
-13
-15
4
1
-25
-9
-2
-10
0
-496
3061
-3326
-717
2252
221
-865
-190
187
77
-375
113
258
-146
57
52
-47
31
-146
34
98
-101
191
-78
-62
-34
13
146
-84
-20
50
10
9
-173
57
18
-32
57
-55
95
-41
-102
75
23
8
-13
-34
83
-38
-62
9
31
-41
4
13
-24
-31
4
25
-38
13
-16
-14
35
-44
4
37
-51
15
15
-10
26
1
-19
-5
3
-13
-8
3
-9
-9
14
-3
-22
-1
-8
16
-31
-6
22
-19
2
-3
-31
25
-1
-11
17
-27
14
0
-13
1
-8
10
6
-22
4
-363
-808
847
722
-190
272
-348
-201
366
-277
-531
284
214
8
-90
-12
142
-116
-27
26
47
-85
-24
135
-213
57
-7
-25
8
1
-22
-22
6
5
-10
3
51
-24
25
-11
-39
17
-48
27
-9
-34
28
15
-10
3
18
-9
-7
-16
-24
22
36
-16
0
-31
-18
20
0
0
-18
-17
11
-20
9
0
-14
3
-14
-5
0
-21
5
3
0
0
-6
11
-4
-21
14
-19
-14
23
-14
-3
12
-22
-4
0
3
-5
-6
-5
-14
-1
-6
-6
13
2
-11
17
-3
-5
15
-23
-5
12
-12
3
-5
-15
-1
3
-9
16
-6
-16
-8
-12
0
1
11
7
-4
-4
-13
-6
-5
-18
-2
-6
-3
9
-6
0
-2
-12
4
-2
-14
4
1
-9
-6
5
8
-9
-7
2
-6
-7
-3
4
-6
-4
-4
-3
-2
3
2
-7
-9
-6
-7
11
1
-8
2
6
2
-10
-3
-14
-8
-4
-2
11
-6
-3
9
8
-12
-10
1
-4
-4
-3
-6
-2
16
7
-3
-4
-10
4
-5
-15
-23
-9
2
-24
8
-6
1
-7
-14
0
7
-3
-5
-1
-5
-10
5
-6
8
20
9
-8
-6
0
-8
-16
-7
-7
6
-13
3
6
-4
-2
1
2
-12
-5
2
-11
2
-10
-11
3
13
6
-5
0
-15
-9
-7
-2
-6
-10
-3
1
11
0
-6
-6
-10
-3
-8
-10
4
-5
-1
-5
0
-1
-4
1
1
3
-2
-7
10
-13
-11
-3
2
3
-18
2
5
-1
1
-18
1
7
-7
-4
-7
2
-8
-6
1
7
-1
-3
-8
-4
-5
-20
0
4
-3
2
3
-2
-1
-8
-7
-6
1
-14
-3
10
1
-3
1
-6
-4
-4
-6
6
3
-10
-2
-4
-9
-8
0
8
-7
3
1
0
-4
-15
-7
1
-8
-1
-2
-1
-2
-6
4
-6
-3
-6
2
0
-5
-4
3
-7
0
-4
2
1
-2
-6
0
-9
1
-1
-13
4
-11
2
5
-2
1
-6
-4
-7
-6
-2
-1
-4
-4
1
4
-7
-8
-3
4
-6
-8
-3
0
-4
-13
-3
-5
-2
6
-2
4
-12
-2
-5
8
11
-13
-8
0
0
1
-12
2
-1
-11
2
1
0
-9
3
-10
-1
-9
-8
0
-4
6
-2
9
-8
-7
-3
-12
5
-7
-7
-1
-3
0
2
7
-4
-14
0
-4
0
-5
-4
-8
-7
-16
-6
12
7
-4
-1
-9
-1
-11
-4
0
-7
1
-3
6
-3
-9
-8
-2
3
-14
0
10
10
-5
-12
-4
4
-4
-4
3
-5
-24
-7
-13
-17
2
0
13
-2
5
-10
-5
-11
3
9
-1
-13
-5
6
4
-16
-36
-34
-20
8
17
0
-10
-64
-40
14
80
96
86
58
-26
-49
-27
-14
-25
-29
13
9
-19
0
-26
-15
-13
-24
32
33
17
-5
-19
-54
-66
-42
5
50
39
11
-12
-10
-4
-31
-4
7
21
34
4
38
43
-12
-52
-48
-75
-75
-40
-28
-14
-24
-15
-38
-28
41
210
203
38
529
-508
-124
-101
292
-156
-302
-64
257
-37
285
-1342
4989
-1815
-1906
810
-511
-1659
1902
-889
685
-98
-945
1229
-943
746
-139
-527
573
-177
320
-453
216
91
-812
474
415
-236
-146
-252
62
-214
208
229
687
158
41
-250
-133
-180
-234
52
239
221
-353
-306
319
316
-338
-131
0
-141
104
93
61
15
11
-146
24
1
49
-100
-1
156
-99
-62
68
-51
0
116
-128
-26
91
-50
-84
25
2
-95
-30
26
17
-7
102
363
167
-29
-153
-101
-199
-43
-24
-58
50
-58
9
19
30
6270
5434
-16691
3999
3251
-2818
-146
1813
-829
168
-1007
630
210
-213
215
269
277
169
-509
190
280
387
-493
-241
-157
-293
-302
-459
186
17
108
-100
174
1153
1798
1351
464
-468
-999
-861
-601
-344
-296
-110
165
10
56
10
60
475
4856
-7434
2723
1664
-2239
-398
-23
140
174
-819
607
-561
770
-555
208
190
-164
121
-61
398
-381
396
-47
-259
305
-145
-401
-234
-90
-287
-121
20
136
144
257
124
1427
1291
103
-322
-572
-536
-590
-265
87
-123
49
-36
127
-73
45
1605
3378
-13076
11816
-3466
-3987
490
1507
-585
-1331
-96
793
-323
435
-589
368
295
-280
-63
402
154
-488
454
-269
-114
-16
158
-318
-147
-195
-147
22
80
211
-127
-53
211
441
1077
774
142
-519
-511
-436
-309
27
-22
-78
252
1466
3794
-8610
7658
-2885
-3773
2028
1660
-451
-97
-1142
211
-78
909
-106
-615
-138
-4
221
321
664
-130
251
-128
-10
-226
72
-165
-126
-263
-107
-389
-455
-484
-286
1275
2866
1664
471
-971
-1074
-999
-591
-195
-45
0
78
91
657
11833
-15143
1147
-2856
-2270
2506
1808
-1464
891
85
-592
94
10
461
431
-337
268
77
-411
315
152
-248
269
-352
129
-657
-199
-342
-465
21
-302
26
197
659
603
-22
82
256
1432
1485
922
-601
-958
-772
-740
-562
-162
-3
53
35
149
8255
11132
-24121
2576
618
1971
1826
-1210
-339
2108
-393
-378
-705
201
328
-47
502
-271
-11
-21
-335
182
-251
607
-254
593
-546
-201
-366
-967
-785
-577
-287
-400
176
96
193
1537
3725
3479
1651
-798
-1781
-1815
-1450
-956
-499
-197
61
148
355
5916
13859
-27963
7541
-1574
-1504
3873
1771
-2835
796
-1193
378
370
-264
671
616
-534
620
90
-176
-174
-8
292
17
37
576
-101
497
-434
-567
-428
-811
-328
-486
-281
-215
25
450
308
505
-317
-516
339
1861
2093
920
517
-523
-1067
-851
-719
-548
-229
-50
17
81
2698
22739
-22948
1312
-9765
2123
-480
1510
1661
2913
-605
767
234
20
-386
61
27
-619
-613
650
-222
124
100
-178
236
-124
303
-200
213
141
122
-42
205
-111
-34
227
105
-329
-120
-16
-238
-185
42
94
43
-10
21
-70
-33
-86
67
17
10
-51
-29
-39
-97
2
144
-48
-7
10
-80
41
116
-2
-58
-31
-36
109
44
79
24
-7
75
-79
-37
-48
-98
-88
-90
-30
-28
-62
2
-36
-36
-2
23
23
-37
32
42
-35
123
105
198
56
-132
-144
-160
55
375
105
-299
143
-180
100
-129
192
183
46
-159
150
-7
-45
12
-22
-51
9
-18
-12
20
9
-2
6
-10
13
6
27
10
-29
-29
-8
-18
-26
35
140
-6
-23
12
-159
-148
76
-7
-4
60
-9
-36
-13
10
18
1
-17
5
40
6
24
8
-47
-10
30
-20
-11
12
-14
-12
-9
-6
-3
2
3
-36
-8
6
-5
21
4
-23
4
-14
-19
17
3
-26
14
-8
-13
9
-4
1
15
-16
-19
24
16
-22
3
-22
-20
2
9
6
15
6
-41
-9
4
-8
7
6
2
-10
-9
-4
9
12
-25
-1
-5
-2
-9
6
17
-13
-10
-2
-22
9
13
0
2
-25
-32
32
23
-28
-10
-7
-12
-2
5
3
17
-5
-33
-9
2
4
0
4
-9
-1
-3
-10
-3
15
-4
-10
2
-13
-17
4
3
-8
-6
-2
-11
2
9
-14
-6
-7
-8
6
6
-13
2
-9
-22
7
11
7
10
-13
-16
1
-8
-3
2
0
-16
9
4
-9
5
-6
-6
-4
2
-17
-21
23
8
-10
-9
-22
-10
13
18
-3
-11
-18
4
12
-12
-15
15
3
-22
-16
17
7
11
-11
-22
5
14
-16
-8
11
-4
-9
-9
-14
10
1
-3
1
-14
-11
-11
7
1
4
11
-14
-14
7
-1
-18
-8
-8
-3
15
-1
-4
4
-2
0
-25
-11
9
35
-18
-60
-16
14
36
-5
-35
-37
15
35
-51
-58
80
87
-3
-45
-50
8
19
-3
-5
75
48
22
7
-10
6
-6
-34
-23
-31
-13
-52
-59
-9
3
39
37
46
29
20
-72
-109
-185
-180
-64
-32
-66
-82
-61
-146
-343
269
1029
785
288
-1112
65
207
-589
-560
37
637
6878
-987
-8377
4351
2875
-3794
-2198
823
190
-1022
160
839
156
133
315
485
-31
-259
426
188
-432
-92
51
-71
-259
-220
-129
-21
-66
-132
-130
-253
-124
-84
-22
554
1833
1783
746
-696
-1023
-735
-553
-341
-8
503
-419
133
30
296
-194
-431
-83
-121
-217
134
303
460
230
-69
-227
-149
-19
-40
-69
61
47
-6
13
-10
-15
-48
-40
-11
-60
-134
2
-27
-71
33
25
-40
295
453
291
-11
-130
-285
-242
-58
-8
-22
18
291
2238
-3545
1625
871
464
-1376
-1070
472
-291
-396
-81
-143
58
68
230
208
-11
202
114
-111
-199
-244
-103
-135
-13
-116
-2
52
33
51
12
-14
377
1064
1268
307
-735
-681
-312
-396
-265
-35
43
-5
1494
-344
297
163
156
-812
-1107
-271
94
-543
42
-2
406
272
183
321
215
113
-39
-140
18
-44
-95
-214
-170
-149
-126
-101
-146
-135
-174
6
89
143
87
-285
495
2071
1310
-428
-818
-645
-547
-375
-227
-60
1
16
183
2734
-436
-2359
275
538
39
-738
-544
-122
-158
-167
68
-320
123
219
9
16
-40
-85
53
-70
72
101
-89
85
-32
-82
-118
-190
-136
-103
-144
-33
153
193
-36
42
795
1741
1679
-249
-999
-885
-621
-400
-275
-174
58
54
1073
8249
-5435
-5334
2725
2652
