119
168
-145
-11
121
156
-224
21
28
236
-122
-327
240
281
-199
-199
177
155
-218
-162
106
224
-264
-21
46
225
-312
123
72
-136
-39
110
213
-373
-21
177
180
-353
33
186
95
-263
-55
232
76
-198
-43
302
-63
-68
59
79
-128
-82
187
-67
-16
63
108
-73
-94
65
29
189
-319
-83
298
25
-282
110
337
-263
-235
210
227
-235
-77
209
81
-108
27
10
99
-77
-56
33
182
-216
-72
109
22
7
52
-17
23
-10
57
-121
72
46
-161
166
160
-259
-104
185
159
-129
-261
17
315
-152
-193
73
222
-105
-86
46
-87
176
-103
-268
255
163
-233
-15
36
261
-205
-353
245
299
-289
-252
259
126
28
-277
12
142
85
-186
112
-130
74
149
-208
-44
155
61
-99
-193
80
204
-240
-88
130
102
-61
-37
-49
120
200
-307
13
93
20
121
-345
2
296
-69
-59
-57
107
193
-155
-100
-34
279
-238
-153
84
178
-130
-144
212
48
-245
-53
202
-42
-261
159
311
-278
-222
258
208
-287
-79
262
71
-228
40
105
102
-65
21
-52
197
-128
-12
53
-25
39
15
84
-56
29
-14
24
18
-50
-50
144
49
-273
137
258
-205
-320
207
234
-184
-108
4
318
-199
-168
68
213
-178
-158
179
149
-324
34
296
-210
-109
167
231
-368
-111
247
112
-252
-95
214
86
-133
-98
62
233
-184
-122
207
125
-174
2
65
96
-185
134
9
-35
29
51
-95
29
126
-199
130
56
-256
39
264
-189
-350
221
264
-216
-210
247
170
-312
-90
65
247
-316
6
108
194
-248
-91
261
-98
-127
140
197
-293
-99
275
159
-264
-38
215
33
-164
-14
139
103
-85
-78
66
242
-192
-186
140
147
-150
-39
73
122
-132
-2
33
68
-46
-180
229
-15
-303
132
294
-258
-328
324
152
-248
-133
158
203
-354
-14
87
247
-284
20
142
108
-281
-4
211
-93
-67
119
208
-272
-55
215
97
-192
-74
252
-26
-52
-3
85
135
-80
-99
52
246
-206
-180
143
106
-101
3
4
131
-70
-135
18
101
-114
-120
192
110
-391
165
196
-237
-285
292
274
-449
-51
228
97
-314
41
60
98
-159
25
-54
191
-121
-40
140
76
-118
-24
225
-164
-140
223
169
-250
4
260
55
-223
-20
138
130
-165
-149
340
102
-216
-35
243
-70
-202
188
68
-106
-59
299
-104
-83
124
-16
25
-140
45
99
176
-308
-72
199
62
-142
14
-6
129
-87
-185
43
185
-75
-281
216
236
-348
-109
185
4
-332
169
213
-134
-185
92
272
-379
-76
177
259
-375
-123
244
255
-398
-77
366
-23
-199
-12
296
-176
-109
184
85
-25
-72
135
-153
79
96
-144
23
94
-161
76
258
-277
-133
54
270
-229
-63
121
140
-199
-152
131
189
-241
-170
202
189
-336
-87
230
-38
-242
48
347
-289
-220
164
176
-385
-92
267
79
-279
6
224
53
-293
110
122
22
-168
49
234
-132
-101
117
108
-119
10
79
-29
42
22
14
84
-13
-103
77
136
-187
-150
142
127
-170
53
-5
173
-136
-155
13
237
-186
-281
290
188
-377
-12
279
-112
-245
156
257
-250
-199
204
171
-278
-73
214
112
-310
39
143
153
-325
36
353
-20
-234
34
228
-160
-140
153
42
-146
101
147
-157
41
117
-164
-40
166
-183
39
206
-168
-198
125
317
-321
-61
174
147
-361
-6
107
214
-261
-184
320
99
-338
-151
361
-97
-241
174
178
-61
-303
275
145
-348
8
232
89
-386
136
140
106
-319
110
166
46
-214
35
222
-139
-65
99
132
-63
-10
-31
-68
141
62
-182
2
195
-172
-17
189
-106
-294
141
268
-259
-79
97
279
-425
-45
208
184
-354
-49
295
85
-355
-56
367
-104
-179
136
225
-261
-77
206
95
-212
-9
294
-128
-64
112
22
17
-161
123
50
95
-193
-10
137
-24
-65
46
-37
97
-12
-147
-53
217
-44
-243
139
198
-316
-4
146
-79
-256
172
234
-277
-110
225
99
-375
72
110
144
-318
17
158
101
-279
22
180
-53
-84
28
178
-209
-1
157
1
-68
81
91
-198
96
97
93
12
-46
16
175
86
-222
-8
132
13
-179
147
28
20
-16
-6
-4
-4
49
-173
132
12
-189
81
137
-168
-217
196
126
-199
-63
167
57
-301
14
136
111
-332
109
140
62
-281
-16
238
-82
-101
99
213
-214
-59
99
142
-162
-41
159
61
-134
10
83
124
-206
-2
186
94
-254
56
197
-66
-156
215
58
-38
-54
3
-30
115
3
-198
163
95
-205
-3
266
-207
-264
213
144
-187
-45
156
59
-291
54
34
131
-182
27
80
138
-249
-44
266
-88
-101
1
312
-256
-85
105
162
-123
-16
163
-42
-28
36
-18
0
35
-60
38
150
-91
-109
48
115
-170
96
-49
184
-164
-57
-5
123
-110
-190
252
37
-250
-56
231
-118
-213
151
228
-213
-116
152
45
-251
-29
115
81
-240
62
151
-5
-203
90
37
10
-114
110
71
-101
-26
53
112
-52
13
-60
148
-88
6
8
96
46
-171
178
81
-137
-167
125
94
-173
120
-34
179
-132
-6
-58
143
-59
-192
174
131
-289
-26
254
-191
-89
141
164
-238
-43
97
17
-156
31
39
24
-64
-73
41
160
-195
-53
188
113
-244
77
141
-52
-134
79
84
-54
29
6
-79
121
43
-179
101
69
-193
50
188
-204
-255
232
93
-168
80
-7
95
-205
-9
-74
133
-129
-91
159
122
-226
-115
224
-63
-249
115
203
-157
-118
33
154
-157
-84
72
141
-193
-58
60
215
-226
11
137
112
-173
-39
224
-65
-156
49
207
11
-163
37
108
-6
13
-121
138
26
-205
106
178
-139
-153
84
110
-94
-28
-31
182
-188
-95
62
236
-215
-85
113
221
-300
-153
297
-51
-143
-57
367
-179
-186
127
154
-121
-132
160
52
-45
-22
76
143
-173
-9
103
180
-252
-61
192
13
-141
101
62
-36
-3
-29
-24
95
13
-258
245
90
-285
15
231
-161
-269
250
159
-236
-10
113
101
-209
-41
22
192
-185
-81
94
239
-296
-74
245
81
-222
-28
338
-228
-201
152
274
-267
-16
129
78
-187
-3
106
59
-98
-89
262
73
-205
-82
191
80
-277
148
83
59
-193
92
4
39
-7
-177
139
-1
-124
-77
197
-134
-151
132
123
-65
-196
172
57
-272
-3
158
140
-300
78
138
144
-281
-13
195
110
-283
42
282
-96
-207
117
255
-216
-37
149
60
-165
58
105
27
-28
-95
177
97
-225
-79
194
42
-212
134
19
144
-208
3
-35
187
-163
-201
236
71
-262
-72
259
-177
-167
94
239
-242
-61
118
80
-154
-45
177
117
-236
-45
116
210
-335
28
287
72
-248
-30
367
-195
-187
215
93
-107
-45
122
-42
97
-15
-63
87
-8
-155
110
107
-255
-104
220
169
-288
42
72
52
-272
6
61
186
-143
-115
158
151
-225
-114
202
5
-167
73
164
-114
-90
174
62
-88
-10
80
57
-142
72
37
103
-54
-77
154
167
-266
-142
229
29
-212
149
134
-72
-46
103
-167
45
57
-122
-2
153
-140
-16
102
-88
-164
121
233
-280
-56
107
147
-386
55
114
71
-206
-48
127
101
-164
-131
198
82
-75
-48
131
-15
-152
112
21
-2
-49
183
-92
-37
169
-99
62
-91
-31
71
162
-221
-175
171
242
-201
-72
95
180
-211
-172
142
213
-190
-139
119
219
-280
-38
35
95
-121
69
112
-135
-24
47
207
-210
-27
63
272
-298
-69
134
255
-241
-105
282
64
-206
-106
265
-62
-104
67
-25
111
-34
-25
-130
193
37
-202
93
73
-208
63
276
-318
-131
167
162
-206
-55
93
137
-192
-150
111
262
-175
-146
166
213
-270
-143
208
93
-170
33
205
-126
-162
175
175
-262
-7
233
-20
-110
97
-28
154
-104
-110
76
240
-203
-280
246
95
-87
-103
15
200
-158
-135
-48
237
-187
-148
135
227
-362
45
199
-157
-217
179
316
-435
-84
237
115
-252
-81
218
64
-174
-30
59
128
-70
-95
119
220
-176
-77
168
11
-234
190
129
-151
15
123
30
-140
64
-23
90
-55
-194
160
219
-221
-284
236
258
-223
-168
162
198
-372
31
79
204
-250
-6
91
60
-174
37
140
-168
-1
177
153
-272
-74
186
96
-215
-40
196
13
-87
-54
158
132
-113
-60
26
281
-246
-111
72
169
-120
-7
81
46
-66
-33
-33
31
-63
-48
154
17
-304
190
93
-174
-196
227
149
-273
-61
103
209
-300
15
27
213
-211
-87
111
162
-194
-22
249
-112
-30
72
180
-325
-14
224
-36
-77
25
205
-137
-34
75
-84
109
33
-188
80
317
-232
-259
195
250
-298
33
71
86
-175
-50
95
62
-89
-46
143
-33
-168
-6
127
-126
-173
171
221
-265
-142
198
62
-206
4
78
133
-192
56
-40
172
-98
-73
115
132
-113
-56
149
-60
-9
86
36
-20
-23
19
-80
194
-115
-114
132
153
-294
20
317
-169
-322
150
313
-234
-126
123
200
-353
19
97
46
-114
4
112
65
-153
7
126
11
-49
-12
213
-140
-151
122
172
-73
-121
137
89
-12
-33
-106
196
-26
-116
-16
247
-99
-213
52
147
-39
-45
-51
218
-162
-140
97
102
-199
-96
226
99
-377
77
181
-112
-198
69
352
-300
-111
64
188
-257
-100
132
133
-210
-9
122
62
-137
5
139
-7
-111
43
82
-52
-94
136
14
-8
-3
-42
24
108
-41
-243
265
52
-262
14
344
-235
-280
217
160
-189
-111
156
146
-234
-95
124
202
-275
-92
200
173
-400
-18
335
-78
-252
167
280
-302
-114
178
181
-321
73
142
36
-116
8
56
80
-59
-89
191
46
-145
-58
206
62
-260
141
73
56
-184
110
-102
118
-14
-217
248
6
-183
-94
314
-219
-255
212
120
-75
-252
233
90
-315
-48
191
136
-351
115
167
153
-409
130
173
-3
-171
49
276
-265
-95
203
120
-159
45
82
-104
-26
179
-113
-102
210
-119
-11
179
-117
-229
96
245
-246
-45
77
216
-309
-91
172
156
-314
-80
243
78
-286
-106
297
-72
-187
170
182
-250
-129
260
78
-273
42
293
-155
-134
184
50
-42
-133
122
12
138
-173
-20
139
-54
-11
25
-27
65
21
-87
-139
265
-10
-226
127
120
-202
8
151
-86
-295
205
223
-252
-55
134
150
-387
13
114
172
-259
-70
215
105
-303
58
143
-96
-56
85
130
-249
25
183
-36
-78
94
115
-191
-1
139
-74
-20
