-93
-29
113
115
-183
-84
251
44
-179
89
-51
-56
186
-109
-198
-110
328
145
-251
-208
509
348
408
-1217
-748
2037
134
-2086
-779
1639
1254
-2044
-520
2072
-322
-1479
616
1358
-544
-1084
336
963
-66
-922
-271
834
208
-780
-18
573
-106
-200
-115
475
-195
-639
443
149
-179
-388
237
240
-251
64
158
6
-226
75
100
-129
-85
44
-64
94
214
205
-183
737
-806
-1684
494
1091
-501
-781
1289
64
-996
547
313
-398
-100
180
42
-21
-117
25
170
-55
-7
23
188
-270
-85
134
165
-158
-79
-51
184
264
-110
-149
87
128
-229
117
-100
-134
190
-11
-247
26
357
-54
-97
81
357
-46
467
-467
-362
-335
-51
256
239
-40
-230
25
345
-230
-364
354
416
-222
-467
198
661
-399
-335
37
377
87
-365
-76
352
39
-320
187
209
-167
-31
-136
139
-36
-90
15
-53
32
177
-13
-158
54
203
123
-118
-240
265
545
-82
-794
348
222
-212
-773
81
612
-410
-348
619
201
-642
37
537
-321
-302
415
134
-392
34
339
68
-361
215
-43
-86
7
112
-101
-14
156
-181
-52
482
-153
-429
138
374
-426
-82
235
112
-247
8
152
160
-20
434
160
-622
-730
-36
368
45
-124
-309
732
-79
-525
421
293
-229
-195
161
434
-547
25
311
106
-480
-10
469
-193
-317
360
301
-535
114
352
-225
-323
272
-50
-170
29
355
-125
-239
160
340
-295
-312
189
369
188
-190
-104
330
-916
-107
370
489
-654
-104
627
-489
-209
-123
-435
156
364
-207
-353
183
100
215
-209
-189
449
61
-128
-63
92
137
-104
-53
103
-116
-247
346
42
-217
-58
111
37
-92
22
-125
159
-122
-163
178
69
-71
176
-111
889
11
-1614
740
715
-190
-1305
-205
1478
-316
-933
535
447
-326
-430
661
185
-645
-98
414
288
-563
-71
487
-9
-274
-257
647
-3
-458
60
279
175
-492
-112
528
154
-440
-23
283
43
-41
-173
101
-106
101
64
-74
-90
313
-25
129
82
-78
-31
-211
-70
-267
46
299
-21
-237
201
218
-234
-178
152
-39
24
-62
28
97
40
39
75
-127
58
173
-220
-214
323
-66
-200
-40
364
-111
-169
140
260
-294
-154
135
206
-241
-28
137
172
-255
-4
164
695
-995
-390
1117
-92
-1330
231
1395
-1025
-522
917
-135
-631
556
121
-399
-130
630
-247
-307
358
251
-524
55
566
-384
-254
318
250
-464
-12
404
-95
-268
114
63
-17
-124
-83
1
83
101
-52
-208
353
336
17
-551
586
-152
-357
-371
-244
776
-268
-400
560
45
-274
95
298
-351
-137
448
-111
-337
137
163
69
-198
106
-104
45
-41
-38
87
-80
149
56
-173
-45
344
-301
-39
111
-45
-32
2
99
67
-239
-45
191
182
-202
-233
259
291
494
-223
-1125
-221
403
-17
-157
269
94
-278
71
168
-121
-249
338
-47
-185
64
115
-182
80
3
-94
211
-139
-21
107
217
-343
-34
274
156
-375
-49
355
-117
-200
209
70
-286
226
190
-275
-225
607
182
-693
29
555
-300
-333
-336
430
-49
-531
471
73
-350
163
391
-200
-110
14
7
133
-279
123
85
-159
-9
280
-188
-292
393
-19
-356
41
346
-294
-23
243
-143
103
-54
-25
17
132
-209
194
-107
31
71
-45
-9
5
76
816
-1112
62
690
-184
-759
160
670
-770
-358
977
-359
-382
256
520
-377
-296
548
196
-534
-32
347
8
-464
218
204
-134
-56
181
-138
-128
359
-40
-383
159
330
-376
-197
258
127
-217
59
96
30
47
415
250
-1123
472
-423
-146
-519
957
194
-1055
580
216
-333
14
-8
155
-158
120
138
-140
-138
212
81
-285
58
423
-331
82
53
-21
-44
37
-24
-209
193
50
-133
-13
196
-16
-90
-52
129
49
-112
6
881
-661
-1671
1966
782
-1919
-604
1937
-466
-1503
1043
804
-1398
10
1299
-568
-881
1023
524
-1127
145
614
-175
-617
439
420
-473
-57
312
-107
-332
199
174
-140
-50
52
-56
151
-44
-215
117
168
-86
-35
67
583
-126
-865
974
-8
-1041
-183
924
-9
-1036
870
67
-466
422
24
-267
43
109
61
-326
224
129
-116
-90
258
45
-268
55
229
36
-312
152
6
-77
58
76
-174
89
81
53
-260
157
160
-132
-132
283
-85
-137
1404
-1112
-1075
1732
-31
-1794
179
1995
-1419
-1039
2195
-757
-976
1020
460
-970
-281
1118
-247
-985
498
639
-645
-389
810
19
-587
471
224
-472
206
68
40
-294
150
206
-230
13
15
220
-59
-220
-108
300
27
-299
300
855
-952
-302
316
-337
-516
536
273
-575
256
513
-501
300
65
-359
88
255
-111
-317
172
228
-291
35
102
-117
161
55
-148
-18
209
-105
-225
28
479
-278
-275
359
98
-236
-55
273
-96
-203
144
51
-137
213
335
355
-291
-883
980
-411
-1257
866
880
-1495
268
1340
-1047
-577
1396
-135
-1173
398
860
-399
-576
313
345
-313
-374
634
26
-218
134
125
-198
-26
199
12
-167
-77
167
-245
214
-7
-76
250
-79
-403
326
434
-150
-390
75
264
-191
-365
-96
349
-199
-569
744
-60
-345
424
110
-82
-191
133
285
-405
-142
441
-85
-252
151
187
-368
215
203
-300
-168
303
-26
-285
-16
211
85
-96
-86
211
21
-255
31
-7
80
-182
249
426
383
-1537
861
561
-1251
-505
1292
244
-1592
978
347
-695
75
799
-493
-391
645
166
-806
173
470
-356
-194
255
288
-194
-156
101
99
-364
159
-43
-29
78
-72
3
207
-149
-193
230
144
-370
-14
512
564
-246
-1239
1105
160
-788
-893
1270
630
-1678
727
835
-773
-145
539
122
-704
276
570
-574
-305
697
-303
-256
340
138
-233
-62
306
-149
-177
149
27
-204
268
-46
-129
48
109
20
-76
-39
-221
256
230
-21
27
-1025
561
1263
-808
-1241
683
1042
-1383
-32
967
-410
-781
1001
464
-1237
1
1467
-693
-892
619
300
-480
-157
480
-176
-131
296
94
-340
37
134
-113
-31
-143
217
104
-71
-208
279
58
-314
-64
335
-150
-78
299
615
-1148
284
905
-387
-1108
116
1038
-832
-342
880
-71
-344
246
351
-377
-155
485
-166
-412
271
179
-265
-302
572
-2
-467
169
413
-348
-278
225
275
-356
-131
378
8
-125
93
-46
61
-12
-46
-153
245
-38
-71
1067
-787
-1128
1887
264
-2287
12
2187
-1155
-1376
2016
-120
-1433
860
883
-1051
-729
1493
61
-1458
439
1141
-838
-625
908
202
-688
346
288
-542
167
180
-71
-281
191
69
-85
71
-67
-31
-7
117
-210
45
184
239
326
-735
-165
1223
-765
-1012
-122
1486
-404
-1203
1459
163
-690
83
535
-369
-265
478
-73
-215
-16
202
-95
-67
51
-92
-5
111
-5
-97
172
-176
-23
160
197
-342
32
308
-96
-101
12
68
-258
323
-29
-324
169
381
46
493
-1367
92
1180
-614
-1609
1040
1408
-1652
-177
1624
-813
-791
1143
298
-1058
-138
1150
-213
-1106
688
506
-627
-142
750
-379
-556
602
45
-518
50
619
-304
-222
203
224
-165
34
65
-301
364
-124
-192
215
158
-259
326
642
-648
-575
441
459
-569
-1011
1001
495
-1114
236
721
-249
-464
483
288
-698
268
406
-490
-203
710
-76
-514
349
381
-560
-66
411
-232
-90
27
87
34
-53
4
154
-219
95
124
-252
-59
40
252
-156
-229
117
331
-151
-167
-88
442
497
-633
-1134
1508
-69
-1179
-171
1446
-542
-982
1096
-187
-952
436
862
-784
-502
877
348
-850
41
509
-217
-154
29
174
-174
268
-22
-116
-103
424
-146
-216
-32
197
-10
-124
64
203
-32
-174
69
122
-77
-71
55
268
120
282
-749
246
361
-812
-452
613
494
-1059
312
736
-591
-100
360
5
-122
-208
344
-9
-393
233
90
37
-174
17
225
-104
-199
190
-3
-245
235
30
-125
-29
375
-227
-119
32
206
-155
-179
118
183
-194
-148
150
355
863
-1049
-1402
2303
235
-2315
-331
2419
-595
-2031
1594
808
-1491
152
1328
-536
-1392
1153
885
-1461
123
1091
-501
-773
824
187
-480
-5
233
-26
-281
231
-106
6
145
-121
-74
-122
349
-339
24
89
24
-108
119
-46
108
-132
239
497
-417
-443
198
346
-507
-589
733
23
-293
392
-37
-281
316
178
-151
-424
366
119
-361
12
271
121
-336
97
340
-217
-292
286
48
6
-232
211
6
30
-38
-159
108
-42
137
-76
-130
24
238
-98
-273
203
253
-195
431
57
-1790
1550
665
-1655
-475
1644
-173
-1506
1191
481
-1373
528
777
-697
-793
1177
551
-1400
191
1089
-578
-691
679
357
-541
155
378
-530
106
126
-6
-144
84
27
167
-186
-87
272
-95
-170
32
241
210
166
-733
-1
828
-173
-730
-36
437
-52
-364
108
305
-188
-97
157
241
-544
138
349
-298
-74
197
158
-199
111
95
-57
-104
174
-47
-215
286
-138
5
86
15
-81
46
18
235
-211
-224
175
222
-165
-245
115
369
20
762
-1437
-161
1452
-585
-1690
897
1386
-1605
-238
1876
-867
-1083
1359
349
-1251
93
1116
-472
-888
915
115
-775
466
355
-251
-443
627
165
-596
-44
416
-18
-437
228
220
-73
-139
145
169
-399
103
23
-6
-233
188
70
116
162
-196
65
-13
208
-307
-351
339
-33
-220
64
174
-70
-22
417
-184
-417
451
-59
-354
104
323
-187
-118
173
310
-170
-189
102
273
-450
-97
371
126
-309
126
188
-196
186
27
-227
14
134
-225
-157
140
217
-32
597
-761
-1188
2405
57
-1930
-289
1613
-219
-1610
767
909
-830
-327
1015
-166
-1039
357
951
-637
-660
744
282
-480
-104
570
-202
-356
194
287
-260
35
-39
11
225
-179
13
111
-79
-136
6
192
-231
-114
472
708
-1112
-850
1450
564
-1438
-742
1435
469
-1595
524
850
-394
-464
311
434
-558
-51
666
-462
-159
281
195
-339
142
271
-116
-375
172
237
-312
-43
170
-55
-100
121
72
20
-133
113
-73
51
-108
68
-9
93
108
-113
947
-232
-1811
1384
928
-1778
-1105
2304
-39
-1980
1376
909
-1443
210
1281
-631
-924
617
961
-1232
-249
944
-82
-670
411
369
-373
-34
317
-115
-85
96
-242
102
154
-256
-86
466
-87
-171
110
79
-125
-179
235
-23
-230
23
626
-425
-47
-1
92
-427
-77
150
-462
283
-149
360
72
-379
385
-105
-208
119
-64
-164
61
-24
129
-77
-204
469
-161
-239
149
12
31
-119
-134
93
124
-77
-35
98
177
105
-240
-67
137
213
-131
-392
112
237
-93
-14
-21
734
247
-1148
-43
1138
187
-1633
-870
1596
688
-1565
-217
1249
179
-1054
81
1095
-120
-1199
114
1234
-415
-871
188
659
-198
-405
236
405
-313
-403
525
55
-315
-134
105
319
-155
-225
-4
403
-115
-261
105
201
-228
-213
323
616
101
-1464
492
1468
-1310
-1195
781
1293
-1505
-627
1893
-501
-1081
734
652
-799
-252
811
-104
-580
297
95
-34
-160
236
-120
49
50
10
-137
41
-196
11
194
-205
144
-39
-49
-32
238
-10
-274
-92
273
134
-199
-208
627
520
-1298
1
1040
257
-1341
-642
1355
372
-1675
155
1080
-136
-907
341
965
-530
-726
441
723
-459
-560
293
319
-152
-385
429
281
-511
31
325
124
-176
-217
134
198
-6
-184
-17
85
300
-149
-295
232
313
-254
-275
160
328
119
150
-199
-356
95
290
-142
-718
-183
751
-28
-855
591
442
-581
76
485
-204
-345
223
306
-266
-202
269
158
-437
182
303
-183
-201
197
-44
64
-91
-71
53
173
-56
-141
-53
338
-159
-295
115
227
-52
-376
92
432
-172
126
-148
-177
410
-31
-724
143
552
-364
-211
301
-90
-128
177
248
-486
259
429
-512
-67
718
-237
-533
343
405
-401
-101
249
-23
-262
88
81
-11
-66
154
-83
16
103
-99
-15
122
-87
-149
437
717
-1097
-71
703
135
-1321
57
1357
-892
-528
836
47
-455
120
586
-275
-456
480
-197
-106
163
32
-183
245
14
-148
39
52
-42
-24
-95
34
207
-180
-91
100
210
-178
-133
207
27
-244
49
83
127
308
3
-1070
1126
512
-1098
-487
1149
3
-1122
627
551
-651
52
806
-479
-643
897
214
-749
33
598
-163
-521
331
341
-308
-149
256
-246
41
63
20
-128
78
222
42
-294
175
269
-216
-262
368
532
-184
-317
384
-389
-676
-109
646
-128
-629
711
380
-626
199
511
-392
-329
410
147
-403
155
121
-19
-84
157
31
-3
-51
0
61
-63
-59
-24
168
-154
134
35
-51
-36
129
-176
-101
50
250
-268
-184
654
284
-1162
363
854
-519
-977
443
681
-830
-185
549
-52
-354
423
25
-274
107
176
-243
153
46
-127
-134
327
-12
-304
121
296
-276
-230
227
112
-47
-20
-82
136
102
-181
-29
95
-21
-31
471
-30
-1156
1168
177
-508
-987
832
634
-1205
173
653
-248
-319
118
413
-696
249
501
-521
8
345
0
-249
-139
524
-73
-336
-17
371
-249
-137
163
189
-154
-105
189
47
-162
-51
213
11
-240
176
232
166
421
-2144
1115
1958
-1122
-2121
1477
1359
-2177
-38
1685
-744
-1080
1214
541
-1439
62
1306
-423
-910
631
302
-455
-51
291
28
-101
-57
13
-168
338
-75
-306
149
254
-144
-100
73
145
-174
-113
-67
166
518
425
-1408
420
620
-650
-1055
668
966
-1305
320
928
-830
-57
568
114
-596
-121
630
-248
-457
497
200
-318
-13
373
-235
-6
132
-27
-147
45
50
-57
50
-62
215
-49
-95
9
69
-245
6
94
120
-52
443
-78
-1348
1146
760
-814
-894
579
356
-571
-59
215
-28
-141
216
302
-508
-149
765
-87
-712
294
317
-342
-45
395
-29
-238
136
-43
60
-255
137
82
99
-259
214
45
-6
2
-75
25
8
81
465
-96
-856
673
212
-714
-700
1122
25
-1315
851
423
-695
75
595
15
-756
459
597
-770
-116
605
-38
-456
254
365
-439
101
138
-198
-97
222
-91
13
-78
132
110
-107
36
83
-110
-100
-29
186
-158
-69
376
898
-1462
-825
2221
-225
-2229
352
2130
-1068
-1451
1322
337
-1127
505
780
-739
-612
1088
134
-1165
617
489
-533
-111
649
-205
-164
56
138
-159
-220
188
-14
180
-167
-57
262
23
-230
30
141
-189
25
147
-127
110
708
-781
-212
570
270
-1030
-263
793
-392
-426
509
223
-298
-32
487
-251
-202
141
90
-201
-74
114
121
-290
246
217
-216
-122
147
131
-375
-48
182
182
-112
87
-50
156
-110
-5
-158
138
-10
-1
-51
466
387
-1813
1204
1283
-1592
-1036
1295
653
-1634
372
1010
-638
-468
927
-29
-672
220
788
-855
-307
717
-45
-550
127
559
-351
-99
168
174
-352
-48
249
20
-172
95
116
-159
172
-78
12
-31
25
-92
59
573
-261
-496
178
446
-346
-791
724
-24
-592
517
56
-260
133
246
-132
-306
422
-34
-311
145
279
-335
-37
400
-72
-202
167
106
-207
77
-63
1
-86
222
-117
-36
-20
240
49
-254
-14
302
-96
-283
342
745
-1417
749
792
-1077
-1045
1150
661
-1895
935
1036
-1263
75
1097
-502
-759
1092
390
-1105
40
762
-420
-391
415
122
-259
59
89
-103
-29
34
85
-131
-138
200
-107
43
-10
355
-78
-175
-21
237
-211
-166
580
104
-582
15
324
-91
-717
493
128
-364
119
-4
67
291
-136
-128
-134
400
-71
-371
102
339
-245
-110
222
-174
62
91
-13
-17
94
-147
-27
8
287
-280
-202
264
246
-116
-322
147
363
-112
97
240
-1264
826
1234
-1869
-791
1894
-103
-2069
1246
1300
-1848
163
1835
-856
-1122
1179
708
-1377
-104
1044
-395
-768
665
221
-575
344
167
-169
-48
254
-89
-195
-11
96
3
-71
-10
-28
296
34
-183
-26
667
-312
-638
374
158
-619
-416
922
53
-1022
521
788
-746
-427
592
204
-556
-1
475
-190
-256
346
90
-251
119
148
-227
-328
563
-34
-365
83
453
-226
-281
304
110
-336
20
148
-56
-55
38
32
49
181
-14
224
-1082
656
473
-701
-457
605
238
-1042
544
481
-632
-249
807
-191
-663
274
785
-588
-217
508
204
-522
69
260
-193
-102
133
75
-148
82
279
-196
-235
412
-102
-336
89
306
-182
-175
228
598
-13
-911
408
514
-536
-920
525
769
-960
-224
1165
-173
-587
284
723
-942
-222
803
-295
-526
411
346
-392
29
363
-150
-410
247
140
-217
-64
237
119
82
-269
215
137
-319
-15
69
-120
-46
154
223
217
-314
-1239
1113
1889
-2018
-1573
1778
586
-1726
224
1415
-698
-892
1055
530
-1196
-68
804
101
-807
194
530
-223
-225
410
-119
-353
410
-195
-10
-180
227
44
-174
133
-147
99
-29
-50
-133
297
-65
-217
446
1169
-1434
-773
1263
253
-1586
-553
1991
-535
-1363
1394
157
-646
260
389
-357
-408
492
-162
-262
318
117
-100
-190
325
196
-442
132
44
-56
50
-173
85
-25
296
-190
-99
46
182
-172
-110
-38
192
-119
-91
426
327
-473
90
-76
410
-649
-383
697
21
-610
155
372
9
-191
82
21
30
27
3
-172
68
266
-278
-33
273
61
-281
181
8
54
-131
12
95
-16
-121
75
68
-143
64
-20
-8
-74
124
-105
172
368
-282
-332
158
425
-570
-527
648
176
-798
390
306
-186
-88
148
-51
-213
169
148
-308
78
190
-140
-11
-1
246
-133
-238
120
256
-415
-46
343
35
-135
118
8
-119
294
-29
-348
199
218
-226
128
383
-849
221
761
-30
-966
162
451
-150
-582
106
265
-70
-148
473
-346
16
439
-171
-298
290
31
-386
132
245
-159
-17
109
-49
59
-81
98
-112
121
-106
121
-120
-15
185
-43
-23
18
-46
8
448
-30
-639
508
-231
-265
-430
648
-277
-331
558
-389
-86
601
-300
-306
102
348
-114
-308
193
187
-113
-55
-131
239
-187
-161
180
86
-113
46
18
91
-39
-88
64
179
-173
-216
225
755
441
-1853
455
1631
-444
-2227
1076
1648
-1694
-719
1658
-41
-1629
957
751
-1252
4
1122
-368
-671
563
352
-522
-53
333
-47
-262
82
389
-257
-108
114
203
-173
-92
12
160
-199
-63
116
69
-41
27
541
284
-742
534
-45
-619
-963
763
743
-918
-43
820
-13
-408
271
21
-336
193
-47
-46
-26
-86
365
-180
-35
135
86
-328
150
-74
-47
46
81
-23
-107
294
-61
-246
19
101
-65
-20
927
-571
-1326
1582
851
-1645
-582
1594
-465
-1117
829
406
-887
293
760
-630
-515
832
400
-539
-241
353
48
-568
408
95
-435
276
212
-178
-145
278
-27
-122
-4
163
-168
-22
206
19
32
-84
441
399
-949
-3
695
-255
-944
157
895
-709
-482
705
70
-592
311
395
-406
-138
491
-170
-263
214
102
-291
63
138
-38
-89
68
-178
117
134
-180
5
-2
279
-177
-224
164
266
-152
146
516
-1280
512
1218
-1133
-1186
1536
433
-1612
353
1164
-1116
-568
1357
-237
-1014
555
1073
-752
-575
633
312
-826
14
771
-345
-240
455
-93
-208
132
92
-158
-232
274
106
-265
22
328
-13
-162
16
112
21
214
629
-813
-140
420
409
-1159
-189
1221
-489
-708
775
310
-590
51
567
-380
-192
558
-212
-379
367
31
-162
-39
336
-169
-107
77
224
-95
-239
107
256
-147
-69
1
267
-82
-165
-27
238
-124
-391
221
437
69
114
-1039
524
692
-1329
-346
1253
64
-1648
1007
1082
-1542
187
1387
-724
-778
922
414
-969
-61
720
10
-712
388
387
-514
121
313
-78
-329
280
-39
-213
35
66
33
150
-238
131
233
-221
-61
95
467
-328
-686
821
397
-642
-694
772
97
-858
391
471
-465
-95
369
284
-369
-85
411
-238
-197
103
114
-211
80
240
35
-439
269
207
-117
-243
261
84
-126
-186
254
51
-225
102
275
-311
-242
198
286
-165
209
962
-1367
-360
1066
-620
-1226
1229
773
-1751
793
1010
-1381
-451
1609
-329
-1198
772
863
-701
-577
737
130
-860
350
348
-340
31
300
-256
90
162
-280
46
213
-127
-135
195
104
-67
40
31
-10
-234
105
230
-131
139
193
-31
-486
233
34
-818
394
394
-610
-130
486
143
-298
138
177
-105
-206
14
-44
79
-1
45
-203
165
225
-129
-134
129
38
-204
65
76
-78
-26
196
-38
5
153
-2
-199
42
48
-191
74
198
-80
810
-700
-757
1101
-1008
-700
785
1260
-1765
439
1413
-1332
-431
1508
-276
-1295
539
916
-813
-475
883
-18
-535
253
403
-134
-134
256
-22
-356
221
-165
-50
70
56
79
131
-175
-3
134
-91
-241
-128
330
113
239
-144
-101
-108
-346
117
475
-58
-557
439
225
-567
292
363
-495
1
98
200
-314
-156
323
224
-187
-77
150
161
-219
48
-69
-218
228
59
-321
120
328
-201
-115
8
259
-198
-251
230
109
-222
180
486
286
-1705
735
1544
-1014
-1713
1317
1125
-1824
83
1203
-365
-818
1016
-66
-915
731
402
-799
26
374
-182
-221
175
268
-257
-104
240
17
-371
133
91
124
-243
-15
144
215
-162
-138
106
187
-72
211
387
-700
-36
-102
-140
-26
196
422
-873
249
540
-507
43
136
-65
-199
264
14
-226
54
231
18
-323
309
-60
-113
169
-28
-78
-94
76
-55
-83
102
254
-302
41
144
-233
192
-37
-91
19
1
65
-2
-92
198
878
-158
-1412
645
1032
-613
-1525
252
1698
-561
-1491
950
723
-691
-433
652
534
-821
-230
738
94
-589
-28
538
43
-287
-323
562
179
-304
-135
163
273
-258
-250
392
216
-244
-47
137
93
-26
-43
49
8
-22
99
-70
-24
108
422
695
-1444
-317
1212
315
-692
-1323
640
1489
-1252
-778
1107
60
-597
242
548
-437
-356
639
-111
-411
156
205
-84
-237
449
11
-226
-66
348
-334
-114
251
-47
2
148
-128
-23
254
-64
-255
-33
237
-81
-162
136
219
762
-1379
433
955
-792
-868
591
965
-1410
176
1074
-634
-584
876
365
-1099
45
960
-358
-738
527
314
-462
48
460
-207
-300
483
-42
-255
-135
326
-27
-263
146
-35
37
13
9
37
-23
-131
153
167
485
-1119
449
532
0
-1085
5
1162
-869
-556
722
179
-565
101
630
-273
-509
499
283
-680
154
508
-366
-384
569
-48
-360
178
345
-394
-188
289
197
-343
-123
311
42
-153
-9
139
92
-157
-95
30
272
403
29
-1687
1667
1001
-1954
-900
2044
-26
-2135
1273
1133
-1609
228
1386
-751
-1027
1139
458
-1058
138
712
-525
-191
556
19
-502
96
688
-531
-285
294
189
-489
-13
355
-207
31
237
-41
-255
296
-149
-167
492
472
-1502
549
781
44
-1169
-51
1246
-674
-708
653
33
-130
-85
500
-331
-250
472
-5
-511
245
340
-248
-180
314
8
-135
121
34
39
-119
37
-60
40
-121
11
107
9
19
110
-177
98
50
-162
37
799
-177
-1525
1111
832
-1464
-576
1464
362
-1494
439
716
-870
-20
833
-532
-525
916
321
-773
158
470
-415
-236
366
207
-320
51
94
142
-337
187
127
-327
114
19
-66
-51
256
-85
-29
-158
370
-10
-32
231
-290
184
-235
290
-359
-380
372
-132
-76
-47
175
-112
131
107
-254
59
500
-257
-394
299
213
-388
-67
388
-193
-50
121
-21
-19
131
-60
139
-176
-78
294
-194
-161
105
133
-238
25
77
243
-216
2
45
414
284
-1830
785
1215
-598
-1309
604
1094
-1216
-36
434
-209
-298
504
185
-570
-9
721
-229
-454
295
220
-390
131
80
73
-279
296
174
-323
23
104
-30
-128
-73
5
234
-26
-234
92
244
-269
-87
151
447
87
-1200
775
527
-314
-1051
637
795
-1140
50
591
-36
-371
63
391
-284
-248
269
133
-164
-92
390
-252
-222
492
-112
-315
65
533
-265
-347
183
283
-275
-196
291
-39
-133
172
27
-202
116
59
-116
84
136
-131
685
-938
216
489
-644
-313
430
306
-914
484
502
-719
-260
920
-79
-707
-3
955
-430
-519
464
379
-636
-112
672
-199
-354
391
200
-569
216
235
-214
-266
373
-64
-96
-60
316
39
-364
73
502
89
48
-493
335
-203
-492
-492
695
326
-931
182
798
-570
-225
587
-187
-480
438
225
-387
-133
364
-25
-472
508
-84
-279
79
107
135
-213
-102
291
28
-186
229
-161
22
78
-110
-14
-28
217
-176
56
93
-61
58
71
383
-1051
625
99
66
-525
250
229
-702
525
98
-493
176
148
-104
-232
259
85
-49
82
57
-83
41
-64
-36
-59
118
-136
159
-115
102
85
-50
-17
17
-110
-152
161
87
-158
-77
176
264
19
141
462
-871
-130
714
-921
-232
149
837
-486
-405
921
-302
-455
327
-16
-171
-140
549
-100
-424
451
296
-510
148
18
-42
10
-49
101
-183
223
-72
-107
60
300
-180
-158
-91
280
-117
-254
132
203
-25
82
125
437
-343
-869
570
1354
-2198
-951
2282
524
-2188
865
1406
-1446
-818
1540
-286
-986
579
952
-895
-216
938
-303
-510
14
774
-533
-257
458
105
-317
149
294
-320
170
-91
-154
25
101
-151
108
-23
8
113
-100
238
179
-204
-213
-105
219
-166
-585
396
394
-428
14
312
-20
-195
189
-133
-111
197
-114
1
-37
140
90
-161
-30
128
-64
-85
-5
177
-187
5
74
-35
144
-108
-82
85
149
-225
-134
34
349
-163
-180
176
246
-115
604
-477
-821
1171
22
-1364
223
1247
-820
-536
1003
-302
-610
996
-89
-762
172
827
-541
-468
588
122
-390
35
191
-200
75
44
120
-232
166
101
-43
-170
126
-73
-165
135
72
-94
-51
119
99
-153
224
551
-432
-642
542
264
-730
-489
1018
-33
-751
713
53
-483
311
375
-333
-471
655
19
-567
350
279
-385
-42
193
20
-179
51
172
-243
102
85
-153
-89
341
-149
-280
161
354
-227
-234
182
47
119
55
128
288
-1173
489
1354
-838
-1414
951
908
-1285
84
1057
-737
-687
866
150
-956
289
809
-394
-614
674
222
-568
-38
431
-232
-279
371
-5
-68
146
33
-288
273
6
-239
-24
285
-132
-79
39
179
-54
402
744
-1695
459
209
202
-1078
-169
1504
-1107
-260
875
-197
-439
362
438
-751
-161
846
-331
-494
364
486
-524
-88
472
-18
-445
124
412
-440
-48
288
-9
-179
196
1
-102
-106
183
11
-236
75
347
-190
177
895
-1662
451
1080
-493
-1838
1209
1277
-2100
370
1703
-1347
-674
1539
-63
-1425
675
910
-920
-217
602
117
-631
-28
538
-14
-280
379
-2
-415
393
-148
-127
46
141
-92
-101
33
70
-101
-16
58
38
2
420
604
-1400
336
842
-901
-1076
568
1297
-1361
-24
1290
-706
-297
807
-199
-800
399
473
-467
1
399
-203
68
-5
235
-214
-385
473
62
-459
58
438
-149
-87
158
81
-321
23
304
-251
-118
236
49
-280
289
80
-85
332
275
-1588
916
638
-425
-1188
748
869
-1340
321
684
-532
-269
592
-133
-570
466
485
-442
-230
530
-66
-389
140
323
-366
-144
282
259
-425
-48
380
66
-291
-82
222
34
-260
-82
277
71
249
706
-1205
90
772
-377
-1056
324
1004
-945
-376
968
-82
-297
-19
431
-148
-543
411
374
-626
120
378
-188
-128
297
59
-395
211
117
-331
-188
551
-110
-190
114
255
-240
-41
49
5
-116
100
-73
23
120
119
831
-1482
-382
2272
-538
-1933
469
1515
-1472
-475
1478
-330
-1275
1257
604
-1481
-189
1474
-306
-981
568
511
-614
-180
673
-175
-310
390
83
-500
140
87
-114
-47
157
17
-23
-27
34
52
-216
-89
-7
226
18
470
10
-750
469
274
-655
-692
839
286
-1020
536
737
-705
125
435
-250
-361
232
77
-377
88
81
221
-143
-84
268
79
-254
174
-86
-271
351
-112
-131
22
303
-88
-117
149
245
-329
-168
91
164
-167
-88
341
848
-442
-1561
1651
472
-2020
-139
1923
-744
-1436
1791
269
-1380
670
738
-915
-141
779
-39
-834
212
593
-604
-27
294
-12
-2
-57
115
-113
-38
16
133
-123
-241
203
165
-112
-108
275
-56
-111
-199
232
-8
-115
423
-51
-84
-311
-165
112
-250
383
-176
73
229
-266
88
156
-143
69
-66
92
-15
-39
-121
120
58
-30
-70
180
23
-117
36
274
-302
-207
342
-5
-189
-63
257
-51
-31
73
-95
-163
186
56
-318
133
482
637
-1734
340
1586
-1202
-1587
1315
1261
-2211
246
1865
-1384
-723
1610
-85
-1365
877
534
-908
74
512
-277
-508
573
210
-420
-76
475
-242
-211
120
156
-53
-41
34
-151
307
-112
-85
95
52
-162
217
523
-377
-556
219
426
-412
-584
701
-7
-414
197
134
-262
96
276
-223
-258
344
73
-241
42
161
-116
-48
120
-50
115
-71
65
-43
-114
-20
63
-31
-124
207
41
-147
47
281
-251
-145
-23
301
-221
-262
335
259
682
-1387
-101
1522
-301
-1499
50
1713
-1054
-966
1306
58
-919
518
703
-893
-347
979
-89
-677
376
427
-561
13
269
-35
-268
61
286
-204
-274
285
272
-387
-11
186
207
-268
-85
225
14
-230
-31
226
93
281
-311
-155
598
-361
-603
-167
863
-311
-687
956
153
-627
166
252
-104
-215
96
180
-70
-129
236
-9
-313
360
-5
-133
-103
274
-64
-130
77
77
-202
-52
252
48
-234
-72
261
-70
-211
89
149
-195
73
70
-57
394
1131
-2482
422
2072
-990
-2219
744
2397
-1903
-889
2062
-376
-1224
922
779
-1226
-302
1373
-509
-1000
676
580
-670
-340
882
-118
-477
130
308
-322
-189
392
-203
98
54
-223
102
260
-213
11
-40
48
-80
-96
138
189
193
-449
267
133
-482
-425
35
702
-693
-179
646
-14
-336
94
299
-94
-259
75
1
171
-146
-83
181
116
-141
16
139
-118
79
17
-139
-89
238
-227
77
164
10
-66
-14
-15
138
-201
-193
141
292
-63
634
-667
-729
1572
-380
-1328
358
1402
-1288
-609
1522
-381
-946
955
351
-1001
-108
1090
-498
-718
738
247
-456
-19
381
-95
-81
-67
218
-328
-46
351
-148
-152
64
232
-78
-95
-28
248
-72
-241
-55
748
581
-805
-604
-14
22
-227
-279
1212
-647
-655
995
20
-606
296
193
-349
-149
277
13
-290
410
-15
-301
183
172
-99
-7
4
158
-95
-175
215
-32
-188
205
201
-301
-159
469
-201
-188
41
171
-77
-184
186
59
613
-472
-432
599
244
-806
-437
918
-323
-703
492
316
-349
-146
539
-86
-403
462
-61
-318
135
63
41
-194
273
16
-154
71
364
-382
-124
252
122
-395
11
265
19
-78
-42
89
1
54
-43
-177
511
752
-791
-1142
880
-13
-761
-163
1459
-577
-967
1084
55
-708
267
246
-167
-273
476
-218
-239
292
123
-171
-187
462
-15
-383
81
412
-361
-287
399
-38
-2
98
-91
-116
326
-103
-112
-88
114
-30
-22
-45
251
452
-313
-1136
1449
514
-1855
-327
1760
-534
-1623
1305
701
-1485
343
1080
-678
-583
918
203
-988
109
250
-212
-182
315
218
-203
-72
354
-280
-151
221
51
-308
214
-56
57
149
-124
23
-69
186
-250
-162
225
329
408
-899
166
589
-454
-727
-256
1246
-531
-747
906
103
-436
69
335
-287
-143
334
-26
-313
84
232
-222
-70
45
205
-139
-40
200
-7
-360
237
223
-301
-86
87
255
-149
-69
107
183
-196
27
-106
93
269
1068
-691
-1231
805
214
-1246
44
1682
-1176
-895
1726
-496
-1066
900
897
-1016
-323
989
188
-1175
372
492
-558
31
221
6
-247
213
97
-45
-204
-134
404
-296
-8
-41
207
-29
-68
38
288
-124
-192
147
44
398
271
-913
329
489
-283
-607
-391
904
243
-941
143
744
-545
7
262
170
-337
19
57
-42
27
-154
25
43
16
-35
62
-22
-10
133
-86
-29
-37
3
330
-107
-238
142
202
7
-61
-185
120
248
-224
-187
76
264
4
-189
-93
1239
-51
-2051
711
940
-767
-1097
611
1804
-1199
-1293
1506
515
-1249
-355
1465
-2
-1114
143
794
51
-594
-159
459
26
-472
98
304
-163
-132
250
28
-25
64
-37
-172
309
-167
-51
51
155
-31
-154
195
57
-271
38
485
-154
-278
249
-174
-138
-637
405
294
-436
125
161
-103
-2
99
-32
-329
432
49
-471
124
430
-244
-398
548
59
-306
101
164
-104
-45
-53
73
-76
98
-16
-63
31
291
-155
-348
124
407
-174
-124
519
143
-2021
868
2452
-2317
-1982
2754
720
-2798
840
1993
-1875
-451
1920
-615
-1480
984
1018
-1121
-477
1036
-71
-535
93
252
137
-302
193
-130
82
190
-126
-251
159
278
-360
