-302
248
164
-187
-20
56
-69
-14
56
-430
606
302
-993
462
665
-457
-261
282
247
-82
-238
43
153
69
-310
135
296
-339
442
-174
-310
610
-82
-506
344
338
-393
-247
407
-164
-48
216
-419
330
403
-348
-92
144
178
-111
-341
124
348
27
-706
566
454
-940
206
561
-288
-45
102
59
-78
213
-166
28
232
-190
227
-491
176
293
-596
409
78
-245
175
11
-238
374
-367
-34
628
-725
379
100
-177
-67
-29
182
-292
-48
378
-331
-48
434
-682
567
185
-504
161
319
-291
-248
369
169
-401
110
29
235
-42
-521
540
157
-351
135
11
69
114
-147
-60
372
64
-656
499
233
-678
259
330
-228
85
-87
108
-60
28
9
-8
2
-41
451
-396
-367
927
-271
-644
534
114
-226
-110
314
16
-53
-15
-168
366
-47
-399
426
16
-129
146
-208
99
297
-182
-154
299
134
-461
330
159
-528
531
33
-219
-53
114
-64
-193
245
-39
21
-190
487
-363
-339
793
-528
-141
404
-253
26
167
-318
261
43
-369
359
-286
139
-64
17
221
-358
112
116
-235
34
110
-359
637
-659
-167
720
-395
-178
258
203
-275
-67
133
86
-420
325
82
-394
520
-393
1
228
-475
78
386
-431
25
272
-341
222
-298
187
208
-351
292
-123
21
-103
-40
233
-30
-446
590
15
-705
739
-157
-198
123
205
-106
79
66
153
-86
32
116
-400
665
-327
-172
500
-179
-285
380
-37
-289
307
-346
581
-317
-468
688
-102
-259
4
389
22
-452
314
417
-672
107
529
-576
494
-165
-123
363
-297
-235
416
-97
-235
105
111
152
-644
361
448
-575
246
80
-59
-11
-182
53
356
-618
288
395
-581
242
163
-27
-258
117
107
-106
-139
262
-96
-155
467
-702
449
317
-742
467
212
-489
85
354
-400
164
-89
215
-152
-245
493
-461
185
-95
-50
472
-263
-179
483
-238
-297
526
-463
259
21
-134
88
23
-270
22
212
-218
-127
-21
612
-966
35
776
-561
-176
439
-33
-182
12
-67
363
-429
-23
367
-371
130
-49
100
46
-418
281
57
-443
243
81
-354
481
-509
-19
556
-470
5
247
15
-373
192
157
-152
-396
585
-78
-638
847
-385
-251
241
-207
31
215
-198
120
95
-279
232
-346
295
-61
-56
205
-204
34
31
-42
74
165
-368
541
-101
-656
885
-311
-359
379
98
-153
1
107
159
-266
116
290
-483
547
-267
-77
485
-418
-94
485
-280
-206
329
-245
282
-355
-17
389
-217
-11
42
313
-87
-199
161
324
-703
307
490
-780
559
98
-332
116
-35
-149
203
-108
-53
119
-84
119
-435
374
218
-593
645
-157
-304
285
-69
-118
356
-355
118
359
-550
346
40
-110
-89
144
90
-214
48
349
-240
-75
508
-724
415
184
-451
268
221
-394
68
277
-346
180
-191
514
-461
-186
559
-408
78
-32
18
320
-262
-134
538
-271
-454
740
-420
62
41
15
84
-264
36
76
5
-11
-88
-136
614
-838
-44
957
-693
-93
400
-71
-237
46
64
195
-408
131
259
-395
245
-96
158
-53
-351
267
134
-509
205
195
-406
428
-432
-95
556
-508
71
318
-218
-171
269
-62
-118
-139
652
-636
-130
766
-601
231
54
-158
318
-83
-275
333
-105
-196
197
-3
277
-401
155
129
-319
72
126
72
14
-102
-107
646
-915
200
744
-492
-152
266
96
-312
13
229
234
-539
560
-162
-291
440
-469
307
163
-415
297
291
-638
364
92
-250
231
-296
355
-113
-149
220
-140
54
-99
-69
249
-228
-379
865
-575
-440
828
-298
-231
158
117
-6
-151
-105
233
-294
131
-7
-263
706
-616
-35
398
-416
-171
344
-112
-143
125
-235
360
-472
-45
485
-308
-5
-14
111
-73
-286
232
256
-662
540
-118
-404
566
-402
60
253
-115
-75
324
-65
-35
-89
308
-40
-497
753
-226
-342
374
-131
-76
82
-107
40
134
-518
627
-141
-471
458
57
-131
-192
350
89
-277
18
369
-488
228
210
-609
926
-384
-390
576
-155
-440
321
79
-192
11
68
204
-477
133
321
-222
163
-177
27
240
-367
-103
626
-524
131
283
-402
337
-141
-61
133
20
-120
30
157
44
-290
158
490
-946
576
327
-584
289
106
-118
58
-25
-90
295
-329
171
-58
-26
132
-414
479
-182
-233
466
-53
-246
380
-207
-155
509
-681
437
192
-398
78
137
-74
-274
220
161
-247
-217
649
-657
-109
542
-368
96
86
-112
66
110
-400
493
-204
-86
167
-255
356
-347
17
153
-229
58
-99
-100
340
-327
-230
785
-806
73
558
-437
-22
122
-58
-56
-31
-6
78
-180
306
-359
-35
563
-734
89
407
-388
-112
417
-32
-115
-8
-19
302
-614
337
269
-260
-38
-40
274
-282
-218
380
127
-664
744
-226
-498
589
-311
-18
210
-98
-7
256
-247
84
-31
138
-6
-427
846
-461
-237
598
-349
-121
253
-243
157
0
-389
606
-340
-300
516
-68
-82
-138
275
126
-354
16
376
-455
332
-4
-365
744
-435
-226
418
-42
-476
303
283
-232
-111
186
297
-748
451
259
-435
342
-185
32
266
-428
85
554
-615
175
340
-367
205
-134
63
58
3
51
112
45
61
-267
365
211
-878
847
162
-787
434
215
-350
-61
241
-52
-35
-263
500
-336
-186
347
-206
248
-282
35
410
-299
-351
652
-402
-125
452
-612
612
-230
-258
206
49
-306
-61
261
-102
-268
99
437
-845
291
494
-617
193
78
-261
154
-118
-234
431
-321
40
88
-85
174
-404
272
47
-225
232
33
-131
220
-293
8
496
-756
434
356
-516
1
207
12
-287
49
213
-166
-361
675
-534
-32
441
-352
268
8
-288
332
112
-531
457
-50
-189
213
-206
480
-401
22
245
-269
104
-180
14
387
-409
-157
767
-759
-105
633
-265
-157
137
63
-106
-44
-89
301
-240
326
-259
-70
585
-733
216
351
-319
-10
357
-170
104
-96
-124
525
-603
244
257
-118
-166
-25
362
-201
-339
459
15
-645
755
-455
-178
567
-458
131
201
-327
101
235
-315
141
-17
143
-116
-235
671
-512
-63
366
-415
101
7
-243
387
-140
-378
533
-401
-160
368
-131
-27
-134
140
-80
-174
34
199
-409
557
-417
-331
788
-541
-198
410
14
-264
162
42
140
-386
136
413
-636
509
-167
11
40
-402
344
211
-569
303
264
-624
467
-270
15
316
-350
219
37
-185
-2
119
52
-19
-192
580
-294
-478
1003
-469
-235
436
-111
-3
75
-120
315
-113
-163
330
-302
291
-138
-32
471
-493
65
329
-297
37
39
-139
451
-644
-55
669
-458
-161
239
249
-357
-153
324
84
-690
615
82
-613
580
-332
-12
105
-307
179
326
-478
253
128
-254
131
-423
676
-326
-217
459
-297
-17
25
-98
207
-118
-368
751
-557
-374
844
-318
-132
141
37
14
-160
-8
322
-275
176
42
-213
616
-754
147
588
-569
-34
479
-287
45
-15
35
374
-651
442
228
-340
47
-46
392
-294
-199
431
-47
-622
824
-347
-375
609
-219
-35
76
-115
132
84
-321
196
-223
336
-270
-284
926
-675
-149
459
-253
-159
149
-65
270
-254
-252
634
-580
-51
414
-79
-57
-222
269
22
-436
267
211
-535
591
-423
-220
694
-775
193
538
-510
-22
373
-261
-25
-21
241
73
-514
837
-492
-118
347
-431
349
-107
-348
439
-26
-491
602
-365
33
184
-83
128
-179
56
34
32
-69
49
-213
678
-794
-147
1079
-648
-221
515
43
-282
3
194
233
-597
326
257
-519
396
-102
87
31
-363
310
127
-490
340
103
-346
376
-428
130
236
-419
237
86
-217
-25
32
84
-133
-275
734
-670
-207
856
-686
88
269
-297
308
-100
-311
365
-114
-172
226
-69
324
-532
271
242
-556
223
89
-161
173
-91
-196
578
-744
137
584
-407
-77
115
200
-283
-97
270
140
-518
686
-421
-215
621
-434
191
136
-206
103
185
-295
258
-189
176
66
-338
483
-191
-129
69
-52
130
-166
-116
436
-234
-451
834
-572
-149
477
-213
18
-98
-42
231
-208
-91
270
-181
260
-451
59
523
-786
284
387
-442
116
181
-232
141
-126
-100
394
-487
327
-32
-58
49
-262
310
-204
-301
484
-112
-410
663
-616
146
345
-479
293
55
-264
0
207
-205
61
-153
646
-590
-201
871
-615
-7
245
-21
121
-56
-69
418
-364
-205
573
-360
137
-5
85
-8
-362
264
113
-266
121
-4
-185
573
-823
323
513
-636
149
290
-249
-175
263
-50
112
-330
437
-146
-353
507
-460
212
85
-309
441
-51
-520
542
-35
-417
445
-415
350
-43
-312
393
-195
-198
151
35
64
-345
10
754
-1132
297
698
-745
148
152
-50
-6
-110
89
215
-284
231
-151
-36
305
-477
351
58
-335
332
139
-209
205
-177
142
269
-722
640
192
-537
127
201
-65
-319
197
342
-355
-272
890
-732
-62
462
-344
240
-166
-95
273
-59
-444
609
-193
36
-108
-110
471
-593
151
235
-289
183
-52
-79
345
-539
70
730
-1061
533
246
-454
94
-38
-26
10
-140
189
-95
-153
349
-539
342
261
-609
474
-17
-503
292
150
-302
159
-78
261
-222
-315
597
-188
-181
106
152
102
-395
300
524
-692
46
717
-709
195
330
-233
79
-30
-40
66
-39
-147
167
-119
387
-707
310
453
-669
389
53
-167
144
-42
-156
446
-457
152
433
-639
386
-76
-36
-45
-59
260
-198
-162
492
-300
-203
501
-750
612
35
-570
489
-41
-481
297
157
-262
-11
78
284
-660
144
469
-493
271
-43
-195
268
-216
-191
541
-469
61
318
-413
307
-144
-122
195
-44
32
-70
90
215
-401
107
602
-907
445
398
-534
194
48
-41
-58
-5
82
20
-330
470
-334
6
271
-286
439
-370
-151
496
-241
-314
617
-391
100
239
-567
701
-295
-212
269
75
-203
-123
243
170
-510
200
529
-993
553
213
-495
376
-134
-283
384
-170
-265
397
-216
87
-333
179
211
-562
476
4
-319
235
-71
-106
301
-580
413
261
-817
640
47
-473
49
219
108
-385
154
319
-355
-100
506
-615
458
56
-401
491
-154
-374
454
53
-371
247
-40
278
-542
71
555
-458
170
-10
81
133
-399
175
555
-778
220
650
-809
340
99
-137
95
-88
-13
102
-158
30
66
67
120
-660
931
-364
-573
852
-325
-402
421
-110
-19
-84
-151
565
-407
-346
486
-185
-17
-109
-262
437
32
-454
-18
532
-446
-268
631
-479
-106
613
-408
-283
317
18
-485
89
255
-47
-172
-315
376
378
-1054
90
858
-435
-371
365
-49
-138
69
-207
-22
518
-473
-290
599
-245
-310
242
-50
167
-86
-369
259
192
-342
-119
519
-421
4
528
-801
-63
884
